1 0.532031 0.039062 0.085938 0.065625
1 0.640625 0.012500 0.084375 0.025000
3 0.612500 0.123438 0.137500 0.121875
2 0.592969 0.235156 0.167187 0.160938
1 0.421094 0.275000 0.135937 0.125000
1 0.335156 0.222656 0.142187 0.142187
3 0.328125 0.053906 0.100000 0.104688
3 0.441406 0.107813 0.154688 0.215625
1 0.002344 0.305469 0.004687 0.023438
1 0.042188 0.343750 0.084375 0.115625
1 0.005469 0.289844 0.010937 0.007812
1 0.002344 0.247656 0.004687 0.010937
2 0.055469 0.214062 0.067187 0.037500
1 0.992969 0.828906 0.014063 0.014063
1 0.996094 0.792188 0.007812 0.031250
1 0.999219 0.768750 0.001563 0.006250
1 0.982031 0.735156 0.035937 0.054688
2 0.779687 0.955469 0.131250 0.089063
1 0.900781 0.915625 0.123438 0.121875
1 0.915625 0.837500 0.168750 0.196875
4 0.685937 0.000781 0.009375 0.001563
3 0.748437 0.077344 0.165625 0.154688
1 0.992969 0.995313 0.014063 0.009375
2 0.692969 0.998437 0.014063 0.003125
3 0.711719 0.838281 0.104688 0.098437
2 0.949219 0.242188 0.101562 0.175000
2 0.925000 0.135156 0.125000 0.139063
2 0.688281 0.250781 0.085938 0.114062
1 0.924219 0.321875 0.054688 0.096875
1 0.841406 0.470313 0.120313 0.109375
2 0.959375 0.360156 0.081250 0.117188
2 0.954688 0.613281 0.090625 0.182812
1 0.635156 0.423438 0.079687 0.109375
1 0.691406 0.489844 0.070312 0.085938
2 0.875000 0.680469 0.131250 0.098437
3 0.775781 0.754687 0.082812 0.093750
6 0.632031 0.879687 0.060937 0.078125
2 0.647656 0.967187 0.126562 0.065625
4 0.700000 0.918750 0.087500 0.071875
2 0.546875 0.997656 0.009375 0.004687
3 0.476562 0.970313 0.065625 0.059375
1 0.507031 0.897656 0.076563 0.085938
1 0.540625 0.845313 0.065625 0.078125
2 0.608594 0.800781 0.123438 0.101562
1 0.656250 0.652344 0.056250 0.079687
1 0.585156 0.636719 0.067187 0.089063
3 0.710156 0.660156 0.067187 0.064062
1 0.650781 0.539844 0.154688 0.123438
1 0.530469 0.561719 0.076563 0.085938
1 0.459375 0.506250 0.106250 0.093750
2 0.485938 0.430469 0.165625 0.154688
2 0.490625 0.328125 0.109375 0.087500
3 0.407813 0.364063 0.075000 0.065625
1 0.395313 0.455469 0.109375 0.157812
1 0.300781 0.567969 0.132812 0.192188
1 0.200781 0.502344 0.110937 0.114062
1 0.120313 0.456250 0.134375 0.115625
2 0.164062 0.646875 0.168750 0.184375
2 0.078906 0.499219 0.157812 0.192188
2 0.003906 0.627344 0.007812 0.023438
2 0.054688 0.628125 0.081250 0.103125
1 0.036719 0.750781 0.073438 0.082812
2 0.046875 0.696094 0.093750 0.082812
2 0.853125 0.599219 0.140625 0.114062
2 0.925000 0.534375 0.134375 0.118750
3 0.849219 0.712500 0.123438 0.081250
