7 0.215625 0.971875 0.068750 0.056250
7 0.046094 0.961719 0.082812 0.076563
2 0.014844 0.745313 0.029687 0.103125
2 0.078125 0.601562 0.121875 0.146875
2 0.014063 0.968750 0.028125 0.062500
7 0.019531 0.503125 0.039062 0.081250
2 0.183594 0.246875 0.310937 0.321875
2 0.246094 0.111719 0.129688 0.173437
1 0.350781 0.128906 0.110937 0.142187
1 0.366406 0.407813 0.242188 0.231250
1 0.560156 0.407031 0.214062 0.248438
7 0.152344 0.461719 0.064062 0.079687
7 0.553125 0.808594 0.050000 0.064062
7 0.497656 0.775000 0.048438 0.050000
7 0.510938 0.839844 0.031250 0.035937
7 0.521094 0.654687 0.073438 0.090625
7 0.452344 0.641406 0.098437 0.095312
7 0.498437 0.700781 0.046875 0.042188
7 0.701562 0.639062 0.068750 0.081250
7 0.708594 0.586719 0.042188 0.042188
1 0.745313 0.468750 0.121875 0.143750
2 0.842187 0.571875 0.037500 0.037500
2 0.882812 0.555469 0.056250 0.048438
2 0.891406 0.466406 0.057813 0.054688
7 0.964063 0.629687 0.071875 0.065625
7 0.980469 0.159375 0.039062 0.112500
2 0.992969 0.303125 0.014063 0.037500
2 0.994531 0.237500 0.010937 0.046875
2 0.942187 0.343750 0.056250 0.043750
2 0.771875 0.307812 0.078125 0.078125
2 0.371094 0.223438 0.101562 0.084375
2 0.864844 0.183594 0.070312 0.054688
2 0.463281 0.104688 0.101562 0.128125
2 0.523438 0.139844 0.062500 0.095312
2 0.559375 0.163281 0.059375 0.070312
1 0.458594 0.214844 0.129688 0.148438
1 0.503125 0.034375 0.134375 0.068750
2 0.828906 0.157031 0.051562 0.054688
2 0.751563 0.196094 0.075000 0.064062
2 0.936719 0.094531 0.067187 0.070312
2 0.889844 0.154688 0.082812 0.056250
2 0.853125 0.108594 0.084375 0.067187
1 0.963281 0.025000 0.073438 0.050000
2 0.839844 0.018750 0.064062 0.037500
2 0.849219 0.064844 0.032813 0.051562
2 0.833594 0.075000 0.048438 0.075000
2 0.157812 0.078125 0.043750 0.053125
2 0.111719 0.042188 0.173437 0.084375
2 0.083594 0.102344 0.054688 0.064062
2 0.024219 0.032031 0.048438 0.064062
2 0.019531 0.185156 0.039062 0.170313
2 0.081250 0.355469 0.137500 0.120313
2 0.041406 0.389062 0.082812 0.059375
2 0.000781 0.324219 0.001563 0.014063
