1 0.177344 0.883594 0.239063 0.232813
1 0.347656 0.844531 0.142187 0.185938
1 0.917188 0.521094 0.165625 0.176563
2 0.497656 0.571094 0.110937 0.145313
1 0.639062 0.362500 0.318750 0.228125
2 0.947656 0.735156 0.104688 0.126562
1 0.878906 0.080469 0.117188 0.129688
4 0.985156 0.286719 0.029687 0.045312
1 0.975000 0.893750 0.050000 0.100000
1 0.976562 0.955469 0.046875 0.089063
3 0.978906 0.065625 0.042188 0.100000
1 0.895312 0.010937 0.034375 0.021875
1 0.050781 0.924219 0.101562 0.151562
2 0.021875 0.806250 0.043750 0.106250
2 0.003125 0.732812 0.006250 0.012500
1 0.075781 0.777344 0.092188 0.104688
1 0.080469 0.617969 0.160938 0.276562
1 0.074219 0.456250 0.148438 0.150000
1 0.318750 0.646875 0.137500 0.215625
1 0.350781 0.562500 0.179688 0.121875
1 0.425781 0.500000 0.114062 0.131250
1 0.021094 0.367969 0.042188 0.129688
1 0.113281 0.329688 0.195312 0.181250
1 0.210156 0.292969 0.176563 0.176563
1 0.233594 0.141406 0.207813 0.248438
1 0.552344 0.225000 0.170313 0.153125
1 0.760938 0.258594 0.121875 0.101562
1 0.915625 0.175000 0.093750 0.109375
6 0.258594 0.439063 0.176563 0.143750
6 0.339844 0.385156 0.101562 0.085938
6 0.364063 0.069531 0.081250 0.073438
6 0.523438 0.086719 0.121875 0.104688
1 0.694531 0.200781 0.167187 0.157812
1 0.696875 0.005469 0.065625 0.010937
2 0.978906 0.164844 0.042188 0.045312
4 0.010937 0.255469 0.021875 0.051562
1 0.063281 0.167969 0.126562 0.145313
1 0.200781 0.045312 0.107813 0.090625
1 0.129688 0.024219 0.084375 0.048438
2 0.134375 0.986719 0.109375 0.026562
4 0.972656 0.332813 0.054688 0.071875
4 0.938281 0.311719 0.060937 0.064062
6 0.943750 0.411719 0.109375 0.082812
