1 0.937500 0.339844 0.125000 0.151562
1 0.979688 0.479687 0.040625 0.143750
1 0.939844 0.855469 0.120313 0.164062
1 0.946875 0.711719 0.106250 0.214062
1 0.807031 0.742188 0.217188 0.165625
1 0.913281 0.625781 0.160938 0.135937
1 0.744531 0.621094 0.189062 0.189062
1 0.809375 0.897656 0.181250 0.189062
2 0.698438 0.886719 0.100000 0.104688
2 0.630469 0.811719 0.192188 0.132812
1 0.511719 0.542969 0.320312 0.235937
2 0.517969 0.383594 0.292187 0.179688
1 0.594531 0.932031 0.179688 0.135937
2 0.469531 0.820312 0.139063 0.109375
2 0.467969 0.758594 0.114062 0.123438
4 0.885156 0.462500 0.145313 0.137500
1 0.210156 0.414062 0.189062 0.203125
1 0.125000 0.196875 0.228125 0.271875
2 0.467187 0.201563 0.200000 0.212500
1 0.688281 0.280469 0.298438 0.167187
2 0.301563 0.181250 0.206250 0.121875
2 0.285156 0.072656 0.204687 0.145313
1 0.060937 0.065625 0.121875 0.131250
6 0.295312 0.326562 0.068750 0.071875
2 0.758594 0.985156 0.064062 0.029687
