7 0.184375 0.992969 0.021875 0.014063
2 0.099219 0.993750 0.057813 0.012500
1 0.034375 0.914062 0.068750 0.171875
1 0.074219 0.896094 0.132812 0.170313
2 0.557031 0.982812 0.057813 0.034375
2 0.366406 0.725000 0.132812 0.093750
2 0.296875 0.774219 0.075000 0.089063
2 0.397656 0.682031 0.092188 0.073438
2 0.216406 0.785156 0.132812 0.129688
1 0.168750 0.757812 0.150000 0.109375
2 0.065625 0.742188 0.093750 0.150000
2 0.005469 0.823438 0.010937 0.018750
2 0.376563 0.621875 0.065625 0.078125
6 0.357031 0.778125 0.076563 0.062500
2 0.150781 0.682031 0.107813 0.104688
2 0.145313 0.593750 0.178125 0.131250
1 0.035156 0.711719 0.070312 0.223438
2 0.057813 0.401562 0.093750 0.096875
2 0.035156 0.185938 0.070312 0.187500
2 0.103906 0.141406 0.189062 0.160938
6 0.364063 0.100000 0.121875 0.118750
2 0.436719 0.164844 0.132812 0.085938
2 0.223438 0.084375 0.100000 0.112500
2 0.550000 0.335156 0.200000 0.157812
2 0.586719 0.497656 0.110937 0.123438
2 0.497656 0.503906 0.082812 0.089063
1 0.314844 0.326562 0.185938 0.131250
1 0.294531 0.873437 0.167187 0.131250
7 0.688281 0.927344 0.057813 0.070312
7 0.645312 0.957812 0.075000 0.068750
2 0.224219 0.457031 0.117188 0.120313
2 0.189062 0.501563 0.100000 0.081250
2 0.257812 0.579688 0.103125 0.118750
2 0.317969 0.606250 0.101562 0.081250
2 0.017969 0.409375 0.035937 0.068750
6 0.028125 0.373437 0.046875 0.040625
2 0.491406 0.091406 0.185938 0.182812
2 0.363281 0.029687 0.104688 0.059375
2 0.421094 0.003125 0.020313 0.006250
2 0.457813 0.012500 0.096875 0.025000
2 0.123438 0.016406 0.056250 0.032813
7 0.604688 0.149219 0.153125 0.148438
1 0.124219 0.427344 0.117188 0.157812
1 0.292969 0.508594 0.129688 0.114062
7 0.703125 0.419531 0.059375 0.067187
