1 0.083594 0.242969 0.167187 0.267188
1 0.556250 0.245312 0.162500 0.175000
1 0.645312 0.302344 0.140625 0.164062
1 0.716406 0.628125 0.135937 0.140625
1 0.845313 0.702344 0.106250 0.114062
1 0.950000 0.677344 0.096875 0.110937
1 0.615625 0.013281 0.096875 0.026562
1 0.526563 0.056250 0.156250 0.112500
1 0.603906 0.703906 0.148438 0.142187
1 0.735156 0.787500 0.182812 0.190625
1 0.700781 0.063281 0.220312 0.126562
1 0.992969 0.727344 0.014063 0.029687
1 0.944531 0.799219 0.110937 0.129688
2 0.590625 0.821094 0.121875 0.107813
3 0.108594 0.752344 0.164062 0.107813
1 0.869531 0.992188 0.014063 0.015625
1 0.934375 0.970313 0.131250 0.059375
6 0.667969 0.917188 0.035937 0.046875
6 0.428125 0.837500 0.046875 0.021875
2 0.458594 0.152344 0.185938 0.185938
2 0.402344 0.047656 0.154688 0.095312
3 0.257031 0.905469 0.129688 0.142187
3 0.211719 0.821875 0.120313 0.103125
1 0.070312 0.470313 0.140625 0.156250
1 0.067969 0.551562 0.135937 0.184375
2 0.090625 0.650781 0.181250 0.135937
3 0.122656 0.846094 0.123438 0.114062
1 0.089063 0.916406 0.178125 0.167187
1 0.219531 0.969531 0.145313 0.060937
2 0.340625 0.960156 0.134375 0.079687
1 0.006250 0.975781 0.012500 0.048438
1 0.975000 0.923438 0.050000 0.109375
1 0.935156 0.889062 0.089063 0.137500
2 0.366406 0.876563 0.117188 0.106250
2 0.313281 0.798438 0.195312 0.200000
2 0.839063 0.963281 0.106250 0.073438
2 0.491406 0.831250 0.092188 0.071875
3 0.751563 0.969531 0.137500 0.060937
1 0.516406 0.917969 0.170313 0.164062
1 0.396094 0.727344 0.170313 0.164062
1 0.498437 0.764062 0.090625 0.090625
1 0.488281 0.675000 0.079687 0.075000
1 0.235156 0.530469 0.132812 0.104688
1 0.262500 0.606250 0.156250 0.128125
