2 0.848437 0.996094 0.028125 0.007812
1 0.987500 0.958594 0.025000 0.082812
1 0.915625 0.921875 0.168750 0.156250
2 0.932031 0.325000 0.135937 0.106250
2 0.988281 0.874219 0.023438 0.042188
2 0.945312 0.786719 0.109375 0.170313
2 0.600781 0.971875 0.120313 0.056250
2 0.497656 0.960938 0.132812 0.078125
2 0.389062 0.932031 0.209375 0.135937
1 0.246875 0.950781 0.150000 0.098437
2 0.061719 0.924219 0.123438 0.151562
2 0.096875 0.771875 0.181250 0.159375
1 0.653906 0.940625 0.151562 0.118750
1 0.753906 0.872656 0.167187 0.170313
3 0.503906 0.727344 0.101562 0.120313
3 0.522656 0.619531 0.076563 0.089063
1 0.592187 0.702344 0.125000 0.157812
1 0.673438 0.725781 0.181250 0.214062
2 0.770312 0.682031 0.203125 0.239063
2 0.904687 0.656250 0.190625 0.271875
2 0.882031 0.000781 0.014063 0.001563
1 0.917969 0.067969 0.151562 0.135937
1 0.964063 0.232031 0.071875 0.160938
1 0.952344 0.142969 0.079687 0.064062
1 0.862500 0.221094 0.156250 0.226562
1 0.928125 0.470313 0.143750 0.228125
1 0.655469 0.570312 0.204687 0.209375
1 0.599219 0.444531 0.160938 0.176563
1 0.754687 0.354687 0.212500 0.243750
1 0.657031 0.244531 0.114062 0.145313
4 0.830469 0.045312 0.110937 0.090625
2 0.739062 0.027344 0.118750 0.054688
2 0.757812 0.089063 0.081250 0.078125
3 0.685937 0.036719 0.078125 0.070312
3 0.618750 0.017188 0.103125 0.034375
2 0.598437 0.092969 0.165625 0.185938
3 0.678906 0.092188 0.098437 0.087500
2 0.782813 0.105469 0.081250 0.123438
3 0.693750 0.170313 0.075000 0.056250
2 0.074219 0.584375 0.148438 0.253125
2 0.272656 0.620313 0.185938 0.175000
1 0.350000 0.545312 0.168750 0.178125
1 0.485156 0.514062 0.148438 0.175000
1 0.428906 0.428125 0.195312 0.125000
1 0.471094 0.316406 0.132812 0.173437
1 0.332813 0.214844 0.168750 0.148438
1 0.323437 0.078125 0.146875 0.140625
1 0.454688 0.164062 0.225000 0.225000
1 0.489844 0.055469 0.114062 0.057813
3 0.586719 0.231250 0.054688 0.062500
2 0.675000 0.003906 0.018750 0.007812
2 0.661719 0.000000 0.001563 0.000000
2 0.353906 0.355469 0.107813 0.079687
2 0.176563 0.335938 0.256250 0.165625
1 0.198437 0.250781 0.137500 0.145313
1 0.243750 0.148438 0.081250 0.084375
2 0.570312 0.268750 0.087500 0.125000
1 0.168750 0.130469 0.184375 0.260937
2 0.087500 0.017188 0.056250 0.034375
2 0.002344 0.392188 0.004687 0.012500
2 0.001563 0.350781 0.003125 0.014063
1 0.025781 0.257812 0.051562 0.075000
1 0.021094 0.049219 0.042188 0.098437
2 0.103125 0.674219 0.103125 0.110937
1 0.867188 0.862500 0.087500 0.084375
