2 0.417969 0.989062 0.020313 0.021875
3 0.274219 0.994531 0.023438 0.010937
2 0.590625 0.999219 0.003125 0.001563
2 0.571875 0.975000 0.134375 0.050000
1 0.549219 0.944531 0.051562 0.064062
1 0.596875 0.933594 0.053125 0.060937
1 0.796875 0.967969 0.128125 0.064062
2 0.981250 0.932031 0.037500 0.107813
2 0.917969 0.890625 0.070312 0.109375
1 0.853125 0.907031 0.118750 0.095312
1 0.731250 0.884375 0.112500 0.109375
2 0.933594 0.745313 0.045312 0.062500
2 0.962500 0.663281 0.075000 0.076563
1 0.951562 0.614062 0.090625 0.087500
2 0.997656 0.005469 0.004687 0.010937
2 0.763281 0.026562 0.073438 0.053125
1 0.821875 0.035156 0.109375 0.070312
2 0.803906 0.204687 0.117188 0.103125
2 0.853906 0.292187 0.107813 0.106250
2 0.751563 0.263281 0.131250 0.135937
2 0.671094 0.215625 0.095312 0.084375
2 0.989062 0.470313 0.021875 0.037500
2 0.824219 0.513281 0.095312 0.110937
2 0.903906 0.516406 0.095312 0.101562
2 0.991406 0.553906 0.017188 0.039062
6 0.760938 0.495312 0.065625 0.065625
2 0.655469 0.627344 0.135937 0.198437
2 0.583594 0.602344 0.073438 0.042188
2 0.553125 0.682031 0.115625 0.164062
1 0.734375 0.625781 0.065625 0.110937
2 0.577344 0.417969 0.101562 0.089063
2 0.648438 0.374219 0.065625 0.092188
3 0.467969 0.623437 0.085938 0.087500
3 0.384375 0.584375 0.068750 0.084375
2 0.356250 0.653906 0.071875 0.082812
1 0.500000 0.736719 0.118750 0.164062
2 0.342969 0.749219 0.101562 0.095312
2 0.338281 0.838281 0.176563 0.132812
4 0.371875 0.927344 0.065625 0.067187
3 0.049219 0.827344 0.098437 0.092188
3 0.077344 0.949219 0.154688 0.089063
3 0.026562 0.884375 0.053125 0.078125
3 0.028125 0.776563 0.056250 0.084375
2 0.250000 0.689063 0.112500 0.112500
3 0.114062 0.892188 0.075000 0.078125
1 0.196094 0.546094 0.117188 0.098437
1 0.294531 0.428906 0.073438 0.101562
1 0.203125 0.455469 0.150000 0.110937
1 0.198437 0.376563 0.090625 0.093750
1 0.095312 0.385937 0.146875 0.118750
2 0.269531 0.320312 0.073438 0.096875
2 0.372656 0.417187 0.092188 0.084375
1 0.050781 0.693750 0.101562 0.103125
1 0.010937 0.646094 0.021875 0.051562
1 0.004687 0.587500 0.009375 0.021875
2 0.153906 0.631250 0.051562 0.062500
2 0.267969 0.596875 0.079687 0.062500
3 0.004687 0.540625 0.009375 0.034375
6 0.100000 0.978906 0.068750 0.042188
4 0.064844 0.991406 0.060937 0.017188
6 0.652344 0.173437 0.070312 0.059375
2 0.508594 0.114844 0.114062 0.089063
2 0.476562 0.055469 0.056250 0.076563
2 0.408594 0.276562 0.048438 0.050000
2 0.364063 0.289844 0.068750 0.073438
2 0.323437 0.275000 0.043750 0.056250
2 0.255469 0.239844 0.064062 0.042188
2 0.217969 0.269531 0.067187 0.054688
2 0.264062 0.275781 0.087500 0.064062
2 0.168750 0.250781 0.065625 0.057813
2 0.114062 0.209375 0.068750 0.071875
2 0.228906 0.052344 0.110937 0.104688
2 0.083594 0.080469 0.070312 0.064062
1 0.039062 0.057031 0.078125 0.114062
4 0.384375 0.506250 0.043750 0.040625
4 0.337500 0.479687 0.075000 0.065625
2 0.072656 0.017188 0.042188 0.034375
2 0.378125 0.009375 0.096875 0.018750
2 0.431250 0.057813 0.075000 0.093750
6 0.786719 0.736719 0.067187 0.057813
1 0.997656 0.665625 0.004687 0.015625
1 0.991406 0.603906 0.017188 0.064062
4 0.955469 0.460938 0.089063 0.081250
4 0.982031 0.826562 0.035937 0.034375
2 0.692969 0.411719 0.107813 0.092188
2 0.715625 0.352344 0.131250 0.101562
6 0.815625 0.403906 0.103125 0.104688
4 0.653906 0.278906 0.095312 0.064062
2 0.126562 0.322656 0.121875 0.073438
2 0.199219 0.310937 0.085938 0.078125
6 0.172656 0.112500 0.104688 0.096875
