1 0.960938 0.947656 0.078125 0.104688
2 0.939063 0.840625 0.121875 0.146875
2 0.940625 0.917188 0.075000 0.093750
2 0.475000 0.826562 0.165625 0.165625
1 0.353906 0.819531 0.248438 0.235937
2 0.284375 0.902344 0.121875 0.179688
2 0.135937 0.867188 0.175000 0.265625
6 0.371094 0.960938 0.114062 0.078125
1 0.050000 0.907813 0.100000 0.184375
1 0.049219 0.998437 0.017188 0.003125
1 0.041406 0.753906 0.082812 0.139063
1 0.010156 0.692187 0.020313 0.031250
1 0.263281 0.662500 0.210938 0.215625
1 0.078125 0.580469 0.156250 0.195312
1 0.021875 0.407813 0.043750 0.162500
2 0.060937 0.414844 0.112500 0.114062
2 0.135156 0.302344 0.179688 0.151562
2 0.029687 0.314844 0.059375 0.095312
3 0.432031 0.541406 0.076563 0.082812
2 0.552344 0.314063 0.264062 0.221875
2 0.638281 0.428125 0.114062 0.103125
2 0.708594 0.406250 0.082812 0.103125
2 0.761719 0.341406 0.114062 0.139063
1 0.827344 0.482031 0.173437 0.160938
2 0.694531 0.568750 0.085938 0.103125
1 0.867969 0.633594 0.170313 0.204687
2 0.946094 0.571094 0.073438 0.085938
1 0.987500 0.569531 0.025000 0.095312
1 0.092188 0.201563 0.184375 0.178125
1 0.097656 0.065625 0.195312 0.131250
1 0.244531 0.044531 0.145313 0.089063
1 0.376563 0.076563 0.112500 0.121875
1 0.425781 0.145313 0.182812 0.156250
1 0.717187 0.118750 0.150000 0.137500
1 0.743750 0.041406 0.181250 0.082812
1 0.585156 0.082812 0.217188 0.165625
1 0.379688 0.239063 0.125000 0.146875
2 0.265625 0.270313 0.165625 0.237500
6 0.253906 0.115625 0.095312 0.096875
1 0.575000 0.184375 0.165625 0.140625
2 0.928125 0.414062 0.143750 0.165625
1 0.935156 0.294531 0.129688 0.151562
2 0.996094 0.471875 0.007812 0.012500
1 0.923438 0.148438 0.153125 0.212500
6 0.739844 0.226562 0.082812 0.075000
1 0.908594 0.034375 0.182812 0.068750
2 0.583594 0.998437 0.010937 0.003125
