2 0.436719 0.424219 0.148438 0.110937
2 0.069531 0.407813 0.139063 0.168750
2 0.669531 0.053125 0.195312 0.106250
2 0.550781 0.001563 0.010937 0.003125
2 0.803125 0.050000 0.115625 0.100000
1 0.410156 0.046094 0.145313 0.092188
1 0.324219 0.000000 0.007812 0.000000
2 0.475781 0.035156 0.064062 0.070312
2 0.512500 0.051562 0.106250 0.103125
2 0.243750 0.193750 0.284375 0.262500
1 0.202344 0.385156 0.207813 0.173437
3 0.271094 0.502344 0.210938 0.123438
1 0.059375 0.300781 0.118750 0.117188
1 0.160938 0.128906 0.165625 0.182812
1 0.082812 0.064844 0.165625 0.129688
1 0.069531 0.214062 0.139063 0.103125
1 0.046094 0.128125 0.092188 0.146875
1 0.018750 0.242969 0.037500 0.070312
2 0.257812 0.036719 0.159375 0.073438
2 0.842187 0.332813 0.100000 0.153125
2 0.939063 0.385156 0.121875 0.129688
2 0.864062 0.511719 0.153125 0.248438
2 0.934375 0.539062 0.131250 0.212500
2 0.973437 0.025000 0.053125 0.050000
1 0.744531 0.464062 0.173437 0.203125
1 0.975781 0.092188 0.048438 0.087500
1 0.682813 0.175781 0.325000 0.276562
