1 0.718750 0.991406 0.040625 0.017188
1 0.814844 0.979688 0.107813 0.040625
2 0.683594 0.996094 0.032813 0.007812
1 0.317188 0.949219 0.134375 0.101562
1 0.027344 0.935937 0.054688 0.103125
2 0.114062 0.931250 0.150000 0.125000
1 0.005469 0.751563 0.010937 0.046875
1 0.009375 0.678125 0.018750 0.081250
3 0.052344 0.694531 0.098437 0.095312
1 0.080469 0.537500 0.160938 0.240625
2 0.339844 0.739844 0.179688 0.117188
2 0.146094 0.722656 0.232813 0.173437
1 0.385156 0.884375 0.207813 0.231250
1 0.635938 0.851562 0.275000 0.296875
2 0.500000 0.733594 0.218750 0.198437
2 0.030469 0.410156 0.060937 0.082812
2 0.277344 0.263281 0.154688 0.139063
1 0.505469 0.599219 0.148438 0.110937
2 0.881250 0.172656 0.162500 0.101562
3 0.969531 0.157812 0.060937 0.071875
2 0.672656 0.135937 0.135937 0.134375
2 0.810937 0.332031 0.134375 0.098437
2 0.785937 0.002344 0.031250 0.004687
2 0.715625 0.006250 0.050000 0.012500
1 0.000781 0.127344 0.001563 0.026562
1 0.003125 0.067187 0.006250 0.025000
1 0.067969 0.007031 0.032813 0.014063
1 0.029687 0.039062 0.059375 0.078125
1 0.332031 0.073438 0.326562 0.146875
2 0.571094 0.004687 0.023438 0.009375
2 0.495312 0.928125 0.153125 0.143750
6 0.771875 0.842187 0.096875 0.065625
6 0.874219 0.924219 0.082812 0.117188
6 0.909375 0.883594 0.106250 0.060937
6 0.856250 0.771875 0.121875 0.068750
6 0.764844 0.771875 0.054688 0.075000
6 0.878906 0.811719 0.110937 0.054688
2 0.511719 0.400000 0.320312 0.343750
1 0.678125 0.442969 0.150000 0.245312
2 0.163281 0.396875 0.145313 0.150000
2 0.081250 0.292969 0.112500 0.092188
2 0.017969 0.288281 0.035937 0.082812
