2 0.839063 0.939844 0.103125 0.120313
2 0.787500 0.864062 0.150000 0.143750
2 0.609375 0.928125 0.109375 0.109375
2 0.677344 0.871094 0.107813 0.151562
2 0.938281 0.942969 0.123438 0.114062
1 0.988281 0.866406 0.023438 0.064062
2 0.589063 0.953906 0.112500 0.092188
1 0.534375 0.987500 0.046875 0.025000
2 0.966406 0.721094 0.067187 0.107813
2 0.971875 0.645312 0.056250 0.068750
3 0.980469 0.782031 0.039062 0.048438
1 0.827344 0.756250 0.154688 0.140625
2 0.898438 0.650781 0.109375 0.110937
2 0.711719 0.732031 0.145313 0.145313
2 0.821094 0.691406 0.120313 0.054688
1 0.572656 0.781250 0.176563 0.243750
1 0.966406 0.496875 0.067187 0.215625
1 0.929688 0.596094 0.115625 0.107813
1 0.770312 0.592969 0.225000 0.176563
1 0.746875 0.483594 0.153125 0.157812
1 0.866406 0.457813 0.139063 0.143750
1 0.715625 0.328125 0.228125 0.203125
2 0.541406 0.300000 0.126562 0.109375
2 0.653906 0.527344 0.067187 0.101562
2 0.670312 0.418750 0.050000 0.071875
2 0.586719 0.574219 0.114062 0.070312
2 0.534375 0.647656 0.171875 0.120313
1 0.561719 0.435937 0.185938 0.228125
1 0.435156 0.561719 0.139063 0.123438
1 0.330469 0.608594 0.235937 0.223438
4 0.446875 0.473438 0.075000 0.081250
2 0.095312 0.631250 0.190625 0.134375
2 0.063281 0.540625 0.126562 0.146875
2 0.476562 0.376563 0.062500 0.084375
4 0.444531 0.407031 0.079687 0.060937
1 0.246094 0.385937 0.189062 0.190625
1 0.232813 0.236719 0.181250 0.167187
1 0.346094 0.298438 0.070312 0.087500
1 0.481250 0.187500 0.075000 0.090625
1 0.396094 0.192969 0.145313 0.160938
1 0.396875 0.084375 0.159375 0.121875
1 0.900781 0.279687 0.198437 0.190625
1 0.992969 0.306250 0.014063 0.031250
4 0.384375 0.356250 0.134375 0.112500
2 0.071094 0.468750 0.142187 0.090625
2 0.147656 0.473438 0.073438 0.118750
2 0.057813 0.367188 0.115625 0.175000
4 0.135156 0.258594 0.092188 0.139063
2 0.048438 0.221875 0.096875 0.175000
1 0.003906 0.611719 0.007812 0.039062
1 0.000781 0.522656 0.001563 0.004687
1 0.317188 0.034375 0.128125 0.068750
1 0.237500 0.089063 0.137500 0.171875
1 0.133594 0.077344 0.170313 0.154688
1 0.039062 0.100000 0.078125 0.171875
2 0.204687 0.019531 0.096875 0.039062
2 0.157812 0.003125 0.006250 0.006250
2 0.477344 0.283594 0.064062 0.104688
1 0.925781 0.025781 0.148438 0.051562
1 0.953906 0.110156 0.092188 0.173437
1 0.866406 0.066406 0.126562 0.132812
1 0.982812 0.070312 0.034375 0.056250
1 0.746094 0.102344 0.179688 0.204687
1 0.603906 0.100781 0.239063 0.201563
1 0.467187 0.017969 0.131250 0.035937
1 0.735938 0.956250 0.184375 0.087500
1 0.678125 0.205469 0.137500 0.079687
