7 0.157812 0.042188 0.115625 0.084375
1 0.042188 0.192188 0.084375 0.125000
1 0.096094 0.135937 0.132812 0.121875
2 0.239844 0.164062 0.173437 0.196875
2 0.005469 0.295312 0.010937 0.021875
2 0.199219 0.545312 0.064062 0.090625
1 0.174219 0.586719 0.132812 0.114062
1 0.267188 0.609375 0.100000 0.090625
1 0.198437 0.453906 0.146875 0.095312
2 0.179688 0.692969 0.075000 0.082812
2 0.051562 0.803906 0.103125 0.126562
2 0.153125 0.796094 0.084375 0.076563
2 0.250000 0.732031 0.075000 0.054688
2 0.298438 0.862500 0.062500 0.075000
2 0.380469 0.857031 0.117188 0.092188
2 0.435937 0.742188 0.096875 0.093750
1 0.205469 0.819531 0.110937 0.067187
1 0.303125 0.678906 0.090625 0.101562
1 0.181250 0.740625 0.096875 0.081250
1 0.367188 0.733594 0.084375 0.126562
7 0.026562 0.941406 0.053125 0.073438
7 0.035937 0.979688 0.071875 0.040625
7 0.296094 0.983594 0.060937 0.032813
7 0.368750 0.928906 0.090625 0.098437
7 0.450781 0.948438 0.092188 0.075000
1 0.496875 0.966406 0.128125 0.067187
1 0.701562 0.977344 0.059375 0.045312
1 0.684375 0.889062 0.159375 0.150000
1 0.784375 0.828906 0.100000 0.101562
1 0.850000 0.916406 0.093750 0.123438
1 0.778125 0.702344 0.159375 0.176563
6 0.876563 0.803906 0.096875 0.073438
6 0.953906 0.667188 0.082812 0.059375
6 0.368750 0.982812 0.059375 0.034375
7 0.754687 0.936719 0.096875 0.101562
7 0.574219 0.636719 0.135937 0.123438
2 0.621875 0.791406 0.162500 0.139063
2 0.489844 0.465625 0.207813 0.178125
2 0.710938 0.418750 0.090625 0.096875
1 0.700000 0.512500 0.103125 0.100000
1 0.771094 0.582812 0.070312 0.078125
1 0.864062 0.571875 0.118750 0.115625
1 0.780469 0.542188 0.107813 0.090625
1 0.811719 0.501563 0.095312 0.071875
2 0.616406 0.308594 0.107813 0.098437
2 0.965625 0.277344 0.068750 0.117188
2 0.831250 0.307812 0.078125 0.050000
2 0.908594 0.000781 0.026562 0.001563
1 0.576562 0.203125 0.237500 0.171875
1 0.505469 0.107813 0.204687 0.215625
1 0.373437 0.053906 0.181250 0.107813
1 0.742969 0.088281 0.248438 0.176563
1 0.900000 0.160156 0.131250 0.120313
1 0.939063 0.091406 0.121875 0.182812
1 0.917188 0.303125 0.093750 0.121875
1 0.782813 0.196875 0.143750 0.096875
7 0.648438 0.005469 0.025000 0.010937
7 0.599219 0.000000 0.014063 0.000000
1 0.971094 0.850781 0.057813 0.245312
2 0.999219 0.649219 0.001563 0.017188
2 0.997656 0.627344 0.004687 0.017188
7 0.913281 0.727344 0.114062 0.104688
2 0.954688 0.532813 0.090625 0.146875
