7 0.021875 0.422656 0.043750 0.110937
1 0.122656 0.257031 0.148438 0.123438
2 0.207813 0.302344 0.156250 0.135937
2 0.125000 0.157812 0.115625 0.103125
1 0.053125 0.153906 0.106250 0.170313
7 0.200000 0.228125 0.084375 0.075000
7 0.244531 0.411719 0.110937 0.139063
7 0.164062 0.415625 0.106250 0.115625
7 0.289844 0.225781 0.114062 0.092188
7 0.342969 0.164844 0.057813 0.089063
2 0.333594 0.078125 0.092188 0.100000
2 0.225000 0.059375 0.059375 0.065625
6 0.244531 0.132031 0.120313 0.123438
1 0.006250 0.855469 0.012500 0.070312
1 0.031250 0.655469 0.062500 0.126562
1 0.000000 0.717969 0.000000 0.004687
1 0.121094 0.842187 0.173437 0.140625
1 0.006250 0.771875 0.012500 0.059375
1 0.151562 0.581250 0.065625 0.096875
1 0.191406 0.669531 0.132812 0.114062
1 0.218750 0.555469 0.084375 0.135937
7 0.401562 0.496875 0.100000 0.090625
7 0.080469 0.655469 0.064062 0.070312
2 0.414844 0.419531 0.167187 0.157812
1 0.428906 0.214844 0.192188 0.217188
7 0.557813 0.058594 0.100000 0.101562
7 0.680469 0.139844 0.117188 0.120313
7 0.699219 0.060156 0.110937 0.085938
7 0.660156 0.214062 0.064062 0.068750
2 0.553906 0.383594 0.192188 0.235937
2 0.866406 0.061719 0.120313 0.123438
7 0.879687 0.000000 0.003125 0.000000
7 0.796094 0.040625 0.154688 0.081250
7 0.987500 0.146094 0.025000 0.060937
1 0.959375 0.280469 0.081250 0.117188
7 0.991406 0.436719 0.017188 0.107813
2 0.791406 0.284375 0.157812 0.134375
1 0.902344 0.394531 0.182812 0.167187
1 0.985156 0.687500 0.029687 0.084375
1 0.675781 0.390625 0.179688 0.278125
2 0.772656 0.547656 0.270313 0.192188
2 0.850000 0.663281 0.209375 0.185938
2 0.711719 0.735156 0.179688 0.198437
7 0.962500 0.739844 0.075000 0.104688
7 0.935156 0.975781 0.073438 0.048438
7 0.866406 0.979688 0.073438 0.040625
1 0.463281 0.032813 0.067187 0.065625
1 0.028906 0.032031 0.057813 0.064062
1 0.342187 0.968750 0.100000 0.062500
1 0.532031 0.982031 0.089063 0.035937
1 0.432812 0.973437 0.115625 0.053125
1 0.095312 0.943750 0.125000 0.112500
1 0.045312 0.958594 0.084375 0.082812
1 0.004687 0.945312 0.009375 0.056250
2 0.370312 0.803906 0.234375 0.207813
2 0.347656 0.683594 0.198437 0.139063
1 0.218750 0.797656 0.106250 0.123438
1 0.267969 0.914062 0.129688 0.125000
1 0.536719 0.742188 0.210938 0.290625
2 0.887500 0.957031 0.096875 0.042188
2 0.953125 0.842187 0.093750 0.112500
7 0.933594 0.489844 0.085938 0.076563
6 0.426563 0.911719 0.068750 0.051562
2 0.702344 0.953125 0.151562 0.093750
1 0.614062 0.934375 0.153125 0.131250
7 0.747656 0.898438 0.060937 0.071875
7 0.799219 0.952344 0.064062 0.085938
2 0.148438 0.989844 0.071875 0.020313
2 0.044531 0.578125 0.089063 0.109375
1 0.521875 0.556250 0.118750 0.106250
1 0.054688 0.117969 0.109375 0.164062
7 0.073438 0.006250 0.034375 0.012500
7 0.116406 0.014844 0.067187 0.029687
