2 0.760938 0.996875 0.025000 0.006250
2 0.639062 0.953906 0.215625 0.092188
2 0.004687 0.989844 0.009375 0.020313
1 0.978906 0.403906 0.042188 0.107813
1 0.970313 0.282031 0.059375 0.164062
2 0.974219 0.112500 0.051562 0.168750
2 0.950781 0.559375 0.098437 0.225000
2 0.916406 0.739844 0.167187 0.151562
2 0.992969 0.650000 0.014063 0.021875
6 0.353906 0.993750 0.004687 0.012500
6 0.410938 0.987500 0.037500 0.025000
2 0.350781 0.722656 0.167187 0.151562
2 0.860938 0.313281 0.165625 0.123438
1 0.783594 0.215625 0.135937 0.168750
1 0.796875 0.075781 0.187500 0.135937
1 0.675781 0.157812 0.145313 0.153125
2 0.620313 0.270313 0.193750 0.187500
2 0.671875 0.379688 0.115625 0.081250
1 0.454688 0.445312 0.206250 0.259375
3 0.889062 0.135937 0.081250 0.053125
2 0.482812 0.740625 0.175000 0.215625
6 0.011719 0.814844 0.023438 0.048438
6 0.051562 0.755469 0.103125 0.067187
4 0.060156 0.875781 0.120313 0.139063
4 0.334375 0.574219 0.109375 0.170313
1 0.202344 0.140625 0.135937 0.150000
1 0.299219 0.201563 0.089063 0.084375
1 0.190625 0.331250 0.153125 0.150000
1 0.230469 0.276562 0.073438 0.065625
2 0.146094 0.207813 0.139063 0.171875
2 0.074219 0.154688 0.110937 0.134375
2 0.445312 0.106250 0.271875 0.212500
2 0.275781 0.010937 0.067187 0.021875
2 0.103125 0.050781 0.162500 0.101562
2 0.042188 0.057031 0.084375 0.092188
1 0.738281 0.029687 0.120313 0.059375
2 0.574219 0.024219 0.079687 0.048438
4 0.946094 0.074219 0.073438 0.067187
1 0.838281 0.021875 0.082812 0.043750
1 0.935156 0.035156 0.129688 0.070312
