1 0.078125 0.028906 0.075000 0.057813
2 0.141406 0.019531 0.076563 0.039062
2 0.014844 0.008594 0.029687 0.017188
1 0.004687 0.040625 0.009375 0.050000
1 0.235156 0.034375 0.110937 0.068750
1 0.051562 0.100781 0.103125 0.139063
1 0.032813 0.299219 0.065625 0.160938
1 0.121875 0.246875 0.243750 0.215625
1 0.139063 0.114062 0.084375 0.131250
1 0.258594 0.163281 0.139063 0.204687
2 0.634375 0.002344 0.037500 0.004687
2 0.544531 0.006250 0.048438 0.012500
2 0.484375 0.060156 0.128125 0.120313
2 0.582812 0.067969 0.112500 0.135937
2 0.313281 0.177344 0.151562 0.195312
2 0.383594 0.141406 0.095312 0.123438
2 0.460156 0.193750 0.182812 0.178125
2 0.496875 0.328906 0.178125 0.282813
1 0.374219 0.050781 0.132812 0.101562
6 0.071094 0.369531 0.085938 0.082812
1 0.160156 0.377344 0.092188 0.104688
1 0.234375 0.381250 0.137500 0.162500
3 0.056250 0.465625 0.112500 0.109375
3 0.079687 0.532813 0.106250 0.100000
6 0.128125 0.464062 0.059375 0.046875
2 0.342187 0.440625 0.115625 0.103125
2 0.482812 0.478125 0.093750 0.087500
2 0.363281 0.488281 0.120313 0.120313
1 0.015625 0.529687 0.031250 0.090625
2 0.204687 0.558594 0.187500 0.167187
2 0.260937 0.697656 0.168750 0.192188
2 0.059375 0.600000 0.118750 0.153125
1 0.123438 0.666406 0.090625 0.092188
1 0.292969 0.851562 0.145313 0.162500
3 0.043750 0.709375 0.087500 0.087500
1 0.211719 0.920312 0.179688 0.159375
1 0.145313 0.828906 0.140625 0.226562
1 0.089063 0.776563 0.100000 0.140625
1 0.077344 0.923438 0.117188 0.093750
2 0.000000 0.864844 0.000000 0.001563
2 0.401562 0.962500 0.200000 0.075000
2 0.416406 0.882812 0.092188 0.100000
2 0.544531 0.892188 0.214062 0.200000
1 0.501563 0.994531 0.018750 0.010937
2 0.563281 0.582031 0.123438 0.117188
2 0.607812 0.653125 0.112500 0.187500
1 0.748437 0.040625 0.184375 0.081250
1 0.727344 0.107031 0.123438 0.076563
1 0.843750 0.017969 0.068750 0.035937
1 0.631250 0.246875 0.178125 0.246875
1 0.662500 0.417187 0.196875 0.200000
2 0.775000 0.315625 0.090625 0.131250
2 0.742188 0.509375 0.206250 0.218750
1 0.729688 0.285156 0.078125 0.098437
1 0.978125 0.809375 0.043750 0.096875
2 0.653906 0.779687 0.101562 0.115625
1 0.593750 0.985938 0.100000 0.028125
2 0.685937 0.974219 0.065625 0.051562
2 0.963281 0.414062 0.073438 0.106250
3 0.994531 0.230469 0.010937 0.020313
3 0.998437 0.209375 0.003125 0.015625
6 0.879687 0.412500 0.131250 0.090625
6 0.999219 0.273438 0.001563 0.009375
6 0.953125 0.277344 0.093750 0.035937
6 0.889062 0.271094 0.134375 0.139063
6 0.637500 0.061719 0.062500 0.060937
2 0.958594 0.994531 0.051562 0.010937
1 0.960938 0.926562 0.078125 0.146875
1 0.854688 0.948438 0.221875 0.103125
1 0.804688 0.881250 0.165625 0.140625
1 0.905469 0.535937 0.189062 0.203125
