2 0.067187 0.950000 0.134375 0.100000
2 0.048438 0.802344 0.096875 0.129688
2 0.102344 0.717969 0.076563 0.070312
2 0.084375 0.646875 0.168750 0.125000
2 0.045312 0.726562 0.065625 0.050000
1 0.008594 0.639844 0.017188 0.032813
1 0.014063 0.578125 0.028125 0.090625
1 0.012500 0.501563 0.025000 0.068750
2 0.017188 0.285156 0.034375 0.098437
6 0.072656 0.157031 0.145313 0.160938
1 0.046094 0.029687 0.051562 0.056250
1 0.014844 0.045312 0.029687 0.053125
1 0.263281 0.974219 0.079687 0.051562
1 0.192188 0.981250 0.084375 0.037500
2 0.192188 0.876563 0.075000 0.087500
2 0.259375 0.896875 0.087500 0.075000
2 0.325000 0.783594 0.134375 0.117188
2 0.162500 0.565625 0.153125 0.125000
1 0.310937 0.711719 0.078125 0.048438
1 0.652344 0.637500 0.092188 0.125000
1 0.691406 0.584375 0.095312 0.134375
1 0.730469 0.525781 0.098437 0.095312
1 0.652344 0.750781 0.139063 0.129688
1 0.753125 0.830469 0.084375 0.154688
2 0.770312 0.649219 0.112500 0.117188
2 0.833594 0.696094 0.129688 0.107813
2 0.917188 0.730469 0.165625 0.135937
2 0.833594 0.817969 0.135937 0.132812
2 0.631250 0.984375 0.109375 0.031250
1 0.845313 0.947656 0.131250 0.104688
1 0.942969 0.893750 0.114062 0.178125
2 0.945312 0.989062 0.053125 0.021875
1 0.755469 0.969531 0.082812 0.060937
3 0.335156 0.882812 0.098437 0.100000
3 0.443750 0.952344 0.096875 0.076563
1 0.131250 0.818750 0.106250 0.078125
2 0.257812 0.773438 0.059375 0.090625
3 0.225000 0.817969 0.109375 0.076563
2 0.132031 0.433594 0.110937 0.148438
2 0.571875 0.276562 0.103125 0.125000
2 0.560156 0.407813 0.123438 0.150000
4 0.523438 0.147656 0.087500 0.126562
2 0.685937 0.266406 0.075000 0.085938
2 0.232813 0.494531 0.065625 0.070312
1 0.633594 0.421094 0.154688 0.173437
1 0.889062 0.492188 0.212500 0.259375
1 0.960938 0.565625 0.078125 0.153125
1 0.742969 0.299219 0.117188 0.114062
2 0.805469 0.433594 0.120313 0.117188
2 0.783594 0.241406 0.089063 0.098437
2 0.777344 0.332031 0.064062 0.051562
2 0.801562 0.364844 0.043750 0.035937
2 0.841406 0.359375 0.042188 0.053125
2 0.915625 0.331250 0.146875 0.109375
2 0.984375 0.328906 0.031250 0.095312
2 0.873437 0.262500 0.109375 0.100000
3 0.998437 0.439844 0.003125 0.007812
3 0.965625 0.389844 0.068750 0.079687
2 0.989844 0.775781 0.020313 0.067187
2 0.989062 0.697656 0.021875 0.073438
2 0.941406 0.210938 0.117188 0.146875
1 0.965625 0.136719 0.068750 0.076563
1 0.835938 0.119531 0.134375 0.126562
1 0.778906 0.175781 0.089063 0.120313
1 0.938281 0.067969 0.123438 0.098437
1 0.668750 0.226562 0.068750 0.062500
1 0.488281 0.132031 0.054688 0.082812
1 0.789844 0.032813 0.092188 0.065625
6 0.610156 0.040625 0.104688 0.081250
7 0.325000 0.110937 0.100000 0.100000
7 0.519531 0.014063 0.110937 0.028125
2 0.407031 0.067187 0.157812 0.134375
2 0.997656 0.058594 0.004687 0.014063
7 0.798438 0.057813 0.087500 0.075000
3 0.520312 0.860156 0.078125 0.101562
