7 0.018750 0.977344 0.031250 0.045312
7 0.082812 0.965625 0.096875 0.068750
7 0.334375 0.970313 0.106250 0.059375
7 0.311719 0.931250 0.095312 0.068750
7 0.258594 0.895312 0.092188 0.068750
7 0.248438 0.832812 0.121875 0.109375
7 0.373437 0.914062 0.056250 0.053125
7 0.607031 0.864062 0.079687 0.081250
7 0.609375 0.915625 0.068750 0.056250
7 0.646094 0.937500 0.123438 0.109375
7 0.728125 0.759375 0.078125 0.056250
7 0.825781 0.704688 0.057813 0.059375
1 0.922656 0.900781 0.154688 0.198437
7 0.725781 0.845313 0.079687 0.103125
2 0.717969 0.955469 0.129688 0.089063
7 0.899219 0.973437 0.057813 0.053125
7 0.876563 0.989062 0.028125 0.021875
1 0.907813 0.567187 0.171875 0.134375
7 0.985156 0.450781 0.029687 0.070312
7 0.987500 0.398438 0.025000 0.050000
7 0.983594 0.346094 0.032813 0.067187
7 0.757812 0.801562 0.090625 0.100000
7 0.685937 0.749219 0.065625 0.117188
7 0.720313 0.507031 0.059375 0.098437
7 0.605469 0.570312 0.039062 0.040625
7 0.778906 0.674219 0.076563 0.095312
