2 0.996094 0.928906 0.007812 0.017188
2 0.960156 0.958594 0.079687 0.082812
2 0.879687 0.940625 0.190625 0.118750
2 0.792188 0.967187 0.162500 0.065625
2 0.630469 0.941406 0.185938 0.117188
2 0.602344 0.837500 0.176563 0.140625
2 0.706250 0.830469 0.115625 0.167187
2 0.828125 0.847656 0.165625 0.176563
2 0.476562 0.903125 0.171875 0.193750
2 0.322656 0.935156 0.239063 0.129688
2 0.247656 0.873437 0.139063 0.131250
2 0.032031 0.757812 0.064062 0.168750
2 0.103906 0.728125 0.145313 0.140625
2 0.235937 0.767188 0.231250 0.178125
1 0.000781 0.892969 0.001563 0.017188
4 0.227344 0.633594 0.210938 0.157812
2 0.379688 0.614062 0.153125 0.165625
2 0.382812 0.459375 0.150000 0.190625
2 0.353906 0.707812 0.182812 0.096875
2 0.555469 0.682031 0.217188 0.257812
4 0.739062 0.689063 0.218750 0.200000
2 0.496875 0.456250 0.087500 0.143750
2 0.556250 0.480469 0.112500 0.148438
1 0.956250 0.519531 0.087500 0.145313
1 0.999219 0.392969 0.001563 0.001563
1 0.973437 0.403125 0.053125 0.053125
1 0.835938 0.191406 0.315625 0.342187
1 0.896094 0.321875 0.207813 0.209375
2 0.810937 0.009375 0.081250 0.018750
2 0.612500 0.007812 0.031250 0.015625
2 0.472656 0.267188 0.164062 0.181250
2 0.535156 0.140625 0.151562 0.140625
2 0.417187 0.095312 0.218750 0.190625
2 0.307031 0.185938 0.217188 0.240625
2 0.299219 0.304688 0.195312 0.228125
4 0.108594 0.894531 0.076563 0.079687
2 0.053125 0.885156 0.106250 0.098437
