1 0.632812 0.971875 0.121875 0.056250
1 0.462500 0.939063 0.090625 0.121875
1 0.342187 0.926562 0.171875 0.121875
7 0.581250 0.892188 0.093750 0.084375
7 0.699219 0.928125 0.126562 0.096875
6 0.223438 0.883594 0.115625 0.110937
2 0.177344 0.738281 0.120313 0.157812
2 0.743750 0.815625 0.175000 0.140625
7 0.803906 0.764844 0.085938 0.076563
7 0.821875 0.714063 0.081250 0.087500
7 0.897656 0.732031 0.092188 0.114062
7 0.718750 0.700781 0.109375 0.110937
7 0.957031 0.663281 0.082812 0.070312
7 0.811719 0.581250 0.101562 0.118750
7 0.859375 0.508594 0.103125 0.123438
7 0.937500 0.489063 0.109375 0.109375
7 0.832031 0.384375 0.098437 0.090625
7 0.744531 0.424219 0.117188 0.104688
7 0.670312 0.394531 0.140625 0.104688
7 0.570312 0.674219 0.096875 0.076563
7 0.528125 0.731250 0.075000 0.071875
1 0.819531 0.185156 0.082812 0.120313
1 0.910937 0.219531 0.131250 0.204687
1 0.971094 0.184375 0.057813 0.131250
1 0.929688 0.308594 0.140625 0.126562
1 0.967187 0.415625 0.065625 0.128125
7 0.884375 0.111719 0.078125 0.070312
2 0.971094 0.045312 0.057813 0.090625
2 0.898438 0.040625 0.115625 0.081250
2 0.787500 0.037500 0.146875 0.075000
2 0.788281 0.120313 0.157812 0.128125
4 0.703125 0.153906 0.159375 0.145313
6 0.640625 0.125000 0.062500 0.046875
6 0.706250 0.048438 0.096875 0.065625
6 0.526563 0.195312 0.131250 0.096875
2 0.682031 0.072656 0.098437 0.070312
2 0.491406 0.245312 0.235937 0.193750
2 0.529687 0.142187 0.068750 0.056250
2 0.523438 0.439844 0.175000 0.164062
2 0.407031 0.465625 0.292187 0.203125
2 0.390625 0.585938 0.265625 0.168750
1 0.347656 0.721094 0.082812 0.085938
2 0.052344 0.544531 0.104688 0.123438
1 0.011719 0.750781 0.023438 0.026562
1 0.021875 0.717969 0.043750 0.060937
2 0.056250 0.974219 0.112500 0.051562
2 0.019531 0.847656 0.039062 0.082812
6 0.376563 0.330469 0.140625 0.154688
2 0.294531 0.110156 0.170313 0.151562
2 0.563281 0.016406 0.073438 0.032813
2 0.095312 0.142969 0.190625 0.285938
4 0.717969 0.009375 0.032813 0.018750
2 0.035156 0.924219 0.070312 0.079687
6 0.110156 0.938281 0.098437 0.117188
