3 0.269531 0.003906 0.048438 0.007812
3 0.014063 0.010937 0.028125 0.021875
2 0.019531 0.863281 0.039062 0.120313
4 0.047656 0.678906 0.095312 0.142187
1 0.003906 0.575000 0.007812 0.034375
1 0.007031 0.535937 0.014063 0.043750
1 0.133594 0.556250 0.229687 0.268750
6 0.101562 0.761719 0.128125 0.098437
1 0.112500 0.910156 0.165625 0.179688
1 0.153906 0.840625 0.126562 0.125000
7 0.925781 0.975000 0.092188 0.050000
3 0.403906 0.758594 0.148438 0.110937
2 0.481250 0.607031 0.203125 0.220312
2 0.259375 0.571875 0.065625 0.121875
2 0.243750 0.824219 0.118750 0.151562
2 0.570312 0.789062 0.281250 0.321875
1 0.609375 0.903125 0.259375 0.193750
1 0.777344 0.581250 0.132812 0.134375
1 0.666406 0.585156 0.142187 0.117188
1 0.707031 0.495312 0.129688 0.103125
1 0.820312 0.412500 0.168750 0.115625
1 0.282031 0.896094 0.173437 0.167187
1 0.389844 0.479687 0.126562 0.134375
1 0.317969 0.412500 0.114062 0.087500
1 0.536719 0.497656 0.089063 0.095312
6 0.589844 0.435156 0.145313 0.151562
6 0.467969 0.342187 0.054688 0.040625
6 0.289062 0.537500 0.034375 0.040625
2 0.432812 0.289062 0.087500 0.096875
2 0.425000 0.380469 0.128125 0.095312
2 0.543750 0.257812 0.209375 0.209375
2 0.651563 0.339844 0.093750 0.160938
2 0.609375 0.208594 0.137500 0.132812
2 0.464844 0.096875 0.120313 0.137500
2 0.308594 0.054688 0.079687 0.109375
3 0.395313 0.045312 0.084375 0.090625
1 0.749219 0.173437 0.270313 0.243750
1 0.876563 0.260937 0.103125 0.131250
1 0.959375 0.291406 0.081250 0.089063
1 0.898438 0.107031 0.090625 0.135937
1 0.946875 0.175000 0.106250 0.100000
1 0.951562 0.072656 0.096875 0.145313
1 0.989062 0.001563 0.021875 0.003125
1 0.915625 0.012500 0.046875 0.025000
2 0.925781 0.621094 0.107813 0.085938
2 0.965625 0.669531 0.068750 0.073438
1 0.735156 0.332813 0.110937 0.125000
