1 0.967969 0.663281 0.064062 0.182812
1 0.936719 0.740625 0.101562 0.100000
7 0.954688 0.452344 0.090625 0.114062
7 0.985156 0.517969 0.029687 0.045312
1 0.967187 0.937500 0.065625 0.125000
3 0.842187 0.989062 0.081250 0.021875
2 0.495312 0.948438 0.175000 0.103125
2 0.344531 0.985156 0.048438 0.029687
2 0.773438 0.949219 0.087500 0.101562
2 0.670312 0.826562 0.103125 0.143750
2 0.596875 0.892969 0.084375 0.101562
2 0.626563 0.932031 0.090625 0.064062
3 0.717969 0.923438 0.082812 0.084375
3 0.770312 0.689063 0.087500 0.096875
1 0.712500 0.556250 0.150000 0.128125
7 0.700781 0.434375 0.104688 0.112500
2 0.654687 0.373437 0.078125 0.053125
2 0.583594 0.357812 0.095312 0.134375
1 0.547656 0.450000 0.098437 0.100000
1 0.463281 0.423438 0.095312 0.146875
6 0.557031 0.546094 0.067187 0.067187
6 0.364063 0.451562 0.068750 0.087500
7 0.330469 0.339062 0.101562 0.093750
7 0.542969 0.151562 0.039062 0.065625
7 0.573438 0.148438 0.043750 0.053125
2 0.225781 0.277344 0.151562 0.167187
2 0.329688 0.196094 0.075000 0.048438
6 0.353125 0.116406 0.071875 0.101562
7 0.394531 0.064844 0.095312 0.076563
7 0.238281 0.032031 0.089063 0.060937
2 0.035156 0.089063 0.070312 0.146875
7 0.121875 0.016406 0.046875 0.032813
2 0.155469 0.423438 0.129688 0.134375
7 0.051562 0.305469 0.103125 0.132812
1 0.044531 0.430469 0.089063 0.132812
1 0.260156 0.484375 0.176563 0.206250
7 0.053906 0.578906 0.107813 0.135937
7 0.053125 0.494531 0.081250 0.064062
2 0.372656 0.515625 0.129688 0.068750
2 0.359375 0.572656 0.112500 0.073438
2 0.312500 0.610156 0.084375 0.123438
2 0.257031 0.604688 0.076563 0.078125
4 0.461719 0.514062 0.076563 0.062500
1 0.078906 0.807031 0.123438 0.107813
1 0.033594 0.846094 0.067187 0.110937
2 0.225781 0.803125 0.139063 0.128125
1 0.137500 0.901563 0.162500 0.196875
1 0.214062 0.993750 0.040625 0.012500
1 0.275781 0.964844 0.095312 0.070312
2 0.400781 0.892969 0.076563 0.092188
2 0.468750 0.792969 0.156250 0.195312
7 0.011719 0.904687 0.023438 0.059375
7 0.589844 0.710938 0.129688 0.134375
2 0.009375 0.965625 0.018750 0.040625
3 0.831250 0.950000 0.062500 0.093750
1 0.132031 0.618750 0.148438 0.168750
2 0.209375 0.606250 0.037500 0.068750
