1 0.624219 0.982812 0.110937 0.034375
1 0.026562 0.009375 0.053125 0.018750
2 0.260156 0.013281 0.126562 0.026562
2 0.005469 0.059375 0.010937 0.021875
2 0.199219 0.310156 0.064062 0.089063
1 0.173437 0.351562 0.131250 0.112500
1 0.267188 0.374219 0.100000 0.089063
1 0.198437 0.219531 0.146875 0.095312
2 0.178906 0.457813 0.076563 0.084375
2 0.051562 0.568750 0.103125 0.128125
2 0.153125 0.560937 0.084375 0.075000
2 0.250000 0.496094 0.075000 0.054688
2 0.298438 0.627344 0.062500 0.076563
2 0.380469 0.621875 0.117188 0.093750
2 0.435937 0.507031 0.096875 0.095312
1 0.203906 0.584375 0.110937 0.065625
1 0.303125 0.443750 0.090625 0.103125
1 0.181250 0.505469 0.096875 0.082812
1 0.367188 0.497656 0.084375 0.126562
7 0.026562 0.705469 0.053125 0.073438
7 0.035156 0.759375 0.070312 0.071875
7 0.093750 0.946875 0.106250 0.106250
7 0.286719 0.990625 0.073438 0.018750
7 0.299219 0.775000 0.079687 0.084375
7 0.367969 0.693750 0.092188 0.096875
7 0.450781 0.714063 0.092188 0.075000
1 0.056250 0.889844 0.112500 0.160938
2 0.010156 0.983594 0.020313 0.032813
1 0.360156 0.937500 0.110937 0.125000
1 0.457031 0.871094 0.123438 0.126562
1 0.515625 0.813281 0.165625 0.229687
1 0.700000 0.789844 0.084375 0.139063
1 0.682813 0.653906 0.159375 0.148438
1 0.783594 0.592969 0.098437 0.101562
1 0.849219 0.681250 0.095312 0.121875
1 0.914062 0.912500 0.115625 0.121875
1 0.777344 0.467187 0.157812 0.175000
6 0.953906 0.827344 0.060937 0.089063
6 0.875781 0.569531 0.095312 0.073438
6 0.953125 0.432031 0.081250 0.057813
6 0.368750 0.759375 0.059375 0.056250
6 0.005469 0.813281 0.010937 0.039062
7 0.878125 0.878125 0.084375 0.075000
7 0.978906 0.923438 0.042188 0.106250
7 0.754687 0.701562 0.096875 0.100000
7 0.574219 0.400781 0.135937 0.123438
2 0.621094 0.556250 0.160938 0.137500
2 0.489844 0.231250 0.207813 0.178125
2 0.710156 0.182812 0.089063 0.096875
1 0.699219 0.277344 0.101562 0.098437
1 0.771094 0.348438 0.070312 0.078125
1 0.864062 0.335938 0.118750 0.115625
1 0.779687 0.307031 0.106250 0.092188
1 0.811719 0.266406 0.095312 0.073438
2 0.615625 0.073438 0.106250 0.096875
2 0.965625 0.050000 0.068750 0.100000
2 0.831250 0.072656 0.078125 0.048438
1 0.575781 0.027344 0.235937 0.054688
1 0.916406 0.067187 0.095312 0.121875
1 0.795312 0.004687 0.034375 0.009375
1 0.742188 0.000000 0.009375 0.000000
1 0.971094 0.614844 0.057813 0.245312
2 0.998437 0.414844 0.003125 0.020313
2 0.996875 0.391406 0.006250 0.017188
7 0.911719 0.492188 0.114062 0.103125
2 0.954688 0.298438 0.090625 0.146875
7 0.621875 0.952344 0.084375 0.054688
6 0.642188 0.862500 0.059375 0.056250
