1 0.107031 0.018750 0.064062 0.037500
2 0.032813 0.244531 0.065625 0.104688
2 0.190625 0.367188 0.087500 0.115625
2 0.053125 0.460156 0.106250 0.126562
1 0.183594 0.206250 0.060937 0.046875
2 0.189844 0.219531 0.145313 0.126562
3 0.074219 0.261719 0.079687 0.095312
1 0.071094 0.103906 0.142187 0.207813
1 0.071094 0.109375 0.142187 0.196875
2 0.150000 0.514844 0.159375 0.098437
2 0.180469 0.605469 0.157812 0.095312
2 0.165625 0.986719 0.075000 0.026562
3 0.472656 0.963281 0.092188 0.073438
3 0.502344 0.893750 0.110937 0.081250
2 0.497656 0.303125 0.064062 0.059375
2 0.742969 0.498437 0.120313 0.159375
2 0.774219 0.785937 0.070312 0.140625
2 0.599219 0.660156 0.073438 0.129688
2 0.281250 0.640625 0.056250 0.121875
2 0.757031 0.327344 0.092188 0.092188
2 0.941406 0.357031 0.117188 0.167187
3 0.412500 0.347656 0.084375 0.120313
3 0.588281 0.785937 0.067187 0.071875
1 0.250781 0.542969 0.060937 0.095312
1 0.672656 0.393750 0.098437 0.078125
1 0.889062 0.457031 0.137500 0.123438
1 0.603125 0.407813 0.093750 0.093750
6 0.934375 0.558594 0.131250 0.145313
7 0.883594 0.748437 0.085938 0.093750
7 0.864062 0.839844 0.159375 0.142187
7 0.832031 0.692969 0.082812 0.085938
7 0.790625 0.427344 0.084375 0.092188
6 0.785156 0.448437 0.098437 0.078125
2 0.483594 0.093750 0.123438 0.140625
2 0.535156 0.025000 0.157812 0.050000
2 0.652344 0.125781 0.204687 0.164062
2 0.734375 0.027344 0.109375 0.054688
2 0.850781 0.055469 0.154688 0.110937
1 0.682031 0.005469 0.032813 0.010937
1 0.864844 0.197656 0.235937 0.214062
1 0.928125 0.016406 0.106250 0.032813
1 0.987500 0.015625 0.025000 0.031250
1 0.629687 0.222656 0.159375 0.114062
7 0.379688 0.021094 0.068750 0.042188
6 0.528125 0.233594 0.056250 0.082812
6 0.232813 0.099219 0.228125 0.198437
2 0.925000 0.992188 0.037500 0.015625
2 0.947656 0.769531 0.073438 0.126562
2 0.991406 0.626563 0.017188 0.050000
1 0.965625 0.780469 0.068750 0.145313
1 0.997656 0.753125 0.004687 0.031250
