2 0.992188 0.270313 0.015625 0.050000
1 0.119531 0.882812 0.148438 0.118750
1 0.192969 0.942187 0.107813 0.115625
1 0.711719 0.891406 0.254688 0.217188
6 0.576562 0.942187 0.109375 0.100000
4 0.901563 0.913281 0.175000 0.170313
1 0.994531 0.907813 0.010937 0.062500
1 0.960938 0.811719 0.078125 0.139063
2 0.566406 0.676562 0.289062 0.284375
2 0.272656 0.967969 0.076563 0.064062
1 0.132031 0.734375 0.264062 0.246875
3 0.525781 0.961719 0.142187 0.076563
1 0.875781 0.730469 0.248438 0.204687
1 0.617188 0.503906 0.106250 0.095312
1 0.696094 0.585938 0.129688 0.103125
2 0.711719 0.492188 0.226562 0.253125
1 0.061719 0.625000 0.123438 0.237500
1 0.188281 0.481250 0.217188 0.165625
1 0.082812 0.368750 0.165625 0.168750
1 0.003125 0.325781 0.006250 0.017188
1 0.025781 0.267188 0.051562 0.103125
1 0.013281 0.118750 0.026562 0.084375
1 0.037500 0.053125 0.075000 0.096875
1 0.119531 0.096875 0.139063 0.193750
1 0.153125 0.049219 0.112500 0.098437
1 0.207031 0.142969 0.092188 0.151562
1 0.066406 0.171094 0.114062 0.107813
1 0.145313 0.214062 0.056250 0.053125
2 0.373437 0.290625 0.203125 0.146875
2 0.496094 0.294531 0.151562 0.132812
2 0.564844 0.236719 0.110937 0.160938
2 0.635938 0.246094 0.153125 0.139063
2 0.679688 0.337500 0.175000 0.100000
2 0.919531 0.220312 0.160938 0.162500
2 0.852344 0.268750 0.126562 0.150000
6 0.745313 0.289062 0.121875 0.118750
6 0.802344 0.175000 0.110937 0.106250
6 0.907031 0.329688 0.064062 0.050000
6 0.916406 0.261719 0.045312 0.067187
6 0.982031 0.222656 0.035937 0.042188
6 0.972656 0.350000 0.054688 0.046875
6 0.181250 0.342969 0.087500 0.101562
1 0.272656 0.052344 0.160938 0.104688
1 0.303125 0.160156 0.121875 0.132812
1 0.480469 0.075781 0.329688 0.151562
2 0.720313 0.122656 0.237500 0.217188
2 0.955469 0.048438 0.089063 0.096875
1 0.635156 0.043750 0.092188 0.087500
2 0.328125 0.978906 0.068750 0.042188
