1 0.941406 0.546875 0.117188 0.218750
1 0.934375 0.692969 0.131250 0.154688
2 0.203906 0.880469 0.182812 0.189062
2 0.303125 0.921094 0.206250 0.157812
2 0.178906 0.985938 0.120313 0.028125
2 0.067969 0.985938 0.079687 0.028125
5 0.630469 0.777344 0.273438 0.267188
2 0.782813 0.789062 0.193750 0.196875
6 0.857812 0.793750 0.068750 0.121875
3 0.442188 0.966406 0.128125 0.067187
2 0.453125 0.567187 0.206250 0.256250
2 0.478125 0.750781 0.100000 0.123438
3 0.692969 0.520312 0.142187 0.084375
3 0.652344 0.628906 0.176563 0.126562
3 0.615625 0.457813 0.068750 0.081250
2 0.948438 0.254688 0.103125 0.109375
2 0.988281 0.297656 0.023438 0.017188
1 0.970313 0.357031 0.059375 0.120313
2 0.797656 0.203906 0.154688 0.117188
2 0.699219 0.359375 0.089063 0.081250
2 0.694531 0.314844 0.057813 0.042188
1 0.784375 0.421094 0.209375 0.226562
2 0.853125 0.616406 0.100000 0.160938
