1 0.028906 0.764062 0.057813 0.084375
1 0.271875 0.631250 0.143750 0.203125
1 0.249219 0.511719 0.179688 0.110937
2 0.184375 0.739062 0.125000 0.100000
2 0.040625 0.394531 0.081250 0.092188
2 0.157812 0.298438 0.134375 0.193750
2 0.031250 0.251563 0.062500 0.128125
2 0.033594 0.109375 0.067187 0.200000
1 0.559375 0.212500 0.146875 0.162500
1 0.632031 0.136719 0.148438 0.107813
1 0.582031 0.075781 0.148438 0.117188
2 0.460938 0.160938 0.134375 0.106250
2 0.422656 0.253906 0.114062 0.123438
1 0.696094 0.194531 0.129688 0.117188
1 0.466406 0.237500 0.073438 0.090625
1 0.307812 0.299219 0.162500 0.185938
1 0.451562 0.077344 0.118750 0.120313
2 0.679688 0.039844 0.231250 0.079687
2 0.333594 0.122656 0.132812 0.098437
2 0.246875 0.093750 0.084375 0.115625
1 0.346094 0.055469 0.179688 0.110937
1 0.522656 0.021094 0.098437 0.042188
6 0.151562 0.075781 0.228125 0.151562
2 0.082812 0.700781 0.096875 0.073438
6 0.077344 0.608594 0.101562 0.064062
