1 0.929688 0.410156 0.100000 0.132812
1 0.978125 0.453906 0.043750 0.135937
1 0.907031 0.542188 0.114062 0.093750
7 0.433594 0.496875 0.051562 0.046875
7 0.431250 0.452344 0.040625 0.054688
7 0.552344 0.282813 0.070312 0.053125
7 0.722656 0.547656 0.160938 0.142187
2 0.814063 0.600000 0.143750 0.106250
7 0.921875 0.741406 0.075000 0.079687
7 0.967187 0.700000 0.065625 0.162500
1 0.949219 0.925000 0.101562 0.150000
1 0.852344 0.937500 0.214062 0.125000
1 0.864062 0.854688 0.215625 0.134375
7 0.731250 0.672656 0.096875 0.104688
7 0.721094 0.803906 0.164062 0.264062
7 0.625000 0.858594 0.090625 0.132812
7 0.594531 0.785156 0.120313 0.123438
2 0.953906 0.641406 0.092188 0.123438
1 0.828125 0.761719 0.106250 0.129688
7 0.732031 0.084375 0.085938 0.065625
7 0.171094 0.994531 0.026562 0.010937
7 0.146094 0.991406 0.054688 0.017188
1 0.346094 0.992188 0.042188 0.015625
1 0.467187 0.987500 0.043750 0.025000
1 0.368750 0.932813 0.109375 0.134375
1 0.529687 0.953906 0.121875 0.092188
2 0.527344 0.828125 0.079687 0.062500
2 0.532031 0.880469 0.060937 0.064062
7 0.988281 0.350000 0.023438 0.046875
7 0.964844 0.306250 0.067187 0.062500
7 0.846094 0.215625 0.095312 0.068750
7 0.893750 0.288281 0.087500 0.070312
1 0.997656 0.888281 0.004687 0.017188
