6 0.823438 0.297656 0.059375 0.104688
1 0.175000 0.055469 0.143750 0.110937
1 0.237500 0.184375 0.150000 0.162500
2 0.137500 0.117188 0.143750 0.093750
2 0.194531 0.289062 0.120313 0.162500
1 0.989844 0.006250 0.020313 0.012500
1 0.025000 0.732031 0.050000 0.089063
1 0.035156 0.430469 0.070312 0.098437
2 0.797656 0.949219 0.079687 0.101562
6 0.764062 0.910156 0.040625 0.054688
6 0.618750 0.506250 0.084375 0.125000
6 0.693750 0.489063 0.031250 0.068750
2 0.675781 0.807031 0.142187 0.164062
2 0.588281 0.757031 0.126562 0.107813
2 0.488281 0.792188 0.129688 0.175000
1 0.295312 0.835156 0.096875 0.107813
1 0.321094 0.792188 0.089063 0.096875
1 0.260156 0.898438 0.117188 0.103125
1 0.579688 0.882812 0.156250 0.162500
1 0.660156 0.960156 0.129688 0.079687
1 0.690625 0.908594 0.118750 0.085938
3 0.839063 0.980469 0.056250 0.039062
3 0.900000 0.989844 0.106250 0.020313
1 0.658594 0.667188 0.167187 0.143750
2 0.775000 0.693750 0.065625 0.050000
1 0.778906 0.560937 0.214062 0.168750
6 0.917188 0.525781 0.053125 0.073438
1 0.064062 0.061719 0.128125 0.123438
2 0.700781 0.984375 0.098437 0.031250
2 0.090625 0.770312 0.087500 0.106250
3 0.141406 0.843750 0.107813 0.106250
1 0.488281 0.626563 0.167187 0.187500
2 0.560937 0.696875 0.075000 0.112500
3 0.825000 0.669531 0.150000 0.110937
1 0.907813 0.608594 0.090625 0.129688
4 0.992969 0.485156 0.014063 0.017188
4 0.957031 0.575781 0.085938 0.229687
2 0.929688 0.302344 0.140625 0.148438
2 0.614062 0.375000 0.153125 0.115625
2 0.802344 0.282031 0.226562 0.198437
2 0.825000 0.450781 0.293750 0.223438
1 0.910937 0.800000 0.125000 0.131250
3 0.953125 0.804688 0.093750 0.150000
3 0.960938 0.716406 0.078125 0.135937
3 0.889844 0.928125 0.123438 0.106250
2 0.198437 0.735156 0.103125 0.067187
2 0.078125 0.531250 0.056250 0.084375
2 0.256250 0.665625 0.037500 0.037500
2 0.279687 0.038281 0.100000 0.076563
1 0.308594 0.934375 0.151562 0.131250
2 0.395313 0.953125 0.106250 0.093750
2 0.453906 0.925000 0.076563 0.093750
1 0.523438 0.952344 0.146875 0.095312
1 0.471875 0.985156 0.062500 0.029687
2 0.028906 0.522656 0.057813 0.092188
2 0.022656 0.620313 0.045312 0.087500
6 0.011719 0.284375 0.023438 0.068750
2 0.507031 0.900781 0.057813 0.079687
