1 0.231250 0.005469 0.071875 0.010937
1 0.425781 0.025000 0.076563 0.050000
1 0.550000 0.046094 0.175000 0.092188
6 0.207031 0.882031 0.035937 0.023438
1 0.806250 0.311719 0.125000 0.170313
2 0.797656 0.175781 0.142187 0.139063
1 0.967969 0.032813 0.064062 0.065625
6 0.940625 0.085156 0.040625 0.026562
1 0.447656 0.595313 0.135937 0.134375
1 0.394531 0.778125 0.239063 0.228125
2 0.029687 0.634375 0.059375 0.103125
1 0.789062 0.012500 0.059375 0.025000
1 0.723437 0.047656 0.150000 0.095312
1 0.698438 0.000781 0.006250 0.001563
1 0.683594 0.000781 0.001563 0.001563
6 0.839063 0.046094 0.034375 0.054688
1 0.732031 0.917188 0.123438 0.165625
1 0.360156 0.441406 0.223438 0.267188
1 0.067187 0.777344 0.134375 0.160938
1 0.190625 0.596094 0.156250 0.154688
1 0.325000 0.586719 0.106250 0.067187
2 0.284375 0.628125 0.087500 0.050000
2 0.343750 0.691406 0.156250 0.154688
1 0.232031 0.707031 0.142187 0.148438
1 0.118750 0.691406 0.106250 0.117188
1 0.053125 0.665625 0.075000 0.078125
6 0.277344 0.999219 0.001563 0.001563
6 0.328125 0.977344 0.053125 0.045312
4 0.485156 0.338281 0.073438 0.107813
2 0.567187 0.365625 0.137500 0.115625
6 0.592187 0.260937 0.034375 0.021875
4 0.435937 0.258594 0.078125 0.092188
1 0.953125 0.444531 0.093750 0.264062
1 0.864062 0.657031 0.243750 0.201563
1 0.929688 0.880469 0.140625 0.232813
1 0.971094 0.995313 0.057813 0.009375
1 0.851562 0.786719 0.200000 0.164062
2 0.876563 0.862500 0.081250 0.068750
2 0.892188 0.982812 0.081250 0.034375
2 0.792188 0.492188 0.109375 0.090625
3 0.255469 0.273438 0.085938 0.075000
2 0.528125 0.255469 0.140625 0.114062
2 0.585938 0.221094 0.078125 0.060937
2 0.500000 0.126562 0.134375 0.118750
2 0.571875 0.134375 0.034375 0.031250
2 0.889062 0.132812 0.103125 0.106250
