1 0.358594 0.986719 0.123438 0.026562
7 0.153906 0.892969 0.126562 0.132812
7 0.050000 0.725781 0.100000 0.170313
7 0.139063 0.719531 0.096875 0.160938
2 0.000000 0.913281 0.000000 0.001563
2 0.000781 0.897656 0.001563 0.001563
7 0.967187 0.649219 0.065625 0.070312
7 0.721875 0.716406 0.084375 0.073438
7 0.714844 0.660937 0.092188 0.068750
7 0.742188 0.796094 0.096875 0.101562
7 0.704688 0.582031 0.090625 0.104688
7 0.769531 0.596094 0.067187 0.114062
7 0.812500 0.673438 0.087500 0.106250
7 0.991406 0.765625 0.017188 0.040625
7 0.610938 0.660937 0.118750 0.125000
7 0.973437 0.723437 0.053125 0.068750
7 0.946094 0.817187 0.101562 0.103125
7 0.653906 0.863281 0.082812 0.079687
7 0.571094 0.872656 0.098437 0.095312
1 0.314063 0.759375 0.140625 0.159375
2 0.436719 0.681250 0.167187 0.156250
7 0.013281 0.568750 0.026562 0.121875
7 0.017969 0.517969 0.035937 0.057813
7 0.157031 0.600000 0.095312 0.096875
6 0.471094 0.774219 0.051562 0.060937
2 0.447656 0.561719 0.129688 0.132812
2 0.460156 0.452344 0.107813 0.135937
1 0.546094 0.532031 0.135937 0.129688
6 0.638281 0.539062 0.089063 0.084375
7 0.102344 0.534375 0.092188 0.112500
7 0.889844 0.572656 0.076563 0.085938
7 0.946875 0.540625 0.106250 0.081250
7 0.204687 0.300000 0.109375 0.096875
7 0.038281 0.333594 0.076563 0.085938
1 0.395313 0.134375 0.109375 0.143750
2 0.102344 0.334375 0.089063 0.075000
6 0.001563 0.343750 0.003125 0.003125
6 0.100781 0.260156 0.029687 0.029687
7 0.882031 0.425000 0.092188 0.087500
7 0.935937 0.450781 0.128125 0.145313
1 0.928125 0.353125 0.118750 0.121875
1 0.060937 0.420312 0.081250 0.081250
6 0.704688 0.453906 0.037500 0.035937
2 0.692187 0.512500 0.059375 0.056250
2 0.607031 0.464062 0.045312 0.065625
2 0.017969 0.027344 0.035937 0.054688
1 0.965625 0.495312 0.068750 0.065625
7 0.831250 0.484375 0.075000 0.065625
1 0.783594 0.046875 0.110937 0.093750
7 0.999219 0.000781 0.001563 0.001563
7 0.900781 0.153125 0.064062 0.087500
1 0.950000 0.155469 0.100000 0.139063
2 0.958594 0.250000 0.082812 0.128125
6 0.989844 0.049219 0.020313 0.039062
7 0.000781 0.958594 0.001563 0.032813
7 0.210156 0.646875 0.098437 0.106250
1 0.767969 0.344531 0.120313 0.157812
7 0.653125 0.382812 0.128125 0.131250
2 0.455469 0.024219 0.076563 0.048438
2 0.698438 0.313281 0.096875 0.107813
