2 0.024219 0.584375 0.048438 0.043750
2 0.022656 0.621094 0.045312 0.054688
7 0.070312 0.690625 0.140625 0.162500
2 0.077344 0.970313 0.051562 0.059375
1 0.455469 0.742969 0.120313 0.129688
7 0.188281 0.837500 0.185938 0.143750
1 0.479687 0.508594 0.159375 0.123438
2 0.192969 0.544531 0.295312 0.185938
2 0.128125 0.400000 0.178125 0.259375
2 0.734375 0.710938 0.112500 0.112500
1 0.920312 0.724219 0.134375 0.107813
1 0.888281 0.604688 0.129688 0.137500
1 0.815625 0.524219 0.159375 0.214062
1 0.684375 0.503125 0.075000 0.115625
2 0.660937 0.432812 0.096875 0.071875
2 0.726562 0.560937 0.125000 0.196875
2 0.807813 0.631250 0.196875 0.137500
2 0.718750 0.424219 0.065625 0.089063
6 0.754687 0.387500 0.062500 0.062500
2 0.732812 0.334375 0.087500 0.071875
1 0.948438 0.869531 0.103125 0.157812
1 0.868750 0.874219 0.200000 0.201563
3 0.967969 0.404687 0.064062 0.087500
1 0.117969 0.003125 0.039062 0.006250
1 0.090625 0.001563 0.009375 0.003125
1 0.463281 0.071875 0.160938 0.143750
1 0.952344 0.241406 0.095312 0.204687
2 0.803906 0.274219 0.139063 0.135937
2 0.828125 0.172656 0.109375 0.117188
2 0.322656 0.933594 0.151562 0.132812
1 0.375781 0.925000 0.045312 0.084375
1 0.983594 0.972656 0.032813 0.054688
2 0.975781 0.772656 0.048438 0.057813
1 0.361719 0.028906 0.129688 0.057813
1 0.645312 0.032031 0.112500 0.064062
1 0.595313 0.000781 0.006250 0.001563
1 0.571094 0.002344 0.017188 0.004687
2 0.965625 0.102344 0.068750 0.064062
2 0.992188 0.129688 0.015625 0.025000
