1 0.978125 0.557031 0.043750 0.079687
1 0.945312 0.673438 0.109375 0.143750
1 0.875000 0.651563 0.118750 0.159375
2 0.973437 0.785156 0.053125 0.079687
2 0.995313 0.725000 0.009375 0.031250
1 0.969531 0.965625 0.060937 0.068750
2 0.656250 0.010937 0.050000 0.021875
7 0.585156 0.015625 0.123438 0.031250
7 0.739844 0.075781 0.151562 0.151562
7 0.789844 0.149219 0.129688 0.095312
7 0.705469 0.245312 0.110937 0.103125
7 0.734375 0.206250 0.056250 0.065625
2 0.662500 0.103906 0.071875 0.101562
2 0.582031 0.072656 0.132812 0.110937
2 0.636719 0.205469 0.123438 0.114062
1 0.617188 0.350000 0.118750 0.162500
7 0.817969 0.996094 0.023438 0.007812
1 0.190625 0.595313 0.165625 0.215625
1 0.398438 0.713281 0.106250 0.042188
6 0.422656 0.783594 0.054688 0.085938
6 0.281250 0.242188 0.078125 0.084375
1 0.507031 0.293750 0.210938 0.181250
1 0.421094 0.387500 0.139063 0.137500
1 0.489063 0.469531 0.109375 0.070312
1 0.471875 0.547656 0.128125 0.095312
2 0.774219 0.023438 0.098437 0.046875
6 0.055469 0.092188 0.026562 0.075000
2 0.091406 0.027344 0.070312 0.054688
2 0.064062 0.000000 0.000000 0.000000
2 0.072656 0.043750 0.048438 0.034375
2 0.032813 0.007812 0.028125 0.015625
2 0.003906 0.003125 0.007812 0.006250
7 0.026562 0.100000 0.053125 0.096875
7 0.001563 0.179688 0.003125 0.009375
