1 0.955469 0.971875 0.089063 0.056250
1 0.878125 0.978125 0.090625 0.043750
7 0.907813 0.000000 0.006250 0.000000
1 0.149219 0.010937 0.039062 0.021875
1 0.205469 0.064062 0.117188 0.128125
1 0.368750 0.075781 0.153125 0.151562
2 0.550781 0.021094 0.148438 0.042188
1 0.571875 0.092969 0.162500 0.151562
1 0.794531 0.985156 0.085938 0.029687
1 0.749219 0.998437 0.007812 0.003125
7 0.639062 0.996875 0.021875 0.006250
7 0.698438 0.988281 0.053125 0.023438
7 0.483594 0.999219 0.010937 0.001563
7 0.462500 0.978906 0.056250 0.042188
7 0.271094 0.917969 0.045312 0.054688
7 0.251563 0.810156 0.115625 0.073438
7 0.275000 0.766406 0.128125 0.092188
7 0.257031 0.718750 0.085938 0.062500
7 0.199219 0.730469 0.079687 0.092188
7 0.256250 0.651563 0.100000 0.090625
7 0.228906 0.590625 0.073438 0.078125
7 0.166406 0.591406 0.085938 0.117188
2 0.946094 0.737500 0.098437 0.068750
2 0.903125 0.814063 0.090625 0.096875
2 0.823438 0.792969 0.100000 0.110937
1 0.860156 0.945312 0.073438 0.053125
1 0.911719 0.880469 0.067187 0.092188
1 0.726562 0.859375 0.121875 0.121875
1 0.707031 0.750000 0.160938 0.150000
1 0.971094 0.667969 0.057813 0.092188
1 0.889844 0.664844 0.120313 0.142187
1 0.771094 0.613281 0.120313 0.129688
1 0.575000 0.815625 0.087500 0.081250
1 0.421875 0.656250 0.106250 0.131250
1 0.417187 0.721875 0.056250 0.056250
1 0.630469 0.670312 0.139063 0.109375
1 0.556250 0.601562 0.140625 0.131250
7 0.589063 0.736719 0.084375 0.076563
1 0.433594 0.513281 0.114062 0.145313
1 0.635938 0.525000 0.140625 0.137500
7 0.137500 0.429688 0.131250 0.121875
7 0.264062 0.403906 0.112500 0.117188
7 0.190625 0.325781 0.153125 0.145313
7 0.253125 0.246094 0.121875 0.117188
7 0.024219 0.122656 0.048438 0.067187
7 0.025000 0.053125 0.050000 0.081250
7 0.089063 0.171094 0.065625 0.051562
7 0.118750 0.129688 0.078125 0.065625
1 0.089844 0.085156 0.076563 0.060937
1 0.523438 0.182031 0.068750 0.092188
1 0.382031 0.280469 0.114062 0.145313
7 0.523438 0.300781 0.106250 0.114062
7 0.732031 0.096094 0.076563 0.085938
1 0.799219 0.099219 0.070312 0.054688
1 0.977344 0.157812 0.045312 0.087500
2 0.757812 0.165625 0.096875 0.093750
1 0.975000 0.317188 0.050000 0.100000
1 0.762500 0.399219 0.128125 0.104688
1 0.845313 0.475000 0.190625 0.165625
1 0.933594 0.508594 0.132812 0.160938
2 0.889844 0.330469 0.064062 0.076563
2 0.834375 0.259375 0.131250 0.103125
2 0.644531 0.355469 0.110937 0.095312
1 0.975781 0.395313 0.048438 0.075000
7 0.925000 0.358594 0.059375 0.067187
7 0.950000 0.270313 0.100000 0.118750
