2 0.035156 0.972656 0.070312 0.054688
1 0.129688 0.844531 0.071875 0.085938
2 0.093750 0.810937 0.081250 0.065625
1 0.215625 0.828906 0.118750 0.129688
1 0.226562 0.921875 0.065625 0.078125
1 0.252344 0.736719 0.135937 0.120313
1 0.038281 0.678125 0.076563 0.125000
1 0.136719 0.727344 0.120313 0.129688
7 0.095312 0.719531 0.090625 0.101562
1 0.287500 0.614844 0.165625 0.154688
1 0.415625 0.624219 0.137500 0.129688
1 0.467187 0.548438 0.115625 0.121875
1 0.555469 0.891406 0.176563 0.170313
1 0.704688 0.730469 0.128125 0.151562
1 0.436719 0.888281 0.082812 0.092188
1 0.362500 0.950000 0.156250 0.100000
1 0.707031 0.614844 0.170313 0.170313
1 0.639844 0.807031 0.095312 0.135937
1 0.555469 0.967187 0.148438 0.065625
7 0.525000 0.253906 0.100000 0.101562
7 0.551562 0.177344 0.043750 0.060937
7 0.473438 0.207031 0.075000 0.085938
7 0.596875 0.289062 0.084375 0.081250
7 0.635938 0.260937 0.081250 0.084375
7 0.623437 0.190625 0.065625 0.068750
7 0.575781 0.192969 0.051562 0.064062
7 0.583594 0.114062 0.076563 0.100000
7 0.407031 0.202344 0.064062 0.101562
7 0.650000 0.036719 0.053125 0.060937
7 0.735156 0.038281 0.107813 0.076563
1 0.253125 0.284375 0.075000 0.081250
1 0.292969 0.430469 0.098437 0.101562
7 0.518750 0.159375 0.046875 0.059375
7 0.463281 0.138281 0.123438 0.076563
7 0.461719 0.373437 0.073438 0.065625
7 0.416406 0.394531 0.114062 0.095312
1 0.353906 0.303906 0.082812 0.073438
7 0.590625 0.414844 0.068750 0.045312
7 0.639844 0.348438 0.070312 0.071875
7 0.679688 0.302344 0.071875 0.064062
2 0.921875 0.398438 0.137500 0.168750
7 0.955469 0.550781 0.089063 0.157812
1 0.996094 0.365625 0.007812 0.040625
1 0.999219 0.269531 0.001563 0.001563
1 0.903906 0.000781 0.001563 0.001563
1 0.886719 0.000000 0.004687 0.000000
1 0.751563 0.103125 0.059375 0.081250
7 0.808594 0.024219 0.120313 0.048438
7 0.717187 0.003906 0.034375 0.007812
7 0.665625 0.003125 0.040625 0.006250
1 0.664844 0.128125 0.101562 0.109375
1 0.735156 0.210938 0.104688 0.128125
1 0.825000 0.182812 0.106250 0.112500
2 0.374219 0.771094 0.148438 0.139063
1 0.466406 0.803125 0.110937 0.103125
1 0.380469 0.879687 0.045312 0.065625
1 0.839844 0.797656 0.192188 0.223438
1 0.914062 0.943750 0.171875 0.112500
7 0.747656 0.952344 0.117188 0.095312
2 0.460156 0.972656 0.073438 0.054688
1 0.960938 0.791406 0.078125 0.142187
1 0.930469 0.865625 0.139063 0.100000
1 0.971875 0.915625 0.056250 0.084375
1 0.928906 0.138281 0.142187 0.182812
1 0.810156 0.257031 0.095312 0.067187
1 0.705469 0.410938 0.135937 0.128125
1 0.142969 0.469531 0.104688 0.089063
4 0.252344 0.965625 0.117188 0.068750
2 0.852344 0.994531 0.026562 0.010937
2 0.814063 0.992188 0.031250 0.015625
2 0.994531 0.717969 0.010937 0.020313
1 0.567187 0.687500 0.168750 0.162500
3 0.810156 0.685156 0.064062 0.064062
3 0.821094 0.605469 0.101562 0.129688
2 0.825000 0.554688 0.156250 0.106250
1 0.982812 0.278125 0.034375 0.137500
7 0.698438 0.251563 0.096875 0.096875
