7 0.729688 0.853125 0.068750 0.068750
1 0.900000 0.920312 0.109375 0.125000
1 0.970313 0.892188 0.059375 0.153125
7 0.844531 0.835156 0.060937 0.073438
2 0.644531 0.673438 0.067187 0.043750
2 0.796094 0.696094 0.054688 0.067187
6 0.805469 0.803906 0.054688 0.039062
1 0.525000 0.799219 0.190625 0.176563
2 0.090625 0.951562 0.078125 0.075000
2 0.115625 0.917969 0.078125 0.067187
7 0.283594 0.840625 0.085938 0.075000
7 0.191406 0.619531 0.082812 0.101562
7 0.228125 0.671875 0.096875 0.100000
7 0.300781 0.750000 0.092188 0.096875
7 0.332813 0.677344 0.093750 0.092188
1 0.385937 0.763281 0.103125 0.129688
7 0.399219 0.600000 0.098437 0.109375
7 0.239844 0.535937 0.085938 0.087500
7 0.020313 0.529687 0.040625 0.068750
2 0.528906 0.561719 0.101562 0.114062
7 0.230469 0.411719 0.067187 0.060937
7 0.262500 0.254688 0.071875 0.087500
7 0.224219 0.271094 0.070312 0.079687
7 0.307812 0.163281 0.115625 0.092188
7 0.353906 0.090625 0.092188 0.100000
7 0.417187 0.115625 0.075000 0.071875
7 0.467969 0.157812 0.110937 0.118750
7 0.532031 0.117188 0.073438 0.065625
7 0.471875 0.067969 0.090625 0.082812
7 0.539844 0.056250 0.067187 0.071875
2 0.067969 0.462500 0.045312 0.040625
7 0.003125 0.457031 0.006250 0.029687
7 0.022656 0.387500 0.045312 0.059375
7 0.037500 0.317969 0.075000 0.085938
7 0.182031 0.334375 0.079687 0.087500
7 0.111719 0.353125 0.073438 0.056250
1 0.014063 0.260937 0.028125 0.037500
7 0.018750 0.032813 0.037500 0.059375
7 0.015625 0.008594 0.028125 0.017188
7 0.010937 0.088281 0.021875 0.054688
7 0.079687 0.012500 0.087500 0.025000
7 0.054688 0.087500 0.078125 0.065625
7 0.035937 0.139844 0.071875 0.085938
7 0.332813 0.032031 0.093750 0.064062
1 0.964844 0.006250 0.067187 0.012500
2 0.713281 0.011719 0.120313 0.023438
7 0.764062 0.096094 0.078125 0.073438
7 0.783594 0.168750 0.098437 0.090625
1 0.625000 0.116406 0.109375 0.126562
1 0.915625 0.379688 0.125000 0.121875
7 0.685937 0.250781 0.075000 0.085938
7 0.822656 0.047656 0.079687 0.079687
7 0.909375 0.000000 0.003125 0.000000
7 0.870313 0.020313 0.071875 0.040625
7 0.890625 0.060937 0.065625 0.059375
7 0.774219 0.417187 0.089063 0.106250
1 0.904687 0.152344 0.084375 0.120313
1 0.559375 0.532813 0.090625 0.121875
1 0.650781 0.467969 0.114062 0.132812
7 0.771875 0.767188 0.065625 0.078125
1 0.914844 0.726562 0.076563 0.078125
1 0.852344 0.719531 0.079687 0.085938
1 0.829688 0.643750 0.112500 0.106250
2 0.971875 0.721094 0.056250 0.123438
1 0.999219 0.967969 0.001563 0.001563
1 0.825000 0.550781 0.143750 0.101562
1 0.938281 0.596094 0.123438 0.120313
7 0.985938 0.255469 0.028125 0.060937
2 0.989844 0.167187 0.020313 0.050000
7 0.871094 0.114844 0.092188 0.073438
7 0.091406 0.312500 0.051562 0.056250
7 0.182812 0.202344 0.134375 0.095312
6 0.248438 0.360156 0.075000 0.070312
7 0.816406 0.363281 0.098437 0.132812
