1 0.971875 0.742188 0.056250 0.125000
1 0.973437 0.850000 0.053125 0.109375
1 0.920312 0.867188 0.134375 0.168750
1 0.808594 0.865625 0.139063 0.146875
1 0.953125 0.627344 0.093750 0.123438
1 0.875000 0.710156 0.203125 0.192188
1 0.876563 0.578906 0.106250 0.135937
6 0.289844 0.504687 0.076563 0.071875
1 0.134375 0.412500 0.059375 0.065625
1 0.753906 0.463281 0.167187 0.173437
3 0.635938 0.349219 0.178125 0.192188
3 0.521875 0.225000 0.103125 0.115625
3 0.543750 0.167969 0.131250 0.117188
3 0.457031 0.100000 0.170313 0.165625
7 0.182031 0.193750 0.135937 0.137500
7 0.090625 0.064062 0.093750 0.078125
1 0.970313 0.289062 0.059375 0.181250
1 0.795312 0.200000 0.121875 0.137500
1 0.984375 0.128906 0.031250 0.064062
1 0.923438 0.218750 0.150000 0.218750
1 0.732812 0.034375 0.206250 0.068750
2 0.167187 0.285156 0.090625 0.085938
