7 0.464844 0.014844 0.057813 0.029687
1 0.089844 0.074219 0.095312 0.135937
2 0.403125 0.031250 0.090625 0.062500
1 0.100781 0.259375 0.048438 0.040625
1 0.071094 0.282031 0.060937 0.054688
1 0.242188 0.346875 0.100000 0.112500
1 0.475000 0.349219 0.062500 0.067187
1 0.198437 0.246094 0.068750 0.045312
1 0.383594 0.278125 0.076563 0.068750
1 0.545312 0.538281 0.065625 0.073438
1 0.197656 0.791406 0.076563 0.076563
1 0.413281 0.652344 0.082812 0.076563
1 0.042969 0.695312 0.051562 0.046875
1 0.140625 0.610938 0.046875 0.078125
6 0.000781 0.710156 0.001563 0.017188
1 0.474219 0.926562 0.085938 0.078125
6 0.165625 0.971094 0.068750 0.057813
6 0.407031 0.987500 0.064062 0.025000
6 0.455469 0.981250 0.054688 0.037500
1 0.539844 0.853125 0.064062 0.053125
1 0.713281 0.664062 0.089063 0.081250
1 0.723437 0.870313 0.078125 0.081250
1 0.817187 0.967187 0.059375 0.053125
1 0.650781 0.562500 0.035937 0.046875
2 0.814063 0.580469 0.150000 0.089063
2 0.983594 0.986719 0.032813 0.026562
2 0.969531 0.846094 0.045312 0.057813
6 0.935937 0.880469 0.028125 0.039062
6 0.806250 0.999219 0.000000 0.001563
6 0.784375 0.997656 0.009375 0.004687
2 0.801562 0.823438 0.043750 0.071875
2 0.617969 0.318750 0.064062 0.081250
1 0.653906 0.308594 0.029687 0.057813
1 0.653906 0.236719 0.067187 0.082812
1 0.489063 0.070312 0.112500 0.096875
1 0.596094 0.023438 0.098437 0.046875
2 0.605469 0.079687 0.101562 0.087500
2 0.676562 0.089844 0.056250 0.064062
2 0.682813 0.130469 0.037500 0.051562
2 0.732812 0.029687 0.112500 0.059375
7 0.998437 0.031250 0.003125 0.015625
1 0.987500 0.175781 0.025000 0.060937
