2 0.021875 0.319531 0.043750 0.114062
2 0.002344 0.102344 0.004687 0.017188
1 0.143750 0.014063 0.090625 0.028125
1 0.469531 0.046875 0.079687 0.093750
1 0.334375 0.217188 0.115625 0.162500
1 0.614844 0.043750 0.173437 0.087500
3 0.092188 0.053906 0.143750 0.092188
2 0.385156 0.034375 0.104688 0.068750
2 0.624219 0.160938 0.207813 0.171875
2 0.217188 0.042188 0.090625 0.084375
2 0.218750 0.200781 0.159375 0.267188
2 0.471875 0.175781 0.146875 0.129688
5 0.076563 0.159375 0.153125 0.234375
1 0.250781 0.302344 0.076563 0.114062
1 0.315625 0.382812 0.171875 0.171875
1 0.255469 0.524219 0.135937 0.135937
1 0.278906 0.635938 0.129688 0.128125
2 0.114062 0.420312 0.156250 0.125000
2 0.011719 0.690625 0.023438 0.075000
2 0.010156 0.646094 0.020313 0.023438
2 0.106250 0.684375 0.159375 0.143750
2 0.122656 0.544531 0.107813 0.151562
3 0.003906 0.591406 0.007812 0.035937
6 0.138281 0.632812 0.098437 0.056250
6 0.172656 0.725000 0.079687 0.075000
6 0.125781 0.334375 0.101562 0.118750
6 0.054688 0.464844 0.109375 0.132812
6 0.592187 0.547656 0.053125 0.042188
6 0.651563 0.649219 0.043750 0.048438
1 0.515625 0.302344 0.162500 0.145313
3 0.622656 0.313281 0.073438 0.085938
3 0.557031 0.488281 0.098437 0.135937
1 0.476562 0.535937 0.125000 0.162500
6 0.571094 0.714844 0.060937 0.057813
6 0.148438 0.817969 0.068750 0.082812
2 0.310937 0.997656 0.031250 0.004687
2 0.586719 0.791406 0.123438 0.104688
1 0.475781 0.904687 0.195312 0.190625
1 0.353125 0.908594 0.106250 0.160938
1 0.376563 0.989062 0.078125 0.021875
1 0.541406 0.971875 0.107813 0.056250
1 0.630469 0.987500 0.060937 0.025000
1 0.270313 0.940625 0.159375 0.118750
1 0.096875 0.966406 0.162500 0.067187
1 0.225000 0.872656 0.125000 0.176563
2 0.350781 0.710156 0.076563 0.089063
1 0.010937 0.948438 0.021875 0.059375
2 0.922656 0.009375 0.095312 0.018750
2 0.814844 0.036719 0.192188 0.073438
1 0.794531 0.080469 0.060937 0.064062
1 0.924219 0.170313 0.151562 0.115625
1 0.988281 0.154688 0.023438 0.059375
1 0.738281 0.171875 0.095312 0.103125
2 0.919531 0.065625 0.101562 0.109375
2 0.821875 0.192188 0.087500 0.106250
2 0.994531 0.470313 0.010937 0.025000
2 0.841406 0.592969 0.060937 0.145313
2 0.986719 0.697656 0.026562 0.042188
1 0.517969 0.620313 0.098437 0.103125
1 0.714844 0.361719 0.110937 0.145313
1 0.790625 0.413281 0.121875 0.170313
1 0.975781 0.304688 0.048438 0.137500
1 0.988281 0.154688 0.023438 0.059375
1 0.975781 0.304688 0.048438 0.137500
2 0.767188 0.704688 0.171875 0.150000
2 0.696875 0.825781 0.068750 0.107813
7 0.630469 0.894531 0.089063 0.085938
6 0.758594 0.846094 0.070312 0.092188
6 0.650000 0.859375 0.050000 0.075000
6 0.734375 0.964063 0.075000 0.071875
6 0.919531 0.762500 0.054688 0.062500
