1 0.999219 0.995313 0.001563 0.000000
1 0.998437 0.969531 0.003125 0.007812
2 0.924219 0.876563 0.151562 0.246875
2 0.797656 0.894531 0.117188 0.132812
2 0.718750 0.955469 0.118750 0.089063
2 0.706250 0.877344 0.081250 0.092188
2 0.936719 0.998437 0.007812 0.003125
2 0.917969 0.997656 0.007812 0.004687
2 0.954688 0.997656 0.009375 0.004687
2 0.979688 0.978125 0.040625 0.043750
1 0.543750 0.996875 0.015625 0.006250
1 0.603906 0.955469 0.129688 0.089063
1 0.510156 0.915625 0.176563 0.168750
1 0.628906 0.909375 0.101562 0.103125
1 0.634375 0.799219 0.165625 0.132812
1 0.671875 0.728125 0.175000 0.131250
1 0.788281 0.777344 0.164062 0.189062
1 0.325781 0.959375 0.232813 0.081250
1 0.065625 0.950000 0.131250 0.100000
2 0.050781 0.872656 0.098437 0.114062
4 0.088281 0.818750 0.064062 0.050000
4 0.135156 0.813281 0.070312 0.060937
2 0.195312 0.922656 0.109375 0.154688
1 0.125000 0.887500 0.100000 0.106250
1 0.007031 0.886719 0.014063 0.035937
1 0.025781 0.806250 0.051562 0.103125
1 0.330469 0.776563 0.167187 0.193750
1 0.447656 0.741406 0.098437 0.160938
4 0.225000 0.852344 0.146875 0.167187
1 0.192969 0.720313 0.179688 0.184375
1 0.017188 0.633594 0.034375 0.132812
4 0.089844 0.786719 0.117188 0.073438
4 0.085938 0.732031 0.050000 0.064062
4 0.039062 0.727344 0.078125 0.089063
2 0.073438 0.635156 0.143750 0.157812
1 0.732812 0.557813 0.221875 0.234375
1 0.999219 0.748437 0.001563 0.009375
1 0.988281 0.722656 0.023438 0.026562
1 0.929688 0.770312 0.140625 0.153125
2 0.843750 0.689844 0.131250 0.098437
1 0.989844 0.507812 0.020313 0.046875
1 0.910156 0.622656 0.179688 0.201563
2 0.050781 0.461719 0.067187 0.076563
2 0.059375 0.354687 0.118750 0.162500
2 0.178906 0.371094 0.154688 0.160938
2 0.250781 0.082031 0.129688 0.139063
2 0.139844 0.536719 0.089063 0.123438
1 0.382031 0.655469 0.095312 0.092188
2 0.046875 0.536719 0.062500 0.073438
1 0.223438 0.581250 0.153125 0.112500
1 0.296875 0.639844 0.103125 0.145313
1 0.302344 0.525000 0.182812 0.153125
4 0.398438 0.504687 0.071875 0.118750
6 0.509375 0.623437 0.115625 0.153125
2 0.556250 0.568750 0.096875 0.106250
1 0.829688 0.389844 0.187500 0.201563
1 0.762500 0.335156 0.137500 0.123438
4 0.645312 0.482031 0.168750 0.120313
1 0.228125 0.479687 0.103125 0.128125
1 0.343750 0.395313 0.156250 0.159375
1 0.410156 0.358594 0.167187 0.154688
1 0.353125 0.275781 0.084375 0.064062
1 0.453906 0.284375 0.139063 0.137500
1 0.514062 0.235937 0.121875 0.134375
6 0.664062 0.376563 0.093750 0.159375
3 0.500000 0.437500 0.090625 0.090625
1 0.525000 0.335156 0.078125 0.045312
2 0.582812 0.274219 0.103125 0.142187
2 0.772656 0.221094 0.126562 0.135937
2 0.667188 0.269531 0.087500 0.089063
1 0.655469 0.210938 0.114062 0.121875
2 0.832812 0.157812 0.146875 0.156250
1 0.932031 0.288281 0.101562 0.101562
1 0.961719 0.250781 0.076563 0.123438
1 0.939844 0.152344 0.110937 0.101562
2 0.360156 0.150000 0.154688 0.206250
2 0.269531 0.130469 0.070312 0.085938
2 0.517188 0.153125 0.193750 0.146875
1 0.414844 0.077344 0.126562 0.154688
1 0.607031 0.050781 0.195312 0.101562
2 0.925000 0.010937 0.081250 0.021875
