1 0.056250 0.730469 0.109375 0.110937
1 0.048438 0.830469 0.096875 0.160938
1 0.161719 0.872656 0.192188 0.189062
1 0.213281 0.975000 0.117188 0.050000
2 0.475781 0.740625 0.142187 0.112500
1 0.359375 0.789844 0.243750 0.154688
1 0.535937 0.861719 0.181250 0.164062
1 0.661719 0.892969 0.135937 0.139063
1 0.820312 0.941406 0.175000 0.117188
1 0.886719 0.821094 0.126562 0.139063
1 0.637500 0.999219 0.009375 0.001563
1 0.695312 0.992188 0.025000 0.015625
1 0.076563 0.997656 0.003125 0.004687
4 0.435156 0.982812 0.060937 0.034375
4 0.331250 0.969531 0.081250 0.060937
3 0.642188 0.607031 0.115625 0.101562
6 0.847656 0.382812 0.057813 0.050000
6 0.371094 0.642188 0.067187 0.084375
3 0.309375 0.657031 0.118750 0.132812
2 0.440625 0.609375 0.137500 0.143750
2 0.132812 0.639062 0.146875 0.134375
1 0.239844 0.335938 0.148438 0.165625
1 0.494531 0.246094 0.173437 0.173437
1 0.464844 0.440625 0.226562 0.287500
2 0.574219 0.352344 0.139063 0.182812
1 0.665625 0.430469 0.181250 0.132812
1 0.700000 0.291406 0.165625 0.282813
1 0.621094 0.207031 0.132812 0.151562
6 0.759375 0.610156 0.046875 0.070312
4 0.589844 0.538281 0.151562 0.095312
3 0.812500 0.291406 0.100000 0.139063
2 0.001563 0.738281 0.003125 0.023438
2 0.015625 0.692187 0.031250 0.056250
2 0.004687 0.654687 0.009375 0.009375
1 0.060937 0.502344 0.121875 0.279687
3 0.359375 0.025000 0.150000 0.050000
3 0.312500 0.066406 0.218750 0.117188
1 0.183594 0.735938 0.076563 0.106250
1 0.834375 0.601562 0.178125 0.196875
1 0.954688 0.618750 0.090625 0.109375
1 0.895312 0.523438 0.106250 0.096875
1 0.982812 0.542188 0.034375 0.071875
1 0.996875 0.998437 0.006250 0.003125
2 0.955469 0.810937 0.089063 0.153125
3 0.942187 0.991406 0.053125 0.017188
2 0.217969 0.022656 0.151562 0.045312
2 0.955469 0.263281 0.089063 0.157812
1 0.313281 0.435156 0.085938 0.123438
2 0.203906 0.201563 0.195312 0.168750
3 0.059375 0.185938 0.118750 0.253125
3 0.127344 0.101562 0.254688 0.203125
3 0.563281 0.081250 0.254688 0.162500
1 0.634375 0.000781 0.006250 0.001563
1 0.580469 0.004687 0.017188 0.009375
1 0.911719 0.097656 0.176563 0.195312
3 0.403125 0.134375 0.118750 0.178125
3 0.321875 0.229687 0.150000 0.156250
1 0.865625 0.248438 0.143750 0.203125
1 0.960938 0.436719 0.078125 0.095312
2 0.927344 0.383594 0.145313 0.126562
2 0.850000 0.414062 0.150000 0.137500
3 0.741406 0.063281 0.120313 0.126562
