2 0.735156 0.982031 0.095312 0.035937
2 0.981250 0.291406 0.037500 0.092188
2 0.804688 0.381250 0.128125 0.096875
2 0.763281 0.102344 0.201563 0.204687
1 0.497656 0.119531 0.160938 0.176563
2 0.567187 0.075781 0.081250 0.082812
2 0.466406 0.285938 0.095312 0.084375
1 0.604688 0.024219 0.090625 0.048438
1 0.356250 0.230469 0.078125 0.101562
1 0.391406 0.201563 0.123438 0.146875
1 0.320312 0.045312 0.100000 0.090625
2 0.204687 0.135937 0.156250 0.140625
1 0.110937 0.209375 0.131250 0.128125
1 0.089063 0.796875 0.106250 0.128125
1 0.003125 0.365625 0.006250 0.009375
1 0.057031 0.439844 0.114062 0.107813
2 0.126562 0.482812 0.125000 0.156250
2 0.030469 0.916406 0.060937 0.117188
2 0.981250 0.667969 0.037500 0.067187
2 0.994531 0.816406 0.010937 0.014063
2 0.994531 0.771094 0.010937 0.029687
2 0.940625 0.736719 0.118750 0.101562
1 0.846094 0.584375 0.170313 0.203125
1 0.858594 0.710938 0.107813 0.100000
1 0.688281 0.798438 0.092188 0.093750
1 0.785937 0.752344 0.171875 0.132812
2 0.985156 0.021875 0.029687 0.043750
1 0.062500 0.967969 0.090625 0.064062
1 0.185938 0.964063 0.171875 0.071875
1 0.381250 0.812500 0.143750 0.156250
1 0.347656 0.762500 0.157812 0.171875
1 0.416406 0.666406 0.117188 0.129688
1 0.128906 0.682813 0.135937 0.128125
2 0.110937 0.592187 0.090625 0.081250
2 0.027344 0.796094 0.054688 0.120313
2 0.035937 0.692187 0.071875 0.103125
1 0.045312 0.585156 0.090625 0.173437
1 0.921875 0.510156 0.156250 0.185938
1 0.964063 0.409375 0.071875 0.146875
2 0.432812 0.997656 0.025000 0.004687
2 0.517188 0.976562 0.093750 0.046875
2 0.507031 0.932031 0.101562 0.073438
2 0.427344 0.898438 0.092188 0.093750
1 0.260156 0.935156 0.110937 0.114062
2 0.234375 0.835938 0.165625 0.137500
2 0.212500 0.752344 0.153125 0.148438
1 0.539844 0.797656 0.101562 0.095312
2 0.563281 0.742969 0.079687 0.064062
2 0.485156 0.786719 0.057813 0.048438
1 0.921094 0.832031 0.082812 0.101562
2 0.981250 0.853125 0.037500 0.056250
2 0.883594 0.907031 0.098437 0.073438
2 0.865625 0.846094 0.037500 0.057813
2 0.141406 0.340625 0.160938 0.190625
2 0.051562 0.359375 0.103125 0.121875
1 0.589063 0.524219 0.171875 0.232813
1 0.635156 0.314844 0.073438 0.089063
1 0.708594 0.446094 0.132812 0.110937
1 0.691406 0.357812 0.104688 0.100000
1 0.735938 0.234375 0.103125 0.109375
2 0.720313 0.299219 0.128125 0.079687
2 0.821875 0.267188 0.115625 0.075000
2 0.827344 0.448437 0.101562 0.078125
