1 0.071875 0.917188 0.143750 0.165625
1 0.171094 0.936719 0.107813 0.126562
1 0.187500 0.853125 0.109375 0.106250
2 0.256250 0.960156 0.184375 0.079687
1 0.286719 0.865625 0.123438 0.125000
1 0.405469 0.856250 0.139063 0.146875
1 0.358594 0.736719 0.148438 0.126562
1 0.478125 0.947656 0.150000 0.104688
2 0.596875 0.961719 0.137500 0.076563
2 0.685156 0.955469 0.145313 0.089063
2 0.860156 0.996094 0.026562 0.007812
6 0.560937 0.526563 0.143750 0.106250
1 0.616406 0.482812 0.126562 0.115625
1 0.569531 0.392188 0.151562 0.137500
2 0.450781 0.402344 0.154688 0.142187
1 0.546875 0.270313 0.103125 0.093750
6 0.420312 0.006250 0.009375 0.012500
1 0.204687 0.053906 0.184375 0.107813
2 0.041406 0.022656 0.060937 0.045312
2 0.064844 0.070312 0.129688 0.140625
1 0.009375 0.031250 0.018750 0.062500
6 0.122656 0.085938 0.076563 0.106250
2 0.012500 0.149219 0.025000 0.020313
1 0.100000 0.192969 0.193750 0.182812
1 0.241406 0.332031 0.192188 0.185938
6 0.089063 0.350000 0.103125 0.100000
1 0.096875 0.467187 0.131250 0.168750
1 0.101562 0.781250 0.203125 0.156250
1 0.095312 0.666406 0.190625 0.226562
2 0.000781 0.599219 0.001563 0.017188
1 0.032031 0.521875 0.064062 0.090625
1 0.025000 0.435937 0.050000 0.175000
2 0.382812 0.985156 0.071875 0.029687
1 0.706250 0.669531 0.178125 0.151562
