2 0.048438 0.941406 0.096875 0.117188
2 0.102344 0.864062 0.076563 0.071875
2 0.083594 0.792188 0.167187 0.125000
2 0.044531 0.871875 0.067187 0.050000
1 0.007812 0.785937 0.015625 0.031250
1 0.013281 0.723437 0.026562 0.090625
1 0.012500 0.646875 0.025000 0.068750
2 0.017188 0.431250 0.034375 0.100000
6 0.072656 0.303125 0.145313 0.159375
1 0.046094 0.175000 0.051562 0.056250
1 0.014844 0.190625 0.029687 0.053125
1 0.259375 0.013281 0.059375 0.026562
2 0.205469 0.989062 0.048438 0.021875
2 0.325000 0.929688 0.134375 0.118750
2 0.162500 0.710938 0.153125 0.125000
1 0.310937 0.857812 0.078125 0.046875
1 0.652344 0.783594 0.092188 0.126562
1 0.691406 0.731250 0.095312 0.134375
1 0.730469 0.671875 0.098437 0.093750
1 0.652344 0.896094 0.139063 0.129688
1 0.753125 0.949219 0.084375 0.101562
2 0.770312 0.794531 0.112500 0.117188
2 0.832812 0.842187 0.128125 0.106250
2 0.916406 0.876563 0.167187 0.137500
2 0.833594 0.948438 0.135937 0.103125
1 0.950000 0.975000 0.100000 0.050000
3 0.375000 0.999219 0.003125 0.001563
3 0.302344 0.999219 0.004687 0.001563
3 0.337500 0.989844 0.059375 0.020313
1 0.131250 0.962500 0.106250 0.075000
2 0.257812 0.919531 0.059375 0.092188
3 0.225000 0.962500 0.109375 0.075000
2 0.131250 0.579688 0.109375 0.146875
2 0.571094 0.422656 0.101562 0.123438
2 0.560156 0.553125 0.123438 0.150000
4 0.523438 0.293750 0.087500 0.125000
2 0.685937 0.411719 0.075000 0.085938
2 0.232813 0.640625 0.065625 0.071875
1 0.633594 0.567187 0.154688 0.175000
1 0.888281 0.637500 0.210938 0.259375
1 0.960938 0.710938 0.078125 0.153125
1 0.742969 0.444531 0.117188 0.114062
2 0.805469 0.578906 0.120313 0.117188
2 0.782813 0.386719 0.087500 0.098437
2 0.776563 0.478125 0.062500 0.053125
2 0.800000 0.510156 0.043750 0.035937
2 0.840625 0.505469 0.040625 0.051562
2 0.915625 0.476562 0.146875 0.109375
2 0.984375 0.474219 0.031250 0.095312
2 0.873437 0.407813 0.109375 0.100000
3 0.998437 0.585156 0.003125 0.007812
3 0.965625 0.535937 0.068750 0.081250
2 0.989844 0.921094 0.020313 0.067187
2 0.989062 0.843750 0.021875 0.071875
2 0.941406 0.356250 0.117188 0.146875
1 0.965625 0.282813 0.068750 0.075000
1 0.835938 0.265625 0.134375 0.128125
1 0.778125 0.321875 0.087500 0.118750
1 0.938281 0.214062 0.123438 0.096875
1 0.957031 0.060156 0.085938 0.120313
1 0.976562 0.003125 0.025000 0.006250
1 0.668750 0.371875 0.068750 0.062500
1 0.488281 0.278125 0.054688 0.084375
1 0.789062 0.163281 0.090625 0.095312
6 0.610156 0.179688 0.104688 0.093750
7 0.324219 0.257031 0.101562 0.098437
7 0.513281 0.112500 0.123438 0.121875
2 0.406250 0.208594 0.156250 0.145313
2 0.996875 0.204687 0.006250 0.012500
7 0.798438 0.203125 0.087500 0.075000
3 0.664062 0.030469 0.071875 0.060937
7 0.328906 0.003906 0.051562 0.007812
4 0.639062 0.000000 0.003125 0.000000
3 0.120313 0.070312 0.084375 0.068750
3 0.527344 0.977344 0.064062 0.045312
