7 0.588281 0.471875 0.101562 0.090625
7 0.282031 0.460938 0.054688 0.065625
7 0.630469 0.554688 0.076563 0.071875
7 0.600781 0.642969 0.082812 0.095312
7 0.654687 0.674219 0.159375 0.126562
7 0.652344 0.753906 0.123438 0.089063
7 0.434375 0.812500 0.087500 0.081250
7 0.432031 0.885938 0.082812 0.078125
7 0.108594 0.803125 0.085938 0.096875
7 0.013281 0.669531 0.026562 0.089063
7 0.000000 0.619531 0.000000 0.007812
7 0.226562 0.482031 0.075000 0.057813
7 0.175000 0.441406 0.065625 0.048438
7 0.172656 0.400000 0.067187 0.053125
2 0.903125 0.825000 0.043750 0.053125
6 0.985156 0.710938 0.029687 0.031250
1 0.457031 0.900000 0.089063 0.071875
1 0.547656 0.927344 0.064062 0.070312
1 0.528125 0.867188 0.062500 0.053125
1 0.584375 0.834375 0.068750 0.046875
1 0.267969 0.902344 0.054688 0.076563
1 0.285156 0.862500 0.054688 0.065625
1 0.337500 0.814063 0.078125 0.065625
1 0.739844 0.811719 0.057813 0.117188
1 0.492188 0.839844 0.059375 0.060937
1 0.530469 0.791406 0.104688 0.095312
2 0.785156 0.675000 0.073438 0.081250
1 0.482812 0.467187 0.087500 0.081250
1 0.839844 0.617969 0.051562 0.054688
1 0.797656 0.497656 0.092188 0.082812
6 0.093750 0.375781 0.031250 0.039062
1 0.051562 0.642969 0.056250 0.042188
1 0.092188 0.729688 0.059375 0.075000
1 0.050000 0.720313 0.081250 0.100000
6 0.179688 0.504687 0.043750 0.050000
7 0.286719 0.705469 0.076563 0.085938
6 0.297656 0.574219 0.032813 0.035937
