2 0.146094 0.994531 0.014063 0.010937
2 0.062500 0.990625 0.053125 0.018750
2 0.297656 0.990625 0.020313 0.018750
2 0.482812 0.966406 0.250000 0.067187
1 0.782031 0.899219 0.170313 0.201563
1 0.899219 0.850000 0.182812 0.184375
7 0.850000 0.996875 0.034375 0.006250
2 0.924219 0.738281 0.151562 0.245312
2 0.979688 0.971094 0.040625 0.057813
2 0.624219 0.821094 0.185938 0.195312
2 0.546094 0.907031 0.189062 0.135937
4 0.806250 0.670312 0.118750 0.153125
2 0.451562 0.577344 0.140625 0.176563
1 0.361719 0.794531 0.151562 0.182812
4 0.010156 0.936719 0.020313 0.098437
2 0.047656 0.828125 0.095312 0.140625
2 0.024219 0.921094 0.048438 0.076563
2 0.094531 0.908594 0.117188 0.123438
4 0.171875 0.862500 0.093750 0.134375
4 0.096875 0.816406 0.056250 0.098437
2 0.178906 0.743750 0.139063 0.181250
2 0.047656 0.633594 0.095312 0.092188
2 0.017969 0.713281 0.035937 0.095312
2 0.239844 0.814063 0.117188 0.093750
3 0.039844 0.975000 0.070312 0.050000
4 0.161719 0.942969 0.070312 0.079687
3 0.414844 0.905469 0.095312 0.089063
1 0.113281 0.475000 0.179688 0.184375
2 0.239844 0.390625 0.167187 0.156250
2 0.301563 0.321094 0.121875 0.085938
2 0.148438 0.591406 0.125000 0.132812
2 0.022656 0.571094 0.045312 0.057813
2 0.321875 0.656250 0.134375 0.103125
1 0.345313 0.564063 0.187500 0.165625
1 0.346875 0.441406 0.240625 0.164062
2 0.360156 0.280469 0.154688 0.148438
2 0.446094 0.362500 0.151562 0.137500
2 0.587500 0.513281 0.146875 0.135937
2 0.549219 0.345313 0.176563 0.231250
2 0.707031 0.747656 0.132812 0.117188
1 0.708594 0.664062 0.120313 0.125000
6 0.683594 0.480469 0.123438 0.123438
7 0.970313 0.496875 0.059375 0.093750
2 0.968750 0.029687 0.062500 0.059375
2 0.914062 0.192969 0.171875 0.176563
2 0.582812 0.040625 0.087500 0.081250
2 0.577344 0.103125 0.129688 0.090625
2 0.470313 0.082031 0.106250 0.098437
2 0.994531 0.391406 0.010937 0.014063
2 0.678906 0.017969 0.101562 0.035937
2 0.646094 0.253125 0.076563 0.096875
2 0.745313 0.366406 0.125000 0.092188
2 0.666406 0.166406 0.070312 0.089063
2 0.957031 0.325000 0.085938 0.093750
1 0.767188 0.025000 0.109375 0.050000
1 0.766406 0.126562 0.139063 0.115625
1 0.850000 0.053125 0.134375 0.106250
1 0.557813 0.194531 0.131250 0.110937
1 0.335938 0.155469 0.128125 0.110937
1 0.306250 0.060937 0.156250 0.121875
1 0.177344 0.015625 0.095312 0.031250
2 0.018750 0.078906 0.037500 0.073438
2 0.024219 0.483594 0.048438 0.135937
4 0.078906 0.338281 0.142187 0.107813
4 0.103125 0.261719 0.084375 0.092188
1 0.428906 0.026562 0.110937 0.053125
2 0.851562 0.321875 0.118750 0.100000
1 0.447656 0.189062 0.129688 0.093750
2 0.067969 0.042188 0.110937 0.071875
2 0.021875 0.013281 0.043750 0.026562
