1 0.861719 0.050000 0.135937 0.100000
1 0.959375 0.072656 0.081250 0.145313
3 0.896875 0.117969 0.090625 0.076563
3 0.792188 0.100781 0.109375 0.114062
3 0.958594 0.171094 0.067187 0.051562
3 0.976562 0.222656 0.046875 0.060937
6 0.914844 0.239844 0.073438 0.085938
1 0.950781 0.285156 0.098437 0.114062
2 0.961719 0.393750 0.076563 0.109375
3 0.979688 0.470313 0.040625 0.071875
2 0.881250 0.400781 0.062500 0.060937
1 0.856250 0.454688 0.115625 0.134375
2 0.912500 0.489063 0.056250 0.050000
2 0.947656 0.643750 0.101562 0.087500
2 0.999219 0.882031 0.001563 0.017188
1 0.028906 0.275000 0.057813 0.093750
1 0.025000 0.190625 0.050000 0.090625
1 0.063281 0.097656 0.126562 0.195312
1 0.004687 0.000000 0.009375 0.000000
1 0.142969 0.059375 0.229687 0.118750
2 0.490625 0.871875 0.065625 0.068750
2 0.243750 0.670312 0.134375 0.084375
1 0.203125 0.561719 0.093750 0.126562
1 0.210156 0.460156 0.104688 0.085938
1 0.092969 0.581250 0.101562 0.090625
2 0.010937 0.688281 0.021875 0.029687
2 0.445312 0.316406 0.100000 0.042188
1 0.128125 0.360938 0.121875 0.100000
6 0.340625 0.554688 0.168750 0.131250
2 0.300000 0.203906 0.093750 0.129688
2 0.592187 0.187500 0.078125 0.109375
3 0.570312 0.039062 0.112500 0.078125
3 0.720313 0.012500 0.109375 0.025000
7 0.606250 0.110156 0.084375 0.079687
7 0.526563 0.060937 0.090625 0.087500
7 0.542969 0.125781 0.082812 0.073438
7 0.276562 0.035937 0.078125 0.071875
1 0.432031 0.121094 0.114062 0.107813
6 0.346094 0.007031 0.035937 0.014063
1 0.625781 0.000781 0.026562 0.001563
4 0.688281 0.711719 0.095312 0.073438
3 0.403906 0.556250 0.057813 0.050000
2 0.639844 0.600781 0.060937 0.064062
2 0.682813 0.507812 0.109375 0.140625
2 0.464844 0.621094 0.079687 0.098437
2 0.575781 0.671875 0.117188 0.071875
2 0.564844 0.822656 0.123438 0.117188
