1 0.085156 0.253125 0.170313 0.146875
2 0.430469 0.142187 0.157812 0.131250
2 0.490625 0.067187 0.143750 0.134375
3 0.515625 0.213281 0.131250 0.092188
3 0.628125 0.200000 0.096875 0.143750
1 0.044531 0.791406 0.085938 0.073438
1 0.011719 0.800781 0.023438 0.092188
1 0.071875 0.678125 0.143750 0.212500
1 0.552344 0.492969 0.270313 0.232813
6 0.932031 0.541406 0.104688 0.082812
1 0.775781 0.637500 0.242188 0.196875
2 0.412500 0.883594 0.125000 0.129688
1 0.136719 0.835938 0.123438 0.143750
2 0.252344 0.785937 0.179688 0.259375
2 0.235937 0.935937 0.087500 0.100000
2 0.172656 0.960156 0.054688 0.079687
1 0.153125 0.364063 0.196875 0.181250
1 0.394531 0.758594 0.135937 0.132812
6 0.485938 0.989844 0.028125 0.020313
6 0.778125 0.307031 0.128125 0.101562
6 0.850000 0.143750 0.059375 0.071875
3 0.964063 0.957812 0.071875 0.084375
3 0.911719 0.862500 0.104688 0.118750
3 0.796094 0.033594 0.120313 0.067187
1 0.918750 0.047656 0.162500 0.095312
2 0.418750 0.024219 0.046875 0.048438
3 0.317969 0.088281 0.148438 0.142187
2 0.217188 0.283594 0.115625 0.129688
2 0.176563 0.422656 0.284375 0.192188
3 0.247656 0.600000 0.135937 0.153125
4 0.288281 0.533594 0.101562 0.110937
4 0.378906 0.526563 0.092188 0.100000
2 0.327344 0.447656 0.098437 0.107813
2 0.553125 0.356250 0.268750 0.209375
2 0.425000 0.309375 0.162500 0.171875
4 0.365625 0.364844 0.125000 0.123438
3 0.673438 0.125000 0.084375 0.065625
4 0.566406 0.127344 0.085938 0.079687
1 0.737500 0.228906 0.165625 0.151562
1 0.771875 0.410156 0.143750 0.185938
1 0.721875 0.481250 0.209375 0.150000
2 0.380469 0.632812 0.160938 0.171875
2 0.542969 0.996094 0.026562 0.007812
1 0.973437 0.885938 0.053125 0.118750
1 0.950781 0.777344 0.098437 0.120313
2 0.932813 0.646875 0.084375 0.165625
2 0.863281 0.732812 0.135937 0.134375
1 0.907813 0.160156 0.184375 0.239063
1 0.986719 0.259375 0.026562 0.093750
1 0.993750 0.189844 0.012500 0.014063
6 0.014063 0.006250 0.015625 0.012500
6 0.001563 0.004687 0.003125 0.009375
3 0.199219 0.075781 0.157812 0.142187
4 0.012500 0.082812 0.025000 0.059375
1 0.085156 0.144531 0.135937 0.142187
3 0.162500 0.578125 0.065625 0.143750
3 0.084375 0.574219 0.131250 0.164062
1 0.083594 0.943750 0.157812 0.112500
2 0.004687 0.567969 0.009375 0.023438
1 0.992188 0.453125 0.015625 0.018750
1 0.546875 0.681250 0.203125 0.106250
1 0.644531 0.055469 0.226562 0.110937
1 0.758594 0.111719 0.104688 0.114062
3 0.369531 0.954688 0.145313 0.090625
1 0.538281 0.758594 0.095312 0.104688
1 0.664062 0.794531 0.190625 0.185938
1 0.523438 0.837500 0.118750 0.087500
1 0.645312 0.898438 0.106250 0.125000
1 0.649219 0.958594 0.148438 0.082812
1 0.734375 0.916406 0.075000 0.073438
1 0.794531 0.964063 0.117188 0.071875
1 0.556250 0.936719 0.087500 0.126562
2 0.870313 0.962500 0.078125 0.075000
