3 0.646875 0.423438 0.121875 0.175000
3 0.581250 0.271875 0.156250 0.165625
3 0.753125 0.254688 0.178125 0.178125
3 0.657813 0.117188 0.106250 0.106250
3 0.925000 0.196875 0.115625 0.121875
3 0.775781 0.546094 0.082812 0.079687
3 0.803125 0.479687 0.090625 0.100000
3 0.843750 0.381250 0.134375 0.131250
3 0.943750 0.341406 0.112500 0.139063
3 0.785156 0.166406 0.054688 0.045312
3 0.821094 0.060937 0.173437 0.121875
3 0.407031 0.272656 0.098437 0.079687
3 0.410938 0.194531 0.068750 0.067187
3 0.411719 0.084375 0.145313 0.146875
3 0.457813 0.020313 0.071875 0.040625
3 0.577344 0.058594 0.145313 0.117188
3 0.584375 0.002344 0.018750 0.004687
3 0.653906 0.005469 0.035937 0.010937
3 0.883594 0.007031 0.039062 0.014063
3 0.940625 0.014063 0.068750 0.028125
3 0.863281 0.733594 0.132812 0.160938
3 0.933594 0.655469 0.132812 0.192188
3 0.998437 0.794531 0.003125 0.004687
3 0.906250 0.859375 0.153125 0.118750
3 0.550000 0.424219 0.090625 0.151562
