2 0.024219 0.584375 0.048438 0.043750
2 0.022656 0.622656 0.045312 0.054688
7 0.070312 0.691406 0.140625 0.160938
2 0.077344 0.970313 0.051562 0.059375
1 0.455469 0.744531 0.120313 0.129688
7 0.188281 0.837500 0.185938 0.143750
1 0.479687 0.509375 0.159375 0.121875
2 0.193750 0.545312 0.293750 0.187500
2 0.128125 0.400000 0.178125 0.259375
2 0.734375 0.710938 0.112500 0.112500
1 0.920312 0.724219 0.134375 0.107813
1 0.888281 0.604688 0.129688 0.137500
1 0.815625 0.524219 0.159375 0.214062
1 0.684375 0.503906 0.075000 0.117188
2 0.660937 0.432812 0.096875 0.071875
2 0.726562 0.561719 0.125000 0.198437
2 0.807813 0.632031 0.196875 0.139063
2 0.718750 0.425000 0.065625 0.090625
6 0.754687 0.387500 0.062500 0.062500
2 0.732812 0.335156 0.087500 0.070312
1 0.948438 0.870313 0.103125 0.159375
1 0.868750 0.875000 0.200000 0.200000
3 0.968750 0.405469 0.062500 0.089063
1 0.117969 0.003125 0.042188 0.006250
1 0.089844 0.001563 0.010937 0.003125
1 0.463281 0.071875 0.160938 0.143750
1 0.952344 0.241406 0.095312 0.204687
2 0.803906 0.274219 0.139063 0.135937
2 0.828125 0.173437 0.109375 0.115625
2 0.322656 0.933594 0.151562 0.132812
1 0.375781 0.925781 0.045312 0.085938
1 0.983594 0.973437 0.032813 0.053125
2 0.975781 0.773438 0.048438 0.059375
1 0.361719 0.028906 0.129688 0.057813
1 0.645312 0.032031 0.112500 0.064062
1 0.595313 0.000781 0.006250 0.001563
1 0.571094 0.002344 0.017188 0.004687
2 0.965625 0.102344 0.068750 0.064062
2 0.992188 0.129688 0.015625 0.025000
1 0.296875 0.000000 0.000000 0.000000
