2 0.003906 0.139844 0.007812 0.014063
6 0.021094 0.715625 0.042188 0.200000
2 0.379688 0.703125 0.156250 0.146875
2 0.961719 0.742188 0.076563 0.178125
2 0.876563 0.764844 0.118750 0.095312
2 0.872656 0.656250 0.254688 0.187500
2 0.640625 0.352344 0.090625 0.060937
2 0.612500 0.307812 0.103125 0.087500
2 0.841406 0.254688 0.160938 0.109375
2 0.939063 0.325781 0.121875 0.089063
2 0.948438 0.234375 0.103125 0.150000
1 0.703906 0.291406 0.117188 0.126562
1 0.648438 0.195312 0.137500 0.159375
2 0.418750 0.378125 0.171875 0.115625
1 0.453906 0.344531 0.135937 0.129688
2 0.573438 0.048438 0.121875 0.096875
7 0.471094 0.258594 0.126562 0.114062
1 0.971875 0.010156 0.056250 0.020313
6 0.364844 0.002344 0.017188 0.004687
6 0.330469 0.003125 0.007812 0.006250
6 0.250000 0.010156 0.021875 0.020313
1 0.674219 0.007812 0.017188 0.015625
