7 0.926562 0.021094 0.087500 0.042188
7 0.860156 0.028906 0.082812 0.057813
7 0.867188 0.075000 0.068750 0.065625
7 0.796094 0.067187 0.098437 0.093750
7 0.804688 0.117969 0.056250 0.039062
7 0.838281 0.149219 0.082812 0.082812
7 0.736719 0.131250 0.129688 0.137500
7 0.727344 0.050781 0.082812 0.051562
7 0.721094 0.018750 0.089063 0.037500
7 0.668750 0.001563 0.021875 0.003125
7 0.600781 0.026562 0.092188 0.053125
7 0.554688 0.002344 0.003125 0.004687
7 0.462500 0.010937 0.028125 0.021875
6 0.788281 0.017969 0.076563 0.035937
7 0.362500 0.265625 0.100000 0.081250
7 0.244531 0.338281 0.095312 0.089063
7 0.200000 0.303906 0.103125 0.092188
7 0.702344 0.222656 0.089063 0.089063
7 0.625000 0.208594 0.084375 0.073438
7 0.555469 0.178906 0.107813 0.076563
1 0.877344 0.134375 0.070312 0.084375
2 0.552344 0.119531 0.201563 0.139063
2 0.640625 0.142187 0.081250 0.081250
7 0.784375 0.191406 0.081250 0.076563
7 0.834375 0.217969 0.093750 0.067187
7 0.810937 0.272656 0.125000 0.089063
7 0.925781 0.239063 0.117188 0.103125
7 0.730469 0.271875 0.048438 0.059375
7 0.680469 0.270313 0.082812 0.065625
7 0.657813 0.314063 0.093750 0.118750
7 0.581250 0.303125 0.100000 0.159375
7 0.521094 0.313281 0.082812 0.104688
1 0.972656 0.180469 0.054688 0.095312
7 0.991406 0.039062 0.017188 0.053125
1 0.333594 0.321094 0.098437 0.129688
7 0.443750 0.381250 0.112500 0.125000
7 0.503125 0.449219 0.128125 0.148438
7 0.234375 0.404687 0.068750 0.071875
7 0.189062 0.442188 0.090625 0.087500
7 0.426563 0.543750 0.128125 0.112500
7 0.170313 0.506250 0.100000 0.084375
7 0.598437 0.467187 0.109375 0.084375
7 0.354687 0.457813 0.103125 0.084375
7 0.316406 0.473438 0.073438 0.075000
7 0.300000 0.541406 0.109375 0.079687
7 0.150781 0.568750 0.076563 0.071875
1 0.331250 0.389062 0.134375 0.100000
7 0.861719 0.335156 0.082812 0.092188
7 0.885156 0.388281 0.098437 0.110937
7 0.836719 0.431250 0.089063 0.100000
1 0.448437 0.628906 0.128125 0.110937
1 0.468750 0.716406 0.115625 0.117188
1 0.287500 0.702344 0.218750 0.251563
7 0.228125 0.582812 0.075000 0.078125
7 0.237500 0.825000 0.090625 0.084375
7 0.153125 0.792188 0.093750 0.075000
7 0.141406 0.845313 0.101562 0.062500
7 0.078125 0.801562 0.068750 0.075000
7 0.148438 0.728125 0.062500 0.062500
7 0.093750 0.689844 0.084375 0.067187
2 0.167969 0.646875 0.120313 0.106250
2 0.937500 0.320312 0.065625 0.062500
2 0.957812 0.354687 0.084375 0.068750
7 0.890625 0.495312 0.071875 0.090625
7 0.975781 0.564063 0.048438 0.071875
7 0.984375 0.626563 0.031250 0.062500
6 0.930469 0.561719 0.054688 0.054688
1 0.951562 0.480469 0.096875 0.110937
7 0.973437 0.742969 0.053125 0.082812
7 0.877344 0.918750 0.148438 0.162500
7 0.751563 0.857031 0.115625 0.117188
7 0.546094 0.898438 0.051562 0.068750
2 0.767188 0.432031 0.068750 0.070312
2 0.721875 0.514844 0.056250 0.042188
2 0.521094 0.563281 0.073438 0.089063
7 0.653125 0.559375 0.068750 0.071875
7 0.587500 0.579688 0.043750 0.056250
7 0.648438 0.687500 0.106250 0.143750
7 0.711719 0.714844 0.060937 0.054688
7 0.828906 0.736719 0.070312 0.098437
1 0.679688 0.842187 0.071875 0.062500
1 0.637500 0.922656 0.100000 0.126562
1 0.711719 0.932031 0.085938 0.110937
1 0.538281 0.809375 0.067187 0.096875
7 0.418750 0.815625 0.081250 0.065625
7 0.205469 0.891406 0.098437 0.101562
1 0.308594 0.889844 0.123438 0.126562
1 0.172656 0.966406 0.085938 0.067187
7 0.117188 0.921094 0.096875 0.120313
1 0.213281 0.984375 0.089063 0.031250
1 0.385937 0.991406 0.046875 0.017188
2 0.553125 0.972656 0.146875 0.054688
2 0.998437 0.989844 0.003125 0.017188
