1 0.020313 0.903125 0.040625 0.125000
2 0.253125 0.932813 0.175000 0.134375
2 0.203125 0.879687 0.150000 0.131250
2 0.346094 0.933594 0.107813 0.095312
2 0.575781 0.992969 0.076563 0.014063
1 0.517969 0.931250 0.142187 0.137500
2 0.466406 0.871094 0.104688 0.114062
4 0.586719 0.885938 0.089063 0.093750
4 0.395313 0.942187 0.121875 0.115625
1 0.938281 0.925781 0.123438 0.148438
1 0.889844 0.778125 0.185938 0.200000
1 0.983594 0.769531 0.032813 0.085938
6 0.505469 0.867188 0.070312 0.084375
1 0.442969 0.766406 0.135937 0.129688
1 0.017188 0.538281 0.034375 0.126562
4 0.164844 0.689063 0.160938 0.131250
1 0.586719 0.720313 0.129688 0.140625
2 0.969531 0.564063 0.060937 0.175000
2 0.745313 0.610156 0.093750 0.054688
1 0.871875 0.565625 0.171875 0.206250
1 0.795312 0.666406 0.078125 0.107813
1 0.791406 0.431250 0.117188 0.137500
2 0.696094 0.491406 0.145313 0.167187
2 0.611719 0.446875 0.214062 0.140625
1 0.807813 0.185938 0.184375 0.175000
1 0.935937 0.138281 0.128125 0.179688
2 0.687500 0.056250 0.103125 0.112500
2 0.756250 0.067969 0.103125 0.135937
