1 0.248438 0.074219 0.121875 0.123438
1 0.330469 0.310156 0.098437 0.117188
2 0.339062 0.374219 0.146875 0.126562
1 0.307031 0.485156 0.142187 0.129688
1 0.430469 0.554688 0.129688 0.093750
1 0.087500 0.511719 0.084375 0.076563
1 0.034375 0.522656 0.068750 0.107813
2 0.259375 0.008594 0.062500 0.017188
1 0.359375 0.046094 0.106250 0.092188
6 0.588281 0.027344 0.054688 0.054688
1 0.424219 0.422656 0.101562 0.073438
2 0.367188 0.260937 0.087500 0.084375
6 0.003125 0.542969 0.006250 0.014063
1 0.100000 0.374219 0.153125 0.207813
1 0.028906 0.389844 0.057813 0.164062
2 0.356250 0.121875 0.118750 0.121875
2 0.432812 0.171094 0.100000 0.135937
3 0.478125 0.263281 0.162500 0.114062
3 0.975000 0.258594 0.050000 0.079687
2 0.902344 0.124219 0.151562 0.145313
3 0.802344 0.156250 0.135937 0.106250
1 0.546094 0.746875 0.101562 0.100000
1 0.476562 0.646094 0.118750 0.101562
2 0.540625 0.585156 0.087500 0.129688
2 0.107813 0.809375 0.109375 0.093750
2 0.094531 0.908594 0.064062 0.085938
2 0.149219 0.874219 0.064062 0.082812
2 0.017188 0.860156 0.034375 0.067187
2 0.034375 0.784375 0.068750 0.121875
2 0.076563 0.755469 0.081250 0.051562
2 0.297656 0.204687 0.167187 0.159375
1 0.998437 0.997656 0.003125 0.004687
1 0.999219 0.967969 0.001563 0.010937
2 0.996094 0.758594 0.007812 0.045312
2 0.989844 0.717187 0.020313 0.021875
2 0.010156 0.042969 0.020313 0.070312
1 0.028125 0.260156 0.056250 0.095312
1 0.000000 0.223438 0.000000 0.009375
1 0.133594 0.170313 0.248438 0.340625
1 0.113281 0.000781 0.010937 0.001563
1 0.056250 0.041406 0.109375 0.082812
1 0.001563 0.108594 0.003125 0.010937
1 0.002344 0.080469 0.004687 0.010937
6 0.996094 0.145313 0.007812 0.018750
2 0.800781 0.063281 0.148438 0.126562
1 0.752344 0.049219 0.176563 0.098437
2 0.523438 0.152344 0.115625 0.082812
2 0.515625 0.076563 0.103125 0.112500
2 0.625781 0.104688 0.123438 0.209375
2 0.682813 0.160938 0.153125 0.131250
2 0.562500 0.221094 0.100000 0.089063
2 0.643750 0.266406 0.150000 0.126562
2 0.650000 0.377344 0.159375 0.160938
3 0.532813 0.339062 0.112500 0.143750
2 0.496094 0.385156 0.129688 0.148438
3 0.320312 0.575000 0.112500 0.109375
2 0.616406 0.556250 0.110937 0.212500
1 0.717969 0.534375 0.160938 0.150000
1 0.712500 0.628125 0.162500 0.118750
1 0.642188 0.675000 0.093750 0.100000
2 0.726562 0.825000 0.103125 0.081250
1 0.880469 0.696875 0.139063 0.146875
2 0.404687 0.681250 0.171875 0.184375
2 0.332031 0.696875 0.104688 0.115625
6 0.146094 0.988281 0.035937 0.023438
1 0.056250 0.875781 0.087500 0.082812
1 0.016406 0.678906 0.032813 0.123438
2 0.045312 0.606250 0.090625 0.140625
1 0.135937 0.703125 0.218750 0.184375
2 0.242969 0.761719 0.167187 0.207813
1 0.344531 0.807031 0.101562 0.101562
2 0.186719 0.964063 0.129688 0.071875
2 0.144531 0.996094 0.014063 0.007812
2 0.167187 0.992188 0.018750 0.015625
2 0.121875 0.984375 0.050000 0.031250
2 0.007812 0.560937 0.015625 0.021875
2 0.002344 0.528906 0.004687 0.023438
2 0.000781 0.504687 0.001563 0.006250
2 0.462500 0.049219 0.131250 0.089063
3 0.314063 0.014063 0.025000 0.028125
2 0.196094 0.024219 0.076563 0.048438
2 0.121094 0.000781 0.007812 0.001563
2 0.239063 0.325781 0.112500 0.107813
2 0.249219 0.894531 0.182812 0.139063
2 0.627344 0.999219 0.010937 0.001563
2 0.559375 0.964844 0.115625 0.070312
1 0.655469 0.954688 0.101562 0.090625
1 0.777344 0.711719 0.139063 0.154688
2 0.999219 0.164844 0.001563 0.010937
3 0.065625 0.970313 0.093750 0.059375
2 0.037500 0.946875 0.075000 0.106250
