1 0.955469 0.890625 0.089063 0.218750
1 0.771875 0.908594 0.271875 0.182812
2 0.917969 0.928125 0.073438 0.140625
2 0.399219 0.904687 0.257812 0.190625
1 0.044531 0.948438 0.089063 0.103125
2 0.249219 0.916406 0.104688 0.098437
7 0.125000 0.923438 0.128125 0.093750
2 0.135156 0.814063 0.164062 0.159375
2 0.007031 0.812500 0.014063 0.075000
2 0.300781 0.809375 0.170313 0.156250
2 0.443750 0.993750 0.021875 0.012500
2 0.507031 0.979688 0.073438 0.040625
6 0.117188 0.992969 0.015625 0.014063
6 0.064062 0.987500 0.056250 0.025000
2 0.124219 0.976562 0.114062 0.046875
1 0.026562 0.564063 0.053125 0.106250
2 0.257812 0.729688 0.090625 0.059375
5 0.200781 0.607812 0.229687 0.250000
2 0.284375 0.524219 0.153125 0.120313
2 0.079687 0.526563 0.125000 0.103125
2 0.510156 0.620313 0.164062 0.225000
2 0.675781 0.712500 0.195312 0.118750
1 0.901563 0.668750 0.159375 0.137500
2 0.963281 0.621875 0.073438 0.156250
1 0.636719 0.584375 0.117188 0.184375
1 0.562500 0.504687 0.131250 0.159375
2 0.750000 0.578906 0.125000 0.164062
2 0.842187 0.553906 0.128125 0.117188
2 0.891406 0.491406 0.167187 0.154688
4 0.677344 0.843750 0.085938 0.115625
4 0.925000 0.800000 0.121875 0.103125
4 0.930469 0.758594 0.101562 0.054688
2 0.012500 0.403906 0.025000 0.123438
1 0.035937 0.284375 0.071875 0.131250
2 0.050781 0.469531 0.101562 0.067187
2 0.150781 0.342969 0.239063 0.154688
2 0.329688 0.327344 0.156250 0.151562
2 0.221875 0.200000 0.215625 0.175000
2 0.352344 0.178125 0.214062 0.162500
1 0.013281 0.134375 0.026562 0.184375
1 0.018750 0.027344 0.037500 0.054688
1 0.524219 0.420312 0.114062 0.109375
1 0.442969 0.387500 0.110937 0.112500
2 0.394531 0.454688 0.135937 0.175000
2 0.384375 0.335938 0.103125 0.112500
2 0.650781 0.299219 0.117188 0.170313
2 0.864844 0.378906 0.151562 0.145313
1 0.916406 0.282031 0.167187 0.220312
2 0.968750 0.190625 0.062500 0.118750
2 0.502344 0.270313 0.204687 0.228125
2 0.585938 0.163281 0.209375 0.179688
1 0.803906 0.162500 0.167187 0.159375
1 0.947656 0.132031 0.104688 0.104688
1 0.841406 0.096875 0.195312 0.106250
1 0.964063 0.058594 0.071875 0.101562
2 0.770312 0.070312 0.209375 0.140625
1 0.237500 0.026562 0.084375 0.053125
2 0.971094 0.989062 0.035937 0.021875
4 0.917188 0.997656 0.034375 0.004687
2 0.491406 0.782813 0.104688 0.100000
