7 0.696875 0.009375 0.043750 0.018750
2 0.111719 0.603125 0.076563 0.084375
2 0.310937 0.277344 0.046875 0.048438
2 0.324219 0.315625 0.060937 0.065625
2 0.246875 0.267969 0.046875 0.035937
2 0.238281 0.232813 0.042188 0.043750
2 0.264844 0.210938 0.032813 0.025000
2 0.306250 0.218750 0.062500 0.056250
2 0.192188 0.228906 0.078125 0.045312
2 0.146094 0.204687 0.092188 0.050000
2 0.104688 0.143750 0.078125 0.065625
2 0.340625 0.118750 0.093750 0.093750
1 0.556250 0.135156 0.081250 0.101562
2 0.003906 0.028125 0.007812 0.012500
2 0.020313 0.132031 0.040625 0.057813
2 0.073438 0.204687 0.059375 0.043750
2 0.000000 0.185156 0.000000 0.001563
2 0.000000 0.171094 0.000000 0.007812
2 0.039844 0.214062 0.045312 0.059375
2 0.008594 0.253125 0.017188 0.021875
2 0.000000 0.231250 0.000000 0.003125
2 0.011719 0.207031 0.023438 0.035937
2 0.000781 0.310937 0.001563 0.006250
2 0.028125 0.278125 0.056250 0.059375
2 0.084375 0.240625 0.100000 0.068750
2 0.096875 0.290625 0.084375 0.075000
2 0.046875 0.321875 0.081250 0.087500
2 0.007031 0.332813 0.014063 0.056250
2 0.056250 0.380469 0.050000 0.057813
2 0.012500 0.363281 0.025000 0.032813
2 0.490625 0.023438 0.090625 0.046875
2 0.434375 0.003906 0.015625 0.007812
2 0.422656 0.000781 0.004687 0.001563
2 0.400781 0.007812 0.032813 0.015625
2 0.602344 0.037500 0.067187 0.075000
2 0.542969 0.019531 0.051562 0.039062
2 0.028125 0.396094 0.056250 0.054688
2 0.005469 0.570312 0.010937 0.050000
2 0.027344 0.591406 0.054688 0.060937
2 0.019531 0.635938 0.039062 0.075000
2 0.115625 0.668750 0.068750 0.062500
