2 0.673438 0.932813 0.178125 0.134375
2 0.638281 0.860156 0.098437 0.101562
2 0.614062 0.766406 0.178125 0.179688
2 0.000781 0.826562 0.001563 0.015625
2 0.031250 0.725781 0.062500 0.157812
2 0.005469 0.642969 0.010937 0.020313
1 0.426563 0.939844 0.171875 0.120313
2 0.475000 0.815625 0.178125 0.175000
2 0.521875 0.978906 0.071875 0.042188
1 0.534375 0.628906 0.178125 0.151562
1 0.778906 0.523438 0.120313 0.140625
1 0.462500 0.442188 0.262500 0.256250
2 0.379688 0.601562 0.137500 0.156250
1 0.277344 0.604688 0.164062 0.150000
1 0.643750 0.407813 0.115625 0.137500
1 0.546875 0.346094 0.240625 0.185938
2 0.735938 0.366406 0.118750 0.157812
2 0.153125 0.327344 0.137500 0.139063
1 0.989062 0.981250 0.021875 0.037500
1 0.967187 0.738281 0.065625 0.117188
2 0.975000 0.653906 0.050000 0.089063
4 0.861719 0.900781 0.117188 0.167187
4 0.857031 0.982812 0.089063 0.034375
1 0.342969 0.277344 0.220312 0.189062
1 0.602344 0.199219 0.254688 0.235937
2 0.010937 0.322656 0.021875 0.042188
2 0.044531 0.242969 0.089063 0.129688
2 0.000781 0.168750 0.001563 0.012500
2 0.150000 0.221094 0.187500 0.126562
2 0.253125 0.207813 0.121875 0.109375
1 0.082812 0.127344 0.134375 0.117188
1 0.275000 0.124219 0.131250 0.126562
1 0.076563 0.046875 0.140625 0.093750
1 0.164062 0.066406 0.115625 0.132812
4 0.267969 0.335938 0.120313 0.125000
4 0.423438 0.185156 0.162500 0.160938
1 0.412500 0.064844 0.209375 0.129688
1 0.250000 0.016406 0.143750 0.032813
1 0.627344 0.051562 0.160938 0.103125
1 0.000781 0.002344 0.001563 0.004687
4 0.680469 0.106250 0.157812 0.112500
2 0.585156 0.015625 0.079687 0.031250
2 0.522656 0.003906 0.023438 0.007812
1 0.782813 0.158594 0.137500 0.192188
1 0.858594 0.098437 0.157812 0.196875
2 0.779687 0.017969 0.134375 0.035937
2 0.923438 0.018750 0.090625 0.037500
4 0.867969 0.392969 0.104688 0.110937
4 0.821094 0.331250 0.089063 0.134375
2 0.944531 0.092969 0.070312 0.104688
2 0.950781 0.875781 0.098437 0.182812
1 0.906250 0.913281 0.087500 0.110937
2 0.378125 0.754687 0.156250 0.218750
