5 0.978906 0.117969 0.042188 0.110937
2 0.989062 0.435937 0.021875 0.128125
1 0.953125 0.278906 0.093750 0.242188
2 0.976562 0.803125 0.046875 0.068750
1 0.918750 0.156250 0.109375 0.175000
1 0.826562 0.154688 0.109375 0.156250
2 0.657813 0.180469 0.218750 0.235937
1 0.663281 0.368750 0.129688 0.193750
1 0.596875 0.428906 0.143750 0.148438
1 0.530469 0.467969 0.082812 0.076563
1 0.531250 0.548438 0.071875 0.140625
1 0.928125 0.579688 0.143750 0.171875
1 0.442969 0.508594 0.114062 0.095312
1 0.893750 0.477344 0.143750 0.164062
2 0.893750 0.366406 0.084375 0.079687
2 0.762500 0.375000 0.121875 0.200000
2 0.653125 0.565625 0.193750 0.165625
2 0.879687 0.703125 0.171875 0.234375
2 0.386719 0.167969 0.207813 0.176563
2 0.481250 0.374219 0.193750 0.157812
2 0.362500 0.313281 0.184375 0.154688
2 0.345313 0.389844 0.153125 0.117188
2 0.271094 0.272656 0.079687 0.104688
2 0.239844 0.330469 0.110937 0.101562
1 0.705469 0.765625 0.129688 0.150000
1 0.969531 0.913281 0.060937 0.173437
1 0.730469 0.885156 0.139063 0.120313
1 0.824219 0.950000 0.292187 0.100000
1 0.344531 0.957812 0.151562 0.084375
1 0.516406 0.980469 0.076563 0.039062
1 0.572656 0.920312 0.070312 0.075000
2 0.448437 0.983594 0.081250 0.032813
2 0.128906 0.997656 0.017188 0.004687
2 0.238281 0.978906 0.117188 0.042188
1 0.500000 0.907031 0.171875 0.157812
1 0.160938 0.938281 0.153125 0.123438
1 0.055469 0.925000 0.110937 0.150000
1 0.121875 0.853125 0.112500 0.115625
1 0.446094 0.746094 0.129688 0.079687
1 0.309375 0.792188 0.225000 0.203125
3 0.260156 0.929688 0.076563 0.090625
1 0.337500 0.903125 0.112500 0.084375
1 0.207813 0.706250 0.206250 0.231250
1 0.242969 0.600781 0.148438 0.185938
1 0.079687 0.572656 0.159375 0.270313
2 0.523438 0.735938 0.100000 0.075000
2 0.117188 0.496094 0.131250 0.135937
1 0.260937 0.501563 0.150000 0.168750
1 0.060156 0.239063 0.120313 0.162500
1 0.148438 0.367188 0.128125 0.118750
1 0.042188 0.360938 0.084375 0.143750
2 0.030469 0.714844 0.060937 0.076563
3 0.003906 0.795312 0.007812 0.025000
3 0.016406 0.846094 0.032813 0.039062
3 0.019531 0.777344 0.039062 0.057813
3 0.030469 0.826562 0.060937 0.053125
2 0.048438 0.999219 0.006250 0.001563
2 0.023438 0.997656 0.009375 0.004687
