6 0.272656 0.273438 0.151562 0.143750
1 0.125781 0.482031 0.067187 0.110937
1 0.175000 0.380469 0.084375 0.104688
2 0.777344 0.031250 0.126562 0.062500
6 0.410938 0.091406 0.156250 0.095312
1 0.041406 0.437500 0.082812 0.178125
2 0.827344 0.364063 0.242188 0.156250
2 0.977344 0.354687 0.045312 0.046875
1 0.200000 0.508594 0.156250 0.157812
2 0.040625 0.296875 0.081250 0.165625
1 0.988281 0.307812 0.023438 0.059375
1 0.973437 0.042969 0.053125 0.085938
1 0.999219 0.205469 0.001563 0.004687
1 0.986719 0.135937 0.026562 0.125000
1 0.933594 0.135156 0.120313 0.110937
1 0.966406 0.237500 0.067187 0.100000
2 0.662500 0.125781 0.209375 0.195312
2 0.651563 0.064062 0.121875 0.128125
1 0.644531 0.364844 0.148438 0.139063
2 0.538281 0.290625 0.089063 0.106250
2 0.600781 0.261719 0.064062 0.060937
2 0.475000 0.128125 0.112500 0.100000
2 0.624219 0.010156 0.092188 0.020313
2 0.553125 0.039844 0.062500 0.079687
3 0.462500 0.017188 0.046875 0.034375
2 0.432812 0.221094 0.100000 0.110937
2 0.342187 0.193750 0.096875 0.115625
