1 0.679688 0.743750 0.125000 0.100000
1 0.600781 0.699219 0.173437 0.123438
6 0.398438 0.628906 0.043750 0.057813
2 0.841406 0.821875 0.135937 0.150000
2 0.701562 0.885938 0.125000 0.137500
2 0.607812 0.950000 0.125000 0.100000
2 0.572656 0.886719 0.126562 0.129688
1 0.376563 0.954688 0.096875 0.090625
2 0.075000 0.146875 0.150000 0.178125
2 0.021094 0.988281 0.042188 0.023438
6 0.065625 0.793750 0.043750 0.043750
1 0.250781 0.607812 0.160938 0.109375
1 0.192969 0.545312 0.114062 0.112500
6 0.293750 0.498437 0.059375 0.075000
5 0.304688 0.391406 0.109375 0.129688
2 0.239063 0.111719 0.243750 0.223438
6 0.021094 0.037500 0.042188 0.056250
2 0.002344 0.358594 0.004687 0.010937
2 0.019531 0.330469 0.039062 0.023438
2 0.013281 0.237500 0.026562 0.043750
1 0.050000 0.304688 0.100000 0.168750
2 0.221094 0.800000 0.070312 0.087500
2 0.263281 0.892188 0.170313 0.115625
1 0.996875 0.171094 0.006250 0.010937
1 0.997656 0.112500 0.004687 0.046875
1 0.998437 0.071094 0.003125 0.010937
1 0.923438 0.039062 0.153125 0.078125
1 0.817969 0.264062 0.139063 0.140625
1 0.863281 0.367188 0.095312 0.090625
1 0.923438 0.260937 0.153125 0.284375
6 0.751563 0.128125 0.043750 0.043750
1 0.918750 0.077344 0.162500 0.114062
1 0.834375 0.156250 0.109375 0.109375
1 0.743750 0.061719 0.221875 0.123438
2 0.501563 0.064844 0.209375 0.129688
2 0.606250 0.018750 0.062500 0.037500
1 0.650000 0.999219 0.003125 0.001563
1 0.692969 0.969531 0.079687 0.060937
1 0.769531 0.985938 0.048438 0.028125
1 0.848437 0.970313 0.121875 0.059375
1 0.876563 0.910937 0.131250 0.103125
1 0.992969 0.995313 0.014063 0.009375
1 0.917188 0.974219 0.075000 0.051562
6 0.963281 0.804688 0.020313 0.034375
1 0.957812 0.906250 0.084375 0.187500
1 0.957812 0.610938 0.084375 0.171875
1 0.924219 0.732812 0.151562 0.121875
2 0.103906 0.960156 0.132812 0.079687
2 0.232813 0.957812 0.115625 0.084375
2 0.317188 0.996875 0.012500 0.006250
2 0.289844 0.991406 0.020313 0.017188
2 0.185938 0.987500 0.053125 0.025000
2 0.430469 0.712500 0.060937 0.043750
1 0.881250 0.608594 0.121875 0.217188
1 0.435937 0.507812 0.237500 0.203125
4 0.396875 0.396875 0.084375 0.071875
1 0.380469 0.319531 0.110937 0.092188
2 0.232813 0.325000 0.125000 0.237500
1 0.323437 0.246875 0.156250 0.206250
1 0.446875 0.198437 0.196875 0.206250
1 0.558594 0.273438 0.176563 0.221875
6 0.185938 0.232031 0.087500 0.079687
2 0.000000 0.160938 0.000000 0.006250
2 0.013281 0.892188 0.026562 0.056250
2 0.058594 0.854688 0.117188 0.121875
2 0.112500 0.765625 0.121875 0.109375
1 0.072656 0.699219 0.145313 0.145313
5 0.076563 0.561719 0.153125 0.157812
2 0.326562 0.783594 0.146875 0.129688
2 0.407031 0.822656 0.095312 0.101562
1 0.492969 0.867188 0.114062 0.100000
1 0.560937 0.614062 0.146875 0.125000
4 0.463281 0.377344 0.082812 0.126562
1 0.553125 0.382812 0.143750 0.178125
1 0.763281 0.839063 0.114062 0.153125
1 0.815625 0.765625 0.171875 0.065625
1 0.670312 0.436719 0.228125 0.201563
1 0.807813 0.529687 0.140625 0.100000
2 0.601562 0.128906 0.134375 0.101562
2 0.923438 0.449219 0.153125 0.182812
2 0.997656 0.449219 0.004687 0.004687
1 0.413281 0.906250 0.089063 0.075000
