2 0.545312 0.033594 0.087500 0.067187
2 0.666406 0.029687 0.135937 0.059375
2 0.592187 0.003906 0.015625 0.007812
6 0.184375 0.157812 0.121875 0.090625
1 0.953906 0.043750 0.092188 0.087500
6 0.800000 0.037500 0.075000 0.071875
2 0.774219 0.099219 0.114062 0.079687
7 0.881250 0.077344 0.093750 0.092188
1 0.691406 0.269531 0.098437 0.117188
1 0.313281 0.159375 0.070312 0.100000
1 0.285938 0.239844 0.103125 0.079687
6 0.008594 0.329688 0.017188 0.031250
6 0.001563 0.304688 0.003125 0.003125
6 0.016406 0.549219 0.032813 0.051562
1 0.607812 0.297656 0.168750 0.148438
2 0.832031 0.999219 0.001563 0.001563
2 0.879687 0.996875 0.034375 0.006250
1 0.378125 0.944531 0.153125 0.110937
2 0.471094 0.856250 0.151562 0.165625
2 0.255469 0.906250 0.160938 0.153125
2 0.148438 0.947656 0.162500 0.104688
7 0.057031 0.880469 0.114062 0.079687
2 0.919531 0.148438 0.160938 0.143750
