1 0.089063 0.956250 0.178125 0.087500
1 0.102344 0.871875 0.104688 0.121875
1 0.061719 0.751563 0.123438 0.146875
1 0.121875 0.721875 0.121875 0.143750
1 0.230469 0.775781 0.135937 0.214062
2 0.153125 0.558594 0.200000 0.154688
2 0.047656 0.657031 0.095312 0.092188
4 0.288281 0.691406 0.160938 0.173437
4 0.342187 0.803906 0.125000 0.126562
2 0.187500 0.835156 0.078125 0.089063
2 0.207813 0.901563 0.118750 0.068750
2 0.517188 0.921094 0.096875 0.132812
1 0.438281 0.661719 0.267188 0.226562
1 0.416406 0.925781 0.139063 0.104688
1 0.371875 0.960156 0.103125 0.079687
4 0.472656 0.980469 0.104688 0.039062
1 0.826562 0.996094 0.034375 0.007812
1 0.280469 0.969531 0.092188 0.060937
1 0.682031 0.907031 0.145313 0.185938
1 0.782813 0.877344 0.184375 0.179688
4 0.595313 0.920312 0.071875 0.100000
4 0.544531 0.889062 0.085938 0.125000
4 0.569531 0.810156 0.060937 0.070312
4 0.453125 0.822656 0.168750 0.145313
4 0.493750 0.759375 0.037500 0.043750
4 0.516406 0.710156 0.079687 0.076563
4 0.486719 0.680469 0.035937 0.054688
4 0.615625 0.740625 0.100000 0.081250
4 0.546094 0.678125 0.101562 0.106250
2 0.657813 0.676562 0.153125 0.078125
1 0.064062 0.008594 0.096875 0.017188
2 0.285156 0.381250 0.198437 0.184375
2 0.389062 0.426563 0.159375 0.228125
1 0.776563 0.583594 0.212500 0.223438
1 0.872656 0.660156 0.229687 0.276562
1 0.903125 0.766406 0.193750 0.192188
1 0.963281 0.589063 0.073438 0.165625
1 0.993750 0.878906 0.012500 0.023438
1 0.993750 0.853906 0.012500 0.020313
1 0.541406 0.475781 0.217188 0.232813
1 0.890625 0.451562 0.162500 0.087500
1 0.901563 0.338281 0.196875 0.182812
1 0.992188 0.242969 0.015625 0.060937
1 0.998437 0.196094 0.003125 0.023438
4 0.675781 0.193750 0.160938 0.134375
4 0.587500 0.404687 0.137500 0.109375
1 0.846094 0.178125 0.148438 0.137500
2 0.948438 0.198437 0.103125 0.121875
1 0.905469 0.071094 0.157812 0.142187
1 0.964844 0.084375 0.070312 0.168750
3 0.345313 0.015625 0.059375 0.031250
3 0.401562 0.008594 0.053125 0.017188
3 0.471875 0.007812 0.037500 0.015625
3 0.436719 0.002344 0.017188 0.004687
3 0.629687 0.075000 0.093750 0.137500
6 0.586719 0.975781 0.076563 0.048438
2 0.040625 0.879687 0.081250 0.165625
