7 0.094531 0.586719 0.048438 0.048438
2 0.025000 0.541406 0.050000 0.057813
1 0.239063 0.339844 0.171875 0.210938
1 0.267969 0.139844 0.126562 0.151562
1 0.282031 0.030469 0.085938 0.060937
1 0.632812 0.278125 0.081250 0.090625
2 0.612500 0.214844 0.071875 0.067187
1 0.001563 0.471094 0.003125 0.007812
1 0.025781 0.396875 0.051562 0.109375
2 0.590625 0.480469 0.059375 0.082812
7 0.664062 0.526563 0.065625 0.075000
7 0.910156 0.135937 0.054688 0.059375
7 0.773438 0.015625 0.068750 0.031250
1 0.936719 0.055469 0.126562 0.110937
1 0.002344 0.011719 0.004687 0.010937
1 0.056250 0.000781 0.015625 0.001563
1 0.012500 0.003125 0.025000 0.006250
2 0.825000 0.057031 0.090625 0.054688
2 0.861719 0.226562 0.123438 0.090625
2 0.772656 0.201563 0.073438 0.087500
2 0.799219 0.245312 0.082812 0.046875
2 0.774219 0.133594 0.101562 0.089063
7 0.931250 0.451562 0.062500 0.053125
2 0.703906 0.023438 0.082812 0.046875
2 0.691406 0.072656 0.092188 0.073438
2 0.640625 0.044531 0.050000 0.042188
2 0.517188 0.060156 0.059375 0.045312
1 0.447656 0.010156 0.073438 0.020313
1 0.409375 0.036719 0.100000 0.073438
1 0.355469 0.075781 0.092188 0.110937
2 0.457031 0.101562 0.085938 0.096875
2 0.500000 0.017188 0.071875 0.034375
2 0.690625 0.128906 0.109375 0.057813
2 0.694531 0.185156 0.101562 0.082812
2 0.527344 0.192188 0.051562 0.043750
2 0.494531 0.245312 0.060937 0.046875
2 0.548438 0.241406 0.103125 0.064062
7 0.579688 0.110937 0.062500 0.062500
2 0.586719 0.165625 0.082812 0.075000
2 0.104688 0.054688 0.140625 0.109375
2 0.034375 0.080469 0.068750 0.101562
2 0.051562 0.178906 0.103125 0.120313
