7 0.571875 0.217969 0.106250 0.164062
2 0.600000 0.325781 0.153125 0.117188
1 0.013281 0.900781 0.026562 0.120313
2 0.434375 0.039062 0.118750 0.078125
2 0.920312 0.500781 0.071875 0.089063
2 0.739844 0.454688 0.076563 0.078125
1 0.557813 0.731250 0.221875 0.253125
7 0.324219 0.406250 0.082812 0.078125
7 0.210156 0.424219 0.182812 0.170313
1 0.709375 0.913281 0.196875 0.173437
1 0.824219 0.994531 0.045312 0.010937
1 0.428125 0.956250 0.100000 0.087500
1 0.291406 0.953125 0.220312 0.093750
1 0.250000 0.850000 0.240625 0.187500
7 0.097656 0.702344 0.154688 0.092188
7 0.112500 0.168750 0.134375 0.109375
7 0.206250 0.200781 0.128125 0.067187
7 0.105469 0.268750 0.126562 0.118750
7 0.195312 0.285156 0.131250 0.151562
2 0.418750 0.422656 0.115625 0.104688
2 0.111719 0.000000 0.010937 0.000000
2 0.161719 0.048438 0.092188 0.062500
2 0.006250 0.032031 0.012500 0.064062
2 0.053125 0.098437 0.043750 0.062500
2 0.325781 0.004687 0.051562 0.009375
1 0.056250 0.539062 0.078125 0.081250
1 0.021094 0.532031 0.042188 0.098437
2 0.131250 0.513281 0.068750 0.095312
2 0.120313 0.600000 0.103125 0.128125
1 0.383594 0.675781 0.189062 0.210938
1 0.218750 0.621094 0.259375 0.223438
