1 0.160156 0.969531 0.092188 0.060937
1 0.104688 0.957031 0.103125 0.085938
1 0.029687 0.978906 0.059375 0.042188
1 0.128125 0.870313 0.128125 0.112500
1 0.190625 0.790625 0.081250 0.106250
1 0.096094 0.767188 0.123438 0.118750
1 0.227344 0.678125 0.095312 0.150000
1 0.289062 0.703906 0.087500 0.079687
1 0.317969 0.645312 0.114062 0.103125
1 0.094531 0.540625 0.092188 0.068750
1 0.372656 0.726562 0.095312 0.078125
1 0.406250 0.621094 0.128125 0.164062
1 0.309375 0.552344 0.109375 0.117188
1 0.226562 0.490625 0.171875 0.190625
1 0.100000 0.432031 0.200000 0.192188
2 0.008594 0.478906 0.017188 0.029687
2 0.011719 0.408594 0.023438 0.073438
1 0.204687 0.337500 0.140625 0.143750
1 0.375781 0.417969 0.145313 0.170313
1 0.487500 0.410938 0.146875 0.200000
2 0.342187 0.303125 0.171875 0.156250
2 0.485938 0.702344 0.165625 0.098437
2 0.488281 0.799219 0.182812 0.148438
1 0.571875 0.546875 0.175000 0.168750
1 0.478906 0.576562 0.057813 0.075000
1 0.635156 0.667969 0.139063 0.173437
1 0.664062 0.810156 0.193750 0.160938
1 0.721094 0.634375 0.145313 0.184375
1 0.767969 0.763281 0.157812 0.160938
1 0.653906 0.905469 0.151562 0.117188
6 0.509375 0.900781 0.118750 0.117188
1 0.942969 0.942187 0.114062 0.115625
1 0.989062 0.478125 0.021875 0.093750
1 0.828906 0.548438 0.204687 0.218750
2 0.632812 0.460938 0.175000 0.231250
3 0.753125 0.482031 0.121875 0.164062
3 0.815625 0.402344 0.165625 0.135937
2 0.945312 0.414062 0.109375 0.121875
2 0.645312 0.244531 0.281250 0.254688
2 0.495312 0.160938 0.256250 0.321875
2 0.638281 0.060937 0.185938 0.121875
2 0.385937 0.038281 0.121875 0.076563
1 0.507031 0.044531 0.107813 0.089063
1 0.745313 0.058594 0.112500 0.117188
1 0.703125 0.000781 0.003125 0.001563
1 0.680469 0.005469 0.029687 0.010937
2 0.857031 0.251563 0.217188 0.203125
1 0.996875 0.335156 0.006250 0.010937
1 0.974219 0.261719 0.051562 0.098437
1 0.938281 0.078125 0.123438 0.156250
5 0.810156 0.107031 0.107813 0.157812
2 0.035937 0.035937 0.071875 0.071875
4 0.180469 0.227344 0.104688 0.098437
1 0.175781 0.057031 0.129688 0.114062
1 0.093750 0.117969 0.187500 0.201563
1 0.250781 0.007812 0.079687 0.015625
1 0.350781 0.208594 0.051562 0.064062
1 0.306250 0.161719 0.153125 0.160938
1 0.314063 0.050000 0.103125 0.096875
1 0.995313 0.162500 0.009375 0.012500
