2 0.003906 0.999219 0.007812 0.001563
1 0.133594 0.950000 0.135937 0.100000
1 0.088281 0.899219 0.154688 0.201563
1 0.000781 0.901563 0.001563 0.006250
1 0.022656 0.825000 0.045312 0.128125
2 0.728906 0.996094 0.032813 0.007812
2 0.700781 0.994531 0.023438 0.010937
2 0.810937 0.971875 0.090625 0.056250
2 0.914062 0.964063 0.150000 0.071875
2 0.985156 0.994531 0.029687 0.010937
3 0.715625 0.960938 0.078125 0.078125
3 0.725000 0.899219 0.084375 0.085938
3 0.807813 0.850781 0.118750 0.064062
3 0.873437 0.917969 0.062500 0.073438
2 0.604688 0.894531 0.190625 0.179688
2 0.581250 0.972656 0.131250 0.054688
2 0.478125 0.876563 0.118750 0.162500
1 0.999219 0.792188 0.001563 0.012500
1 0.999219 0.772656 0.001563 0.001563
3 0.993750 0.696875 0.012500 0.031250
3 0.999219 0.671875 0.001563 0.006250
3 0.878906 0.821875 0.079687 0.084375
2 0.966406 0.653906 0.054688 0.042188
2 0.930469 0.813281 0.073438 0.073438
2 0.837500 0.700000 0.081250 0.096875
2 0.617188 0.678125 0.143750 0.146875
1 0.679688 0.771094 0.075000 0.067187
1 0.702344 0.707031 0.126562 0.098437
2 0.766406 0.625000 0.070312 0.075000
2 0.567187 0.742188 0.068750 0.046875
2 0.500000 0.714844 0.087500 0.114062
2 0.410938 0.803906 0.053125 0.057813
2 0.391406 0.863281 0.064062 0.082812
2 0.416406 0.896094 0.045312 0.057813
1 0.341406 0.789062 0.123438 0.159375
1 0.255469 0.735938 0.148438 0.115625
1 0.400781 0.999219 0.017188 0.001563
1 0.480469 0.988281 0.026562 0.023438
1 0.391406 0.954688 0.167187 0.090625
1 0.265625 0.946094 0.096875 0.107813
2 0.244531 0.859375 0.107813 0.118750
1 0.166406 0.801562 0.085938 0.084375
1 0.136719 0.743750 0.051562 0.046875
1 0.100781 0.775781 0.073438 0.073438
1 0.317188 0.684375 0.087500 0.071875
1 0.372656 0.675000 0.048438 0.040625
1 0.347656 0.628906 0.082812 0.070312
1 0.372656 0.583594 0.095312 0.120313
2 0.476562 0.590625 0.137500 0.103125
1 0.510938 0.565625 0.118750 0.087500
2 0.409375 0.689063 0.078125 0.090625
2 0.423438 0.758594 0.065625 0.089063
1 0.614844 0.595313 0.120313 0.109375
4 0.991406 0.199219 0.017188 0.032813
1 0.957812 0.125000 0.084375 0.118750
3 0.882812 0.535937 0.165625 0.109375
1 0.497656 0.490625 0.120313 0.093750
1 0.544531 0.407813 0.101562 0.106250
1 0.538281 0.332813 0.089063 0.056250
1 0.471875 0.395313 0.096875 0.134375
3 0.881250 0.168750 0.078125 0.093750
3 0.931250 0.185156 0.037500 0.067187
2 0.865625 0.045312 0.109375 0.090625
3 0.908594 0.010156 0.060937 0.020313
3 0.719531 0.028906 0.095312 0.057813
3 0.640625 0.052344 0.043750 0.048438
1 0.518750 0.216406 0.218750 0.123438
2 0.411719 0.314063 0.120313 0.131250
2 0.360938 0.282813 0.103125 0.128125
2 0.366406 0.402344 0.089063 0.123438
2 0.290625 0.410156 0.131250 0.123438
2 0.318750 0.487500 0.090625 0.059375
2 0.203906 0.496094 0.129688 0.142187
1 0.097656 0.546875 0.160938 0.153125
1 0.082031 0.426563 0.142187 0.128125
1 0.052344 0.339062 0.104688 0.200000
1 0.096094 0.275000 0.120313 0.143750
1 0.034375 0.513281 0.068750 0.154688
2 0.189844 0.210938 0.129688 0.125000
2 0.276562 0.346094 0.121875 0.101562
2 0.320312 0.093750 0.181250 0.153125
1 0.258594 0.158594 0.104688 0.089063
3 0.492188 0.064062 0.084375 0.078125
2 0.021094 0.192969 0.042188 0.095312
2 0.003906 0.126562 0.007812 0.015625
2 0.180469 0.050000 0.195312 0.100000
3 0.017969 0.020313 0.035937 0.040625
1 0.996094 0.597656 0.007812 0.035937
6 0.773438 0.143750 0.062500 0.075000
6 0.403906 0.016406 0.042188 0.032813
6 0.959375 0.023438 0.081250 0.046875
6 0.662500 0.102344 0.075000 0.089063
2 0.403906 0.167187 0.073438 0.109375
2 0.500000 0.014063 0.068750 0.028125
2 0.560937 0.020313 0.062500 0.040625
