1 0.134375 0.983594 0.093750 0.032813
1 0.060156 0.989844 0.073438 0.020313
1 0.074219 0.916406 0.148438 0.132812
1 0.997656 0.825000 0.004687 0.012500
1 0.939844 0.858594 0.120313 0.160938
2 0.842969 0.830469 0.170313 0.185938
2 0.832031 0.955469 0.079687 0.089063
2 0.710938 0.975000 0.096875 0.050000
1 0.555469 0.896875 0.104688 0.109375
1 0.795312 0.735156 0.143750 0.120313
1 0.678125 0.773438 0.103125 0.125000
1 0.693750 0.653125 0.087500 0.103125
1 0.860938 0.503906 0.125000 0.126562
1 0.846094 0.586719 0.092188 0.073438
1 0.779687 0.594531 0.081250 0.098437
1 0.824219 0.655469 0.164062 0.117188
1 0.463281 0.793750 0.110937 0.100000
1 0.510156 0.744531 0.223438 0.154688
1 0.617188 0.661719 0.071875 0.076563
1 0.343750 0.728906 0.131250 0.095312
1 0.263281 0.773438 0.135937 0.131250
1 0.199219 0.806250 0.154688 0.150000
1 0.180469 0.888281 0.117188 0.092188
1 0.203906 0.573438 0.201563 0.203125
1 0.296875 0.513281 0.125000 0.139063
1 0.088281 0.641406 0.095312 0.139063
1 0.179688 0.685156 0.137500 0.095312
1 0.000000 0.841406 0.000000 0.001563
1 0.033594 0.727344 0.067187 0.182812
1 0.037500 0.539062 0.075000 0.140625
1 0.337500 0.615625 0.128125 0.140625
1 0.232813 0.415625 0.106250 0.106250
1 0.334375 0.423438 0.118750 0.140625
1 0.426563 0.342187 0.103125 0.090625
1 0.459375 0.445312 0.193750 0.209375
1 0.645312 0.496094 0.121875 0.120313
1 0.624219 0.394531 0.120313 0.107813
1 0.754687 0.499219 0.131250 0.107813
2 0.757031 0.428125 0.098437 0.128125
2 0.865625 0.359375 0.193750 0.181250
4 0.771875 0.202344 0.118750 0.101562
2 0.130469 0.431250 0.135937 0.128125
2 0.138281 0.261719 0.154688 0.229687
2 0.063281 0.335938 0.126562 0.184375
4 0.262500 0.102344 0.112500 0.067187
4 0.365625 0.074219 0.109375 0.110937
1 0.207031 0.036719 0.170313 0.073438
1 0.325000 0.038281 0.109375 0.076563
2 0.428125 0.031250 0.068750 0.062500
2 0.505469 0.035156 0.048438 0.070312
2 0.469531 0.003125 0.020313 0.006250
2 0.582031 0.029687 0.104688 0.059375
