1 0.049219 0.951562 0.098437 0.096875
1 0.005469 0.905469 0.010937 0.023438
2 0.538281 0.998437 0.014063 0.003125
1 0.587500 0.776563 0.225000 0.165625
1 0.392969 0.847656 0.142187 0.192188
1 0.788281 0.854688 0.235937 0.290625
1 0.681250 0.634375 0.300000 0.246875
1 0.937500 0.727344 0.125000 0.220312
1 0.988281 0.571875 0.023438 0.106250
4 0.942187 0.871875 0.115625 0.081250
4 0.786719 0.714063 0.195312 0.146875
2 0.964063 0.390625 0.071875 0.146875
1 0.831250 0.447656 0.225000 0.254688
1 0.672656 0.483594 0.101562 0.079687
1 0.888281 0.079687 0.185938 0.131250
1 0.765625 0.167969 0.175000 0.176563
1 0.813281 0.049219 0.179688 0.098437
1 0.924219 0.008594 0.132812 0.017188
1 0.325781 0.782031 0.123438 0.135937
1 0.224219 0.794531 0.217188 0.192188
1 0.125000 0.795312 0.084375 0.115625
1 0.164844 0.645312 0.192188 0.196875
1 0.293750 0.669531 0.103125 0.104688
2 0.076563 0.278906 0.153125 0.173437
2 0.080469 0.882031 0.160938 0.151562
2 0.060156 0.777344 0.120313 0.170313
2 0.027344 0.630469 0.054688 0.148438
6 0.048438 0.654687 0.050000 0.043750
2 0.052344 0.578906 0.082812 0.114062
1 0.721875 0.378125 0.190625 0.200000
1 0.579688 0.436719 0.134375 0.179688
1 0.356250 0.563281 0.134375 0.132812
1 0.436719 0.454688 0.276562 0.221875
1 0.507812 0.576562 0.096875 0.103125
1 0.207031 0.223438 0.164062 0.190625
1 0.286719 0.152344 0.085938 0.129688
2 0.572656 0.257812 0.114062 0.156250
2 0.636719 0.070312 0.182812 0.140625
1 0.624219 0.003125 0.010937 0.006250
1 0.446094 0.059375 0.201563 0.118750
1 0.037500 0.213281 0.075000 0.123438
1 0.035937 0.462500 0.071875 0.225000
2 0.078125 0.153125 0.156250 0.084375
