1 0.835156 0.042969 0.198437 0.085938
2 0.781250 0.084375 0.075000 0.062500
1 0.453125 0.055469 0.159375 0.110937
1 0.313281 0.092188 0.126562 0.168750
2 0.603125 0.265625 0.168750 0.196875
1 0.567969 0.353906 0.167187 0.148438
2 0.448437 0.389062 0.137500 0.131250
1 0.782813 0.177344 0.106250 0.114062
1 0.914844 0.307031 0.170313 0.207813
1 0.926562 0.434375 0.146875 0.109375
1 0.985938 0.383594 0.028125 0.010937
1 0.670312 0.150000 0.143750 0.212500
2 0.860156 0.138281 0.117188 0.132812
2 0.698438 0.033594 0.071875 0.067187
1 0.417969 0.272656 0.210938 0.182812
1 0.438281 0.134375 0.226562 0.112500
2 0.017969 0.396875 0.035937 0.071875
2 0.000000 0.539844 0.000000 0.001563
2 0.064062 0.453125 0.128125 0.171875
2 0.046875 0.044531 0.093750 0.089063
1 0.152344 0.049219 0.135937 0.098437
1 0.021875 0.088281 0.043750 0.060937
2 0.748437 0.303125 0.140625 0.143750
2 0.639062 0.014063 0.053125 0.028125
2 0.272656 0.267188 0.107813 0.084375
2 0.254688 0.214062 0.156250 0.115625
2 0.190625 0.165625 0.087500 0.065625
2 0.209375 0.125000 0.106250 0.078125
1 0.368750 0.001563 0.012500 0.003125
1 0.354687 0.014844 0.059375 0.029687
1 0.292969 0.012500 0.076563 0.025000
