2 0.971875 0.977344 0.056250 0.045312
7 0.991406 0.253906 0.017188 0.045312
7 0.988281 0.004687 0.023438 0.009375
7 0.946094 0.017188 0.064062 0.034375
7 0.988281 0.084375 0.023438 0.037500
7 0.783594 0.000000 0.001563 0.000000
7 0.757031 0.004687 0.026562 0.009375
7 0.805469 0.014063 0.045312 0.028125
7 0.901563 0.038281 0.078125 0.076563
7 0.678906 0.038281 0.092188 0.067187
7 0.860156 0.189844 0.142187 0.135937
1 0.963281 0.207813 0.073438 0.118750
6 0.860156 0.052344 0.110937 0.095312
1 0.967187 0.417969 0.065625 0.076563
1 0.933594 0.389062 0.054688 0.081250
1 0.806250 0.483594 0.090625 0.089063
2 0.761719 0.295312 0.067187 0.075000
2 0.765625 0.380469 0.087500 0.057813
7 0.963281 0.507031 0.073438 0.110937
6 0.995313 0.583594 0.009375 0.023438
7 0.607812 0.743750 0.053125 0.075000
3 0.642969 0.778906 0.076563 0.085938
3 0.655469 0.837500 0.079687 0.065625
2 0.559375 0.728125 0.078125 0.078125
1 0.721094 0.707031 0.048438 0.048438
7 0.878125 0.832031 0.065625 0.082812
2 0.757812 0.967969 0.071875 0.064062
1 0.680469 0.967969 0.089063 0.064062
2 0.349219 0.986719 0.032813 0.026562
6 0.370312 0.950000 0.081250 0.065625
6 0.187500 0.986719 0.037500 0.026562
6 0.227344 0.935937 0.067187 0.084375
2 0.124219 0.903125 0.057813 0.053125
2 0.246875 0.975781 0.068750 0.048438
1 0.044531 0.885938 0.089063 0.106250
1 0.115625 0.830469 0.115625 0.117188
2 0.080469 0.912500 0.039062 0.050000
6 0.102344 0.997656 0.004687 0.004687
2 0.060937 0.971094 0.103125 0.057813
1 0.210938 0.659375 0.081250 0.131250
1 0.267188 0.675000 0.062500 0.087500
1 0.065625 0.654687 0.093750 0.084375
1 0.132812 0.629687 0.093750 0.071875
2 0.186719 0.753125 0.035937 0.056250
2 0.234375 0.786719 0.078125 0.076563
4 0.025000 0.525000 0.050000 0.075000
2 0.212500 0.553906 0.075000 0.095312
2 0.168750 0.401562 0.028125 0.021875
4 0.224219 0.460156 0.089063 0.079687
2 0.145313 0.526563 0.081250 0.103125
4 0.042969 0.548438 0.064062 0.062500
1 0.115625 0.565625 0.068750 0.075000
1 0.042188 0.391406 0.084375 0.082812
2 0.324219 0.321094 0.120313 0.092188
2 0.364844 0.250000 0.067187 0.081250
2 0.212500 0.236719 0.050000 0.067187
2 0.235937 0.294531 0.059375 0.051562
2 0.321875 0.426563 0.093750 0.062500
2 0.257812 0.405469 0.050000 0.035937
1 0.233594 0.341406 0.089063 0.051562
1 0.354687 0.394531 0.056250 0.085938
2 0.282813 0.227344 0.043750 0.039062
2 0.197656 0.185156 0.070312 0.054688
2 0.304688 0.193750 0.040625 0.050000
6 0.294531 0.267969 0.095312 0.092188
2 0.430469 0.283594 0.085938 0.070312
2 0.410156 0.245312 0.060937 0.065625
2 0.409375 0.190625 0.037500 0.034375
2 0.435156 0.195312 0.039062 0.043750
2 0.576562 0.246094 0.046875 0.048438
2 0.538281 0.065625 0.064062 0.056250
6 0.496094 0.247656 0.079687 0.082812
6 0.457031 0.152344 0.048438 0.045312
2 0.268750 0.130469 0.071875 0.060937
1 0.297656 0.560937 0.117188 0.118750
2 0.508594 0.870313 0.035937 0.040625
2 0.463281 0.657813 0.042188 0.056250
1 0.342187 0.729688 0.090625 0.050000
2 0.603125 0.566406 0.071875 0.079687
7 0.620313 0.698438 0.125000 0.100000
7 0.656250 0.477344 0.068750 0.079687
7 0.626563 0.520312 0.075000 0.059375
7 0.584375 0.490625 0.084375 0.075000
7 0.569531 0.464062 0.054688 0.043750
3 0.529687 0.586719 0.043750 0.042188
2 0.614844 0.339062 0.085938 0.062500
2 0.564844 0.370312 0.060937 0.043750
2 0.469531 0.417969 0.073438 0.067187
2 0.512500 0.460156 0.112500 0.101562
2 0.405469 0.423438 0.054688 0.059375
7 0.653125 0.402344 0.075000 0.079687
2 0.880469 0.482031 0.079687 0.095312
1 0.756250 0.425000 0.056250 0.050000
4 0.425781 0.505469 0.123438 0.120313
2 0.446094 0.590625 0.085938 0.087500
7 0.439063 0.005469 0.025000 0.010937
7 0.318750 0.028125 0.065625 0.056250
7 0.053125 0.139063 0.106250 0.118750
