6 0.056250 0.015625 0.028125 0.031250
3 0.007812 0.714844 0.015625 0.029687
3 0.011719 0.689063 0.023438 0.021875
6 0.854688 0.068750 0.068750 0.106250
4 0.956250 0.104688 0.087500 0.106250
3 0.960156 0.168750 0.079687 0.090625
3 0.844531 0.291406 0.107813 0.114062
5 0.943750 0.335938 0.112500 0.162500
2 0.900000 0.214844 0.103125 0.126562
2 0.871094 0.184375 0.098437 0.112500
6 0.057813 0.096875 0.056250 0.084375
1 0.654687 0.468750 0.140625 0.131250
1 0.631250 0.381250 0.137500 0.103125
1 0.529687 0.401562 0.087500 0.100000
2 0.735938 0.815625 0.212500 0.165625
1 0.964844 0.590625 0.070312 0.190625
3 0.982812 0.239844 0.034375 0.073438
2 0.471875 0.005469 0.075000 0.010937
3 0.447656 0.102344 0.142187 0.148438
3 0.396875 0.176563 0.096875 0.090625
2 0.455469 0.200781 0.217188 0.123438
3 0.558594 0.121094 0.142187 0.192188
6 0.517969 0.019531 0.032813 0.039062
2 0.784375 0.046094 0.134375 0.092188
2 0.529687 0.987500 0.084375 0.025000
2 0.686719 0.970313 0.120313 0.059375
1 0.733594 0.939844 0.139063 0.110937
1 0.597656 0.934375 0.189062 0.131250
2 0.791406 0.731250 0.154688 0.121875
2 0.698438 0.640625 0.134375 0.131250
2 0.616406 0.714844 0.232813 0.260937
4 0.617969 0.850000 0.079687 0.053125
3 0.235937 0.000000 0.006250 0.000000
1 0.132031 0.690625 0.173437 0.128125
1 0.096094 0.776563 0.192188 0.156250
2 0.077344 0.558594 0.154688 0.239063
2 0.165625 0.538281 0.115625 0.185938
3 0.378125 0.288281 0.059375 0.076563
1 0.483594 0.322656 0.214062 0.173437
3 0.039844 0.217188 0.079687 0.156250
2 0.328125 0.714063 0.196875 0.153125
2 0.999219 0.085938 0.001563 0.000000
2 0.940625 0.042969 0.118750 0.085938
1 0.945312 0.428125 0.109375 0.106250
1 0.925781 0.792969 0.148438 0.220312
1 0.996875 0.707031 0.006250 0.042188
2 0.452344 0.885156 0.276562 0.229687
1 0.220312 0.954688 0.159375 0.090625
1 0.125781 0.861719 0.198437 0.107813
2 0.243750 0.809375 0.153125 0.168750
1 0.630469 0.122656 0.160938 0.245312
2 0.365625 0.560156 0.237500 0.220312
2 0.332813 0.846094 0.090625 0.101562
1 0.625781 0.265625 0.132812 0.125000
2 0.797656 0.114844 0.060937 0.079687
3 0.159375 0.065625 0.171875 0.090625
2 0.125000 0.012500 0.112500 0.025000
3 0.137500 0.162500 0.053125 0.053125
2 0.743750 0.421094 0.078125 0.051562
