1 0.557813 0.964844 0.209375 0.070312
1 0.061719 0.803125 0.123438 0.134375
1 0.052344 0.896875 0.104688 0.087500
2 0.029687 0.963281 0.059375 0.073438
4 0.018750 0.999219 0.003125 0.001563
4 0.100781 0.944531 0.145313 0.110937
1 0.175000 0.788281 0.150000 0.135937
1 0.334375 0.810156 0.134375 0.117188
1 0.525781 0.725000 0.151562 0.165625
1 0.625000 0.757812 0.100000 0.125000
4 0.298438 0.860156 0.150000 0.104688
2 0.259375 0.750000 0.156250 0.118750
1 0.390625 0.964063 0.103125 0.071875
2 0.691406 0.950000 0.145313 0.100000
2 0.719531 0.860156 0.104688 0.101562
1 0.864844 0.956250 0.117188 0.087500
2 0.858594 0.843750 0.132812 0.162500
2 0.795312 0.778906 0.109375 0.117188
1 0.958594 0.855469 0.082812 0.107813
1 0.953125 0.941406 0.093750 0.117188
1 0.917188 0.997656 0.009375 0.004687
1 0.981250 0.984375 0.037500 0.031250
1 0.047656 0.547656 0.095312 0.185938
1 0.125000 0.511719 0.178125 0.154688
1 0.094531 0.403125 0.189062 0.137500
1 0.167969 0.610156 0.185938 0.195312
2 0.417187 0.697656 0.193750 0.220312
2 0.264844 0.604688 0.073438 0.081250
1 0.508594 0.548438 0.195312 0.209375
1 0.328906 0.385937 0.145313 0.153125
1 0.412500 0.292969 0.159375 0.189062
1 0.263281 0.230469 0.164062 0.185938
2 0.434375 0.222656 0.193750 0.135937
3 0.368750 0.480469 0.131250 0.120313
3 0.553906 0.439063 0.114062 0.096875
3 0.160156 0.203125 0.114062 0.093750
2 0.017969 0.025781 0.035937 0.051562
1 0.037500 0.211719 0.075000 0.092188
1 0.145313 0.069531 0.090625 0.123438
1 0.716406 0.662500 0.095312 0.131250
3 0.800781 0.492188 0.095312 0.100000
3 0.752344 0.429688 0.082812 0.087500
3 0.865625 0.510938 0.068750 0.084375
3 0.724219 0.501563 0.082812 0.078125
3 0.842969 0.594531 0.076563 0.092188
3 0.704688 0.537500 0.071875 0.034375
3 0.678125 0.569531 0.065625 0.070312
3 0.752344 0.578125 0.085938 0.068750
3 0.864062 0.432812 0.090625 0.075000
3 0.900781 0.511719 0.076563 0.126562
3 0.662500 0.424219 0.134375 0.151562
3 0.717187 0.357812 0.059375 0.050000
3 0.500781 0.313281 0.064062 0.092188
3 0.636719 0.323437 0.082812 0.103125
1 0.798438 0.322656 0.156250 0.154688
1 0.565625 0.150781 0.112500 0.170313
1 0.624219 0.223438 0.101562 0.075000
1 0.690625 0.126562 0.143750 0.156250
3 0.834375 0.060156 0.121875 0.114062
2 0.771875 0.153906 0.106250 0.135937
2 0.961719 0.143750 0.076563 0.087500
3 0.988281 0.773438 0.023438 0.093750
2 0.985938 0.616406 0.028125 0.057813
1 0.971875 0.550781 0.056250 0.085938
1 0.961719 0.471094 0.076563 0.095312
1 0.996094 0.434375 0.007812 0.025000
1 0.975781 0.308594 0.048438 0.135937
3 0.867969 0.277344 0.042188 0.064062
3 0.903906 0.280469 0.039062 0.095312
4 0.940625 0.010156 0.046875 0.020313
2 0.887500 0.042188 0.112500 0.084375
4 0.990625 0.187500 0.018750 0.046875
3 0.818750 0.382812 0.075000 0.053125
1 0.517969 0.040625 0.179688 0.081250
3 0.596875 0.275781 0.050000 0.054688
3 0.672656 0.277344 0.067187 0.057813
4 0.263281 0.441406 0.079687 0.070312
4 0.243750 0.401562 0.081250 0.062500
3 0.432812 0.389844 0.084375 0.092188
3 0.625781 0.525781 0.089063 0.073438
3 0.627344 0.588281 0.057813 0.085938
1 0.911719 0.619531 0.092188 0.085938
1 0.941406 0.685156 0.073438 0.082812
3 0.759375 0.643750 0.096875 0.118750
2 0.894531 0.747656 0.123438 0.070312
3 0.610156 0.637500 0.057813 0.071875
3 0.657813 0.639844 0.078125 0.064062
3 0.653906 0.685156 0.060937 0.042188
4 0.530469 0.910937 0.095312 0.096875
4 0.092969 0.735938 0.120313 0.134375
4 0.360938 0.568750 0.093750 0.087500
2 0.000000 0.282031 0.000000 0.001563
2 0.026562 0.308594 0.053125 0.060937
1 0.160156 0.344531 0.101562 0.098437
2 0.346875 0.089063 0.171875 0.178125
4 0.072656 0.316406 0.073438 0.073438
2 0.006250 0.431250 0.012500 0.037500
2 0.013281 0.369531 0.026562 0.048438
2 0.264062 0.000781 0.009375 0.001563
