1 0.558594 0.928906 0.110937 0.142187
2 0.571875 0.685156 0.131250 0.107813
2 0.525000 0.735156 0.121875 0.110937
1 0.778906 0.718750 0.164062 0.159375
2 0.931250 0.953125 0.134375 0.093750
1 0.690625 0.992969 0.043750 0.014063
1 0.763281 0.988281 0.085938 0.023438
1 0.150781 0.820312 0.148438 0.118750
1 0.264062 0.888281 0.109375 0.095312
1 0.260937 0.785937 0.140625 0.128125
1 0.884375 0.984375 0.065625 0.031250
1 0.024219 0.953125 0.048438 0.093750
1 0.001563 0.720313 0.003125 0.012500
1 0.009375 0.615625 0.018750 0.078125
2 0.042969 0.355469 0.085938 0.164062
2 0.166406 0.589063 0.057813 0.050000
2 0.333594 0.467187 0.201563 0.184375
2 0.259375 0.600000 0.125000 0.103125
1 0.346094 0.616406 0.082812 0.123438
1 0.402344 0.687500 0.117188 0.125000
1 0.332813 0.742188 0.162500 0.140625
1 0.468750 0.824219 0.068750 0.123438
2 0.489063 0.372656 0.121875 0.120313
