5 0.566406 0.221875 0.189062 0.221875
1 0.332031 0.478906 0.082812 0.092188
7 0.007812 0.188281 0.015625 0.073438
1 0.449219 0.019531 0.064062 0.039062
1 0.410156 0.000781 0.004687 0.001563
1 0.387500 0.003906 0.037500 0.007812
1 0.377344 0.039062 0.157812 0.078125
1 0.547656 0.089844 0.104688 0.073438
2 0.839063 0.340625 0.106250 0.118750
6 0.068750 0.078125 0.050000 0.068750
6 0.135937 0.155469 0.065625 0.060937
7 0.158594 0.042188 0.117188 0.084375
7 0.095312 0.030469 0.056250 0.057813
7 0.041406 0.141406 0.082812 0.082812
7 0.105469 0.110937 0.092188 0.109375
1 0.023438 0.058594 0.046875 0.098437
1 0.005469 0.112500 0.010937 0.028125
1 0.662500 0.078906 0.131250 0.157812
2 0.634375 0.003125 0.021875 0.006250
1 0.029687 0.008594 0.059375 0.017188
1 0.282031 0.057031 0.148438 0.114062
2 0.430469 0.385937 0.114062 0.109375
2 0.531250 0.396094 0.165625 0.242188
2 0.658594 0.447656 0.129688 0.120313
1 0.835938 0.395313 0.000000 0.000000
1 0.788281 0.442969 0.176563 0.151562
2 0.525781 0.030469 0.145313 0.060937
1 0.096875 0.000000 0.003125 0.000000
