1 0.468750 0.978125 0.140625 0.043750
1 0.680469 0.976562 0.095312 0.046875
1 0.593750 0.933594 0.115625 0.132812
1 0.343750 0.923438 0.150000 0.153125
1 0.541406 0.883594 0.104688 0.157812
1 0.726562 0.835938 0.243750 0.175000
1 0.900000 0.904687 0.200000 0.190625
2 0.988281 0.989844 0.023438 0.020313
1 0.648438 0.686719 0.281250 0.260937
1 0.532813 0.678125 0.084375 0.112500
1 0.444531 0.643750 0.129688 0.134375
2 0.304688 0.608594 0.221875 0.164062
1 0.814063 0.695312 0.084375 0.121875
1 0.895312 0.774219 0.125000 0.114062
2 0.909375 0.409375 0.181250 0.265625
2 0.786719 0.503906 0.251563 0.267188
2 0.633594 0.603125 0.142187 0.150000
1 0.452344 0.513281 0.129688 0.207813
1 0.633594 0.401562 0.142187 0.109375
1 0.587500 0.334375 0.140625 0.128125
2 0.696094 0.303906 0.145313 0.120313
2 0.368750 0.495312 0.053125 0.093750
1 0.298438 0.477344 0.143750 0.151562
2 0.247656 0.518750 0.048438 0.065625
2 0.675781 0.192969 0.182812 0.185938
2 0.639844 0.094531 0.098437 0.101562
2 0.615625 0.046094 0.178125 0.092188
2 0.053906 0.439844 0.107813 0.160938
2 0.107031 0.415625 0.214062 0.221875
2 0.000781 0.060937 0.001563 0.018750
2 0.021875 0.020313 0.043750 0.040625
2 0.503906 0.303906 0.067187 0.073438
1 0.422656 0.230469 0.182812 0.229687
2 0.475781 0.069531 0.179688 0.139063
2 0.521875 0.243750 0.071875 0.100000
2 0.451562 0.290625 0.046875 0.025000
1 0.989062 0.248438 0.021875 0.100000
1 0.967969 0.016406 0.064062 0.032813
4 0.862500 0.135156 0.118750 0.167187
4 0.857812 0.234375 0.090625 0.068750
2 0.973437 0.706250 0.053125 0.100000
2 0.950781 0.111719 0.098437 0.182812
1 0.906250 0.148438 0.087500 0.109375
1 0.313281 0.371875 0.123438 0.090625
2 0.375000 0.050000 0.150000 0.100000
