1 0.350000 0.825781 0.150000 0.176563
7 0.152344 0.657813 0.126562 0.131250
7 0.050000 0.490625 0.100000 0.171875
7 0.139063 0.484375 0.096875 0.159375
6 0.245312 0.823438 0.075000 0.087500
2 0.000000 0.678125 0.000000 0.000000
2 0.000781 0.662500 0.001563 0.003125
7 0.966406 0.414844 0.067187 0.070312
7 0.721094 0.481250 0.082812 0.071875
7 0.714063 0.425781 0.093750 0.067187
7 0.741406 0.560156 0.095312 0.101562
7 0.704688 0.346094 0.090625 0.104688
7 0.769531 0.360156 0.067187 0.114062
7 0.812500 0.437500 0.087500 0.106250
7 0.990625 0.529687 0.018750 0.040625
7 0.610938 0.425781 0.118750 0.126562
7 0.973437 0.487500 0.053125 0.068750
7 0.944531 0.582812 0.101562 0.103125
7 0.653125 0.627344 0.081250 0.079687
7 0.570312 0.637500 0.100000 0.093750
1 0.314063 0.523438 0.140625 0.159375
2 0.435156 0.445312 0.167187 0.156250
7 0.013281 0.332813 0.026562 0.121875
7 0.017969 0.282813 0.035937 0.056250
7 0.155469 0.364844 0.095312 0.095312
6 0.469531 0.539062 0.051562 0.062500
2 0.446875 0.327344 0.131250 0.132812
2 0.460156 0.216406 0.107813 0.135937
1 0.545312 0.296875 0.134375 0.128125
6 0.638281 0.304688 0.089063 0.084375
7 0.101562 0.299219 0.090625 0.114062
7 0.889844 0.336719 0.076563 0.085938
7 0.946875 0.306250 0.106250 0.081250
7 0.203906 0.064062 0.110937 0.096875
7 0.038281 0.097656 0.076563 0.085938
2 0.102344 0.098437 0.089063 0.075000
6 0.000781 0.109375 0.001563 0.003125
6 0.100000 0.025781 0.031250 0.029687
7 0.882031 0.189844 0.092188 0.089063
7 0.935156 0.215625 0.129688 0.146875
1 0.928125 0.117969 0.118750 0.120313
1 0.060156 0.185156 0.079687 0.079687
6 0.704688 0.218750 0.037500 0.034375
2 0.692187 0.277344 0.059375 0.057813
2 0.607031 0.228906 0.045312 0.067187
1 0.965625 0.259375 0.068750 0.065625
7 0.831250 0.249219 0.075000 0.067187
2 0.959375 0.039844 0.081250 0.079687
7 0.000781 0.726562 0.001563 0.028125
6 0.344531 0.981250 0.070312 0.037500
6 0.366406 0.963281 0.048438 0.073438
7 0.210156 0.411719 0.098437 0.107813
1 0.767969 0.108594 0.120313 0.157812
7 0.652344 0.147656 0.129688 0.132812
2 0.698438 0.078125 0.096875 0.109375
