2 0.023438 0.954688 0.046875 0.068750
1 0.251563 0.955469 0.093750 0.089063
2 0.042969 0.857031 0.085938 0.120313
2 0.104688 0.830469 0.084375 0.048438
2 0.161719 0.859375 0.104688 0.125000
2 0.111719 0.779687 0.107813 0.075000
2 0.260937 0.831250 0.134375 0.187500
1 0.003125 0.642188 0.006250 0.018750
1 0.000781 0.608594 0.001563 0.010937
1 0.032031 0.714063 0.064062 0.146875
1 0.104688 0.663281 0.159375 0.132812
2 0.351562 0.954688 0.134375 0.090625
1 0.336719 0.866406 0.107813 0.151562
1 0.432031 0.843750 0.092188 0.146875
2 0.515625 0.889062 0.203125 0.200000
2 0.515625 0.773438 0.103125 0.075000
1 0.772656 0.995313 0.017188 0.009375
1 0.543750 0.969531 0.087500 0.060937
2 0.555469 0.756250 0.076563 0.087500
2 0.524219 0.539844 0.085938 0.104688
1 0.157031 0.602344 0.067187 0.092188
1 0.118750 0.560156 0.121875 0.098437
2 0.317188 0.434375 0.118750 0.096875
2 0.061719 0.454688 0.092188 0.087500
2 0.115625 0.445312 0.100000 0.118750
2 0.171875 0.358594 0.115625 0.104688
2 0.010937 0.283594 0.021875 0.085938
2 0.003906 0.335156 0.007812 0.023438
1 0.075781 0.319531 0.129688 0.123438
2 0.914844 0.990625 0.042188 0.018750
2 0.953125 0.989062 0.050000 0.021875
2 0.887500 0.894531 0.056250 0.045312
2 0.835156 0.899219 0.067187 0.073438
2 0.964844 0.882812 0.035937 0.050000
2 0.983594 0.979688 0.032813 0.040625
1 0.976562 0.835156 0.046875 0.139063
1 0.997656 0.682813 0.004687 0.018750
2 0.957812 0.614844 0.084375 0.101562
2 0.914062 0.698438 0.137500 0.128125
2 0.867969 0.517188 0.082812 0.090625
1 0.701562 0.903125 0.103125 0.093750
2 0.836719 0.587500 0.076563 0.115625
2 0.773438 0.575781 0.081250 0.114062
2 0.984375 0.544531 0.031250 0.051562
2 0.999219 0.148438 0.001563 0.006250
2 0.986719 0.206250 0.026562 0.087500
1 0.950000 0.464062 0.100000 0.125000
2 0.958594 0.362500 0.082812 0.128125
2 0.872656 0.362500 0.082812 0.112500
2 0.789062 0.340625 0.065625 0.134375
2 0.742188 0.428906 0.128125 0.132812
2 0.817969 0.480469 0.060937 0.057813
2 0.639062 0.321094 0.121875 0.120313
1 0.610156 0.448437 0.104688 0.134375
1 0.529687 0.396094 0.115625 0.167187
1 0.432812 0.403906 0.134375 0.107813
2 0.475000 0.289062 0.178125 0.153125
2 0.357812 0.337500 0.071875 0.075000
1 0.248438 0.377344 0.062500 0.073438
1 0.310937 0.317969 0.100000 0.110937
1 0.364063 0.210938 0.103125 0.078125
2 0.264062 0.447656 0.046875 0.057813
3 0.170313 0.479687 0.031250 0.050000
3 0.125781 0.496875 0.048438 0.053125
3 0.014844 0.476562 0.029687 0.065625
3 0.049219 0.521094 0.060937 0.067187
1 0.013281 0.428906 0.026562 0.051562
2 0.006250 0.125781 0.012500 0.026562
2 0.031250 0.242188 0.062500 0.065625
2 0.040625 0.192969 0.081250 0.051562
2 0.058594 0.163281 0.060937 0.070312
2 0.103125 0.193750 0.078125 0.093750
2 0.106250 0.111719 0.096875 0.107813
1 0.217969 0.222656 0.167187 0.192188
3 0.529687 0.164844 0.062500 0.082812
1 0.353906 0.154688 0.060937 0.062500
1 0.364063 0.080469 0.084375 0.085938
1 0.598437 0.073438 0.125000 0.131250
1 0.543750 0.046875 0.121875 0.093750
2 0.760938 0.131250 0.075000 0.131250
2 0.775781 0.220312 0.098437 0.112500
2 0.831250 0.282813 0.056250 0.065625
2 0.740625 0.307031 0.071875 0.073438
2 0.930469 0.176563 0.132812 0.103125
2 0.947656 0.085938 0.104688 0.125000
1 0.830469 0.128906 0.123438 0.145313
1 0.641406 0.015625 0.079687 0.031250
1 0.482031 0.016406 0.060937 0.032813
1 0.312500 0.043750 0.062500 0.046875
2 0.725000 0.046875 0.053125 0.065625
2 0.725781 0.018750 0.045312 0.037500
2 0.165625 0.050000 0.062500 0.068750
1 0.135937 0.009375 0.084375 0.018750
2 0.294531 0.007031 0.032813 0.014063
2 0.237500 0.008594 0.056250 0.017188
2 0.079687 0.021094 0.059375 0.042188
