7 0.939063 0.664844 0.121875 0.154688
1 0.934375 0.800000 0.131250 0.140625
7 0.244531 0.951562 0.120313 0.096875
7 0.117188 0.960938 0.093750 0.078125
7 0.002344 0.955469 0.004687 0.017188
7 0.003906 0.920312 0.007812 0.031250
2 0.461719 0.810937 0.064062 0.056250
2 0.392969 0.958594 0.054688 0.082812
2 0.455469 0.945312 0.098437 0.109375
1 0.395313 0.777344 0.078125 0.120313
1 0.468750 0.742969 0.112500 0.142187
7 0.717187 0.515625 0.153125 0.137500
7 0.761719 0.599219 0.098437 0.129688
7 0.709375 0.705469 0.121875 0.114062
7 0.689063 0.632031 0.065625 0.054688
2 0.186719 0.905469 0.073438 0.076563
2 0.046875 0.793750 0.056250 0.068750
2 0.282031 0.889844 0.067187 0.076563
2 0.196094 0.850781 0.067187 0.048438
1 0.081250 0.754687 0.065625 0.065625
1 0.151562 0.816406 0.146875 0.123438
6 0.325000 0.796094 0.071875 0.085938
6 0.419531 0.839063 0.039062 0.103125
7 0.322656 0.647656 0.132812 0.176563
7 0.359375 0.550781 0.081250 0.076563
7 0.339062 0.336719 0.125000 0.129688
2 0.247656 0.539062 0.076563 0.065625
7 0.130469 0.444531 0.098437 0.082812
