1 0.158594 0.996875 0.023438 0.006250
2 0.134375 0.934375 0.118750 0.131250
2 0.259375 0.971094 0.100000 0.051562
1 0.492188 0.696875 0.168750 0.203125
2 0.634375 0.725000 0.159375 0.156250
1 0.764844 0.995313 0.039062 0.009375
4 0.067187 0.794531 0.115625 0.076563
2 0.871094 0.942187 0.104688 0.087500
1 0.136719 0.248438 0.192188 0.140625
3 0.177344 0.124219 0.201563 0.189062
3 0.137500 0.030469 0.128125 0.060937
2 0.279687 0.174219 0.187500 0.204687
1 0.363281 0.225781 0.120313 0.123438
3 0.557813 0.414062 0.215625 0.212500
3 0.426563 0.363281 0.121875 0.132812
2 0.614844 0.213281 0.220312 0.245312
1 0.783594 0.203125 0.229687 0.184375
1 0.862500 0.789844 0.137500 0.170313
1 0.833594 0.670312 0.117188 0.184375
1 0.867188 0.539844 0.140625 0.114062
1 0.805469 0.387500 0.248438 0.246875
1 0.880469 0.289844 0.220312 0.223438
1 0.938281 0.410156 0.123438 0.154688
1 0.968750 0.476562 0.062500 0.093750
1 0.992969 0.321875 0.014063 0.096875
2 0.718750 0.891406 0.190625 0.195312
1 0.765625 0.598437 0.159375 0.253125
1 0.703906 0.719531 0.089063 0.101562
1 0.506250 0.942969 0.109375 0.114062
1 0.013281 0.622656 0.026562 0.089063
1 0.040625 0.532031 0.081250 0.114062
1 0.109375 0.591406 0.143750 0.151562
1 0.085156 0.705469 0.142187 0.120313
1 0.313281 0.651563 0.076563 0.100000
1 0.210156 0.623437 0.067187 0.081250
1 0.382812 0.963281 0.146875 0.073438
1 0.032031 0.994531 0.064062 0.010937
2 0.009375 0.841406 0.018750 0.039062
2 0.010937 0.788281 0.021875 0.073438
1 0.589844 0.921875 0.120313 0.137500
1 0.558594 0.999219 0.004687 0.001563
1 0.581250 0.997656 0.018750 0.004687
2 0.774219 0.942187 0.123438 0.115625
2 0.970313 0.903125 0.059375 0.134375
3 0.971875 0.982031 0.056250 0.035937
3 0.896094 0.983594 0.057813 0.032813
1 0.985938 0.784375 0.028125 0.068750
2 0.025781 0.271094 0.051562 0.114062
1 0.054688 0.096875 0.109375 0.193750
1 0.091406 0.424219 0.182812 0.176563
2 0.010937 0.353125 0.021875 0.071875
2 0.244531 0.025000 0.145313 0.050000
2 0.401562 0.251563 0.218750 0.218750
2 0.449219 0.096094 0.248438 0.192188
2 0.629687 0.049219 0.218750 0.098437
2 0.578906 0.128125 0.076563 0.121875
