1 0.005469 0.981250 0.010937 0.028125
1 0.024219 0.890625 0.048438 0.093750
1 0.000000 0.460938 0.000000 0.000000
1 0.001563 0.453125 0.003125 0.006250
1 0.053906 0.824219 0.107813 0.120313
1 0.103125 0.704688 0.143750 0.159375
1 0.239063 0.766406 0.193750 0.214062
1 0.331250 0.625000 0.093750 0.103125
1 0.169531 0.518750 0.164062 0.190625
1 0.052344 0.474219 0.104688 0.132812
1 0.353125 0.489844 0.168750 0.145313
3 0.014063 0.614844 0.028125 0.073438
1 0.106250 0.359375 0.175000 0.190625
3 0.010937 0.374219 0.021875 0.042188
2 0.225781 0.924219 0.132812 0.129688
2 0.153125 0.944531 0.115625 0.110937
1 0.227344 0.985938 0.057813 0.028125
2 0.103906 0.876563 0.085938 0.118750
4 0.035937 0.677344 0.071875 0.110937
1 0.047656 0.980469 0.095312 0.039062
2 0.845313 0.999219 0.003125 0.001563
2 0.791406 0.976562 0.110937 0.046875
2 0.660937 0.977344 0.118750 0.045312
2 0.601562 0.929688 0.146875 0.134375
2 0.632031 0.857031 0.101562 0.067187
3 0.671875 0.839063 0.081250 0.075000
3 0.739062 0.872656 0.053125 0.045312
1 0.714844 0.792188 0.132812 0.131250
1 0.793750 0.814844 0.090625 0.135937
1 0.807813 0.719531 0.112500 0.107813
1 0.948438 0.970313 0.103125 0.059375
3 0.313281 0.925781 0.076563 0.067187
3 0.392969 0.796094 0.114062 0.135937
3 0.530469 0.837500 0.123438 0.109375
3 0.532031 0.783594 0.098437 0.095312
3 0.607031 0.782031 0.117188 0.095312
3 0.559375 0.707812 0.109375 0.121875
3 0.632031 0.701562 0.089063 0.125000
3 0.387500 0.719531 0.056250 0.070312
3 0.739844 0.682813 0.110937 0.075000
3 0.712500 0.615625 0.125000 0.140625
3 0.631250 0.567187 0.100000 0.153125
3 0.770312 0.528125 0.096875 0.065625
3 0.810156 0.610156 0.132812 0.139063
3 0.847656 0.500000 0.092188 0.103125
1 0.554688 0.596094 0.065625 0.092188
1 0.618750 0.409375 0.109375 0.137500
1 0.712500 0.385937 0.131250 0.125000
1 0.748437 0.450000 0.112500 0.062500
1 0.820312 0.393750 0.143750 0.118750
2 0.758594 0.279687 0.098437 0.128125
2 0.562500 0.309375 0.100000 0.112500
1 0.403125 0.332031 0.112500 0.114062
1 0.301563 0.293750 0.118750 0.096875
2 0.566406 0.174219 0.001563 0.001563
2 0.564844 0.172656 0.001563 0.001563
2 0.478906 0.159375 0.170313 0.159375
2 0.570312 0.078125 0.109375 0.131250
2 0.922656 0.169531 0.154688 0.154688
1 0.891406 0.320312 0.114062 0.081250
1 0.965625 0.339844 0.068750 0.107813
1 0.984375 0.502344 0.031250 0.092188
2 0.957031 0.571875 0.085938 0.168750
1 0.944531 0.048438 0.110937 0.096875
1 0.849219 0.032031 0.089063 0.064062
1 0.852344 0.076563 0.085938 0.075000
2 0.177344 0.105469 0.232813 0.135937
2 0.298438 0.182812 0.134375 0.168750
2 0.189844 0.209375 0.107813 0.146875
1 0.102344 0.214062 0.114062 0.134375
1 0.028125 0.040625 0.056250 0.081250
2 0.003125 0.176563 0.006250 0.028125
1 0.215625 0.010156 0.075000 0.020313
1 0.136719 0.003906 0.020313 0.007812
4 0.457813 0.664062 0.100000 0.103125
4 0.819531 0.286719 0.079687 0.185938
