1 0.944531 0.777344 0.110937 0.126562
1 0.346094 0.967969 0.185938 0.064062
1 0.210938 0.896094 0.196875 0.207813
1 0.098437 0.943750 0.196875 0.112500
1 0.334375 0.667969 0.140625 0.142187
2 0.189062 0.697656 0.237500 0.279687
2 0.046094 0.857812 0.092188 0.209375
2 0.000781 0.997656 0.001563 0.004687
2 0.000781 0.984375 0.001563 0.021875
2 0.002344 0.961719 0.004687 0.007812
2 0.994531 0.423438 0.010937 0.021875
2 0.950000 0.265625 0.100000 0.121875
2 0.931250 0.110937 0.137500 0.221875
2 0.867969 0.271875 0.154688 0.209375
2 0.681250 0.259375 0.065625 0.084375
1 0.779687 0.214844 0.150000 0.173437
2 0.742188 0.125000 0.115625 0.071875
1 0.650781 0.171875 0.082812 0.100000
1 0.642969 0.060156 0.173437 0.120313
2 0.523438 0.117188 0.115625 0.128125
2 0.329688 0.578906 0.093750 0.089063
2 0.301563 0.530469 0.137500 0.104688
2 0.265625 0.439844 0.156250 0.107813
2 0.428906 0.603125 0.107813 0.078125
3 0.430469 0.499219 0.101562 0.092188
3 0.498437 0.563281 0.093750 0.092188
2 0.394531 0.553125 0.101562 0.093750
1 0.170313 0.535937 0.131250 0.190625
1 0.049219 0.750781 0.098437 0.104688
1 0.000781 0.739844 0.001563 0.007812
2 0.050000 0.666406 0.081250 0.092188
1 0.060156 0.563281 0.120313 0.179688
1 0.017188 0.621094 0.034375 0.179688
1 0.025000 0.254688 0.050000 0.118750
2 0.235156 0.321094 0.154688 0.123438
1 0.160156 0.060156 0.185938 0.120313
1 0.196094 0.188281 0.248438 0.173437
1 0.309375 0.082812 0.146875 0.165625
1 0.063281 0.119531 0.117188 0.154688
1 0.363281 0.201563 0.151562 0.221875
