2 0.009375 0.902344 0.018750 0.051562
7 0.131250 0.952344 0.081250 0.082812
7 0.082812 0.971875 0.040625 0.037500
7 0.307031 0.935937 0.067187 0.059375
7 0.263281 0.921094 0.051562 0.057813
7 0.296875 0.885156 0.050000 0.045312
2 0.018750 0.882812 0.028125 0.043750
2 0.056250 0.885156 0.056250 0.039062
2 0.066406 0.913281 0.039062 0.032813
2 0.103906 0.895312 0.045312 0.043750
6 0.072656 0.850781 0.051562 0.032813
1 0.033594 0.654687 0.067187 0.156250
1 0.296094 0.013281 0.048438 0.026562
7 0.062500 0.123438 0.078125 0.096875
2 0.029687 0.508594 0.059375 0.076563
2 0.001563 0.432031 0.003125 0.010937
2 0.130469 0.617188 0.076563 0.065625
1 0.090625 0.669531 0.056250 0.085938
1 0.039844 0.715625 0.079687 0.062500
2 0.207031 0.768750 0.092188 0.075000
2 0.015625 0.945312 0.031250 0.059375
2 0.267188 0.692969 0.115625 0.114062
7 0.279687 0.492188 0.084375 0.075000
7 0.307812 0.575000 0.071875 0.112500
1 0.114062 0.539844 0.100000 0.110937
7 0.410938 0.657813 0.137500 0.121875
1 0.359375 0.581250 0.078125 0.090625
1 0.295312 0.405469 0.087500 0.145313
1 0.396094 0.326562 0.117188 0.156250
1 0.610156 0.495312 0.151562 0.143750
1 0.189062 0.391406 0.128125 0.135937
2 0.178125 0.470313 0.046875 0.056250
7 0.176563 0.335938 0.134375 0.103125
7 0.092188 0.290625 0.087500 0.078125
7 0.117188 0.250781 0.081250 0.060937
2 0.227344 0.188281 0.123438 0.164062
1 0.100781 0.180469 0.126562 0.092188
1 0.584375 0.046875 0.134375 0.093750
1 0.659375 0.024219 0.121875 0.048438
7 0.484375 0.919531 0.053125 0.060937
7 0.575781 0.866406 0.070312 0.070312
7 0.593750 0.917969 0.065625 0.054688
2 0.778906 0.885938 0.110937 0.087500
2 0.661719 0.632031 0.104688 0.045312
2 0.715625 0.671875 0.065625 0.062500
2 0.812500 0.847656 0.056250 0.064062
7 0.807031 0.408594 0.114062 0.117188
1 0.999219 0.428906 0.001563 0.007812
1 0.978906 0.392188 0.042188 0.075000
7 0.828125 0.317188 0.065625 0.075000
7 0.959375 0.891406 0.081250 0.117188
1 0.333594 0.771094 0.060937 0.067187
2 0.857031 0.581250 0.042188 0.040625
1 0.009375 0.350781 0.018750 0.089063
7 0.014844 0.025781 0.029687 0.051562
1 0.274219 0.327344 0.048438 0.057813
7 0.934375 0.007812 0.040625 0.015625
