1 0.990625 0.987500 0.018750 0.025000
2 0.966406 0.979688 0.067187 0.040625
1 0.936719 0.856250 0.126562 0.231250
4 0.904687 0.957812 0.096875 0.084375
2 0.809375 0.997656 0.006250 0.004687
1 0.658594 0.971875 0.085938 0.056250
1 0.759375 0.971875 0.087500 0.056250
2 0.476562 0.992969 0.018750 0.014063
2 0.575000 0.960938 0.109375 0.078125
2 0.069531 0.852344 0.132812 0.173437
2 0.469531 0.543750 0.145313 0.140625
1 0.416406 0.873437 0.307812 0.253125
2 0.385156 0.750781 0.079687 0.092188
2 0.444531 0.688281 0.085938 0.117188
2 0.530469 0.639062 0.129688 0.137500
4 0.807813 0.729688 0.159375 0.159375
2 0.867188 0.657031 0.118750 0.135937
2 0.606250 0.471875 0.203125 0.150000
2 0.581250 0.544531 0.062500 0.092188
2 0.689844 0.538281 0.151562 0.145313
1 0.939063 0.646094 0.090625 0.145313
2 0.896094 0.559375 0.101562 0.100000
2 0.885938 0.460938 0.143750 0.103125
6 0.792969 0.470313 0.060937 0.056250
2 0.901563 0.392969 0.125000 0.110937
2 0.764062 0.315625 0.259375 0.256250
2 0.962500 0.397656 0.075000 0.089063
2 0.959375 0.308594 0.081250 0.148438
6 0.955469 0.261719 0.051562 0.035937
2 0.335938 0.346875 0.131250 0.178125
3 0.239844 0.270313 0.082812 0.103125
4 0.013281 0.609375 0.026562 0.118750
4 0.001563 0.531250 0.003125 0.021875
4 0.039844 0.633594 0.079687 0.132812
4 0.119531 0.485156 0.239063 0.207813
2 0.082031 0.321094 0.126562 0.157812
2 0.593750 0.820312 0.131250 0.159375
2 0.674219 0.758594 0.132812 0.123438
2 0.959375 0.557813 0.081250 0.093750
2 0.992969 0.086719 0.014063 0.020313
6 0.517188 0.243750 0.093750 0.106250
1 0.742188 0.210156 0.090625 0.073438
1 0.678125 0.163281 0.206250 0.189062
1 0.729688 0.014844 0.065625 0.029687
1 0.654687 0.035937 0.134375 0.071875
1 0.590625 0.103906 0.103125 0.092188
1 0.910156 0.016406 0.089063 0.032813
1 0.964844 0.025000 0.070312 0.050000
2 0.005469 0.023438 0.010937 0.046875
1 0.885938 0.867188 0.137500 0.125000
3 0.328906 0.173437 0.085938 0.084375
