2 0.292969 0.550781 0.120313 0.082812
2 0.403906 0.951562 0.092188 0.096875
1 0.065625 0.864844 0.131250 0.207813
2 0.082812 0.980469 0.103125 0.039062
2 0.418750 0.021875 0.062500 0.043750
2 0.452344 0.057031 0.079687 0.114062
2 0.398438 0.100000 0.100000 0.137500
2 0.798438 0.691406 0.068750 0.076563
1 0.838281 0.822656 0.132812 0.192188
1 0.892969 0.749219 0.120313 0.179688
1 0.960156 0.750781 0.079687 0.248438
2 0.998437 0.466406 0.003125 0.014063
2 0.750000 0.407031 0.153125 0.151562
2 0.642188 0.368750 0.156250 0.156250
2 0.630469 0.532813 0.123438 0.118750
1 0.937500 0.971875 0.125000 0.056250
2 0.942187 0.903906 0.115625 0.076563
2 0.804688 0.947656 0.106250 0.104688
2 0.982031 0.934375 0.035937 0.031250
2 0.997656 0.913281 0.004687 0.007812
1 0.487500 0.932813 0.121875 0.134375
1 0.621875 0.947656 0.137500 0.104688
1 0.637500 0.825781 0.175000 0.185938
1 0.750781 0.823438 0.092188 0.106250
2 0.495312 0.770312 0.171875 0.228125
2 0.660156 0.678906 0.235937 0.176563
2 0.274219 0.092969 0.148438 0.142187
2 0.328906 0.351562 0.076563 0.093750
2 0.421875 0.331250 0.093750 0.078125
2 0.392969 0.392188 0.120313 0.087500
2 0.460938 0.425781 0.134375 0.104688
2 0.496875 0.496094 0.103125 0.076563
2 0.421094 0.550000 0.101562 0.090625
2 0.364063 0.483594 0.068750 0.085938
2 0.528125 0.353125 0.184375 0.159375
2 0.528125 0.264062 0.109375 0.081250
2 0.428125 0.228906 0.078125 0.070312
2 0.793750 0.017969 0.115625 0.035937
2 0.353125 0.023438 0.090625 0.046875
2 0.685937 0.002344 0.012500 0.004687
