2 0.357812 0.993750 0.018750 0.012500
2 0.458594 0.927344 0.185938 0.145313
2 0.157031 0.996875 0.017188 0.006250
2 0.078906 0.978125 0.110937 0.043750
1 0.239063 0.983594 0.056250 0.032813
2 0.556250 0.909375 0.109375 0.150000
2 0.961719 0.958594 0.076563 0.082812
1 0.855469 0.772656 0.135937 0.095312
1 0.952344 0.759375 0.095312 0.137500
1 0.738281 0.798438 0.123438 0.171875
1 0.905469 0.696875 0.095312 0.068750
1 0.798438 0.663281 0.178125 0.207813
1 0.671094 0.663281 0.176563 0.114062
1 0.660156 0.553125 0.173437 0.150000
1 0.485938 0.582812 0.165625 0.137500
1 0.731250 0.421094 0.171875 0.167187
1 0.466406 0.710938 0.164062 0.140625
1 0.509375 0.460156 0.128125 0.151562
1 0.826562 0.429688 0.203125 0.171875
2 0.643750 0.862500 0.146875 0.193750
2 0.444531 0.791406 0.148438 0.114062
4 0.364063 0.729688 0.090625 0.090625
1 0.047656 0.839063 0.095312 0.059375
1 0.012500 0.885156 0.025000 0.107813
1 0.828125 0.036719 0.131250 0.073438
1 0.682031 0.025781 0.104688 0.051562
1 0.565625 0.342187 0.200000 0.175000
1 0.610938 0.450781 0.096875 0.089063
2 0.763281 0.583594 0.070312 0.085938
2 0.560156 0.613281 0.089063 0.120313
1 0.265625 0.486719 0.115625 0.129688
2 0.380469 0.328125 0.189062 0.218750
1 0.155469 0.464062 0.139063 0.100000
3 0.185938 0.384375 0.137500 0.103125
2 0.196875 0.146875 0.218750 0.168750
2 0.168750 0.257031 0.084375 0.082812
4 0.436719 0.146094 0.145313 0.157812
4 0.415625 0.225000 0.156250 0.100000
4 0.301563 0.209375 0.109375 0.087500
4 0.289062 0.398438 0.068750 0.090625
4 0.119531 0.207813 0.076563 0.071875
4 0.291406 0.269531 0.070312 0.082812
1 0.141406 0.000781 0.007812 0.001563
1 0.288281 0.014063 0.064062 0.028125
1 0.224219 0.003125 0.051562 0.006250
3 0.232031 0.059375 0.067187 0.043750
4 0.376563 0.049219 0.090625 0.054688
1 0.571094 0.827344 0.176563 0.142187
