1 0.776563 0.974219 0.140625 0.051562
1 0.504687 0.993750 0.046875 0.012500
1 0.410156 0.967969 0.107813 0.064062
1 0.251563 0.912500 0.134375 0.175000
1 0.360938 0.924219 0.103125 0.114062
1 0.446875 0.883594 0.125000 0.135937
1 0.523438 0.941406 0.140625 0.117188
1 0.618750 0.901563 0.121875 0.150000
7 0.446094 0.791406 0.082812 0.089063
7 0.422656 0.732031 0.079687 0.079687
7 0.282813 0.800781 0.075000 0.098437
1 0.305469 0.724219 0.076563 0.073438
1 0.564063 0.705469 0.112500 0.098437
1 0.484375 0.732812 0.071875 0.084375
1 0.617188 0.602344 0.103125 0.110937
7 0.792969 0.842187 0.126562 0.156250
2 0.946094 0.964844 0.107813 0.070312
1 0.948438 0.668750 0.103125 0.143750
1 0.680469 0.668750 0.101562 0.100000
1 0.722656 0.778125 0.070312 0.059375
2 0.790625 0.623437 0.193750 0.178125
7 0.825781 0.496875 0.089063 0.109375
7 0.900781 0.562500 0.070312 0.084375
7 0.901563 0.485938 0.096875 0.096875
7 0.941406 0.778906 0.110937 0.132812
1 0.680469 0.968750 0.114062 0.062500
