1 0.985938 0.919531 0.028125 0.073438
1 0.982812 0.970313 0.034375 0.059375
2 0.982812 0.697656 0.034375 0.085938
1 0.769531 0.995313 0.023438 0.009375
1 0.713281 0.962500 0.145313 0.075000
2 0.896875 0.935937 0.171875 0.128125
2 0.577344 0.957812 0.082812 0.084375
2 0.999219 0.000000 0.001563 0.000000
2 0.957812 0.111719 0.084375 0.145313
6 0.993750 0.304688 0.012500 0.040625
2 0.967187 0.559375 0.065625 0.137500
3 0.813281 0.507812 0.151562 0.103125
1 0.892969 0.789844 0.092188 0.120313
1 0.895312 0.660156 0.078125 0.095312
2 0.307031 0.965625 0.085938 0.068750
2 0.238281 0.971875 0.067187 0.056250
2 0.431250 0.957031 0.040625 0.032813
2 0.206250 0.939063 0.078125 0.075000
1 0.136719 0.992188 0.035937 0.015625
1 0.175000 0.990625 0.031250 0.018750
2 0.065625 0.973437 0.115625 0.053125
2 0.003906 0.792188 0.007812 0.021875
2 0.190625 0.842187 0.062500 0.040625
2 0.257812 0.754687 0.081250 0.087500
7 0.225000 0.812500 0.071875 0.053125
2 0.667188 0.790625 0.096875 0.075000
2 0.510156 0.710938 0.045312 0.034375
2 0.747656 0.590625 0.101562 0.075000
2 0.801562 0.610938 0.034375 0.043750
2 0.835938 0.608594 0.043750 0.042188
1 0.481250 0.601562 0.096875 0.103125
2 0.567969 0.765625 0.095312 0.078125
2 0.637500 0.750781 0.056250 0.048438
2 0.672656 0.482812 0.029687 0.040625
2 0.550000 0.607031 0.084375 0.098437
2 0.557031 0.475781 0.035937 0.032813
1 0.588281 0.514844 0.101562 0.067187
2 0.645312 0.664844 0.037500 0.032813
6 0.613281 0.623437 0.045312 0.031250
2 0.683594 0.420312 0.082812 0.081250
2 0.577344 0.378906 0.039062 0.039062
2 0.522656 0.338281 0.045312 0.051562
2 0.489844 0.391406 0.039062 0.042188
6 0.644531 0.347656 0.045312 0.032813
6 0.851562 0.359375 0.128125 0.096875
1 0.701562 0.325000 0.068750 0.081250
1 0.674219 0.297656 0.067187 0.082812
1 0.880469 0.225781 0.089063 0.085938
2 0.655469 0.203125 0.142187 0.137500
6 0.581250 0.325781 0.062500 0.060937
2 0.898438 0.450000 0.096875 0.103125
2 0.417969 0.079687 0.070312 0.046875
2 0.473438 0.143750 0.043750 0.034375
2 0.457813 0.053125 0.034375 0.053125
1 0.591406 0.137500 0.104688 0.115625
1 0.544531 0.029687 0.107813 0.059375
2 0.614062 0.009375 0.037500 0.018750
2 0.645312 0.018750 0.046875 0.037500
6 0.682031 0.040625 0.054688 0.075000
6 0.687500 0.092188 0.037500 0.031250
2 0.728125 0.017188 0.046875 0.034375
2 0.639062 0.131250 0.068750 0.084375
2 0.810937 0.045312 0.031250 0.040625
7 0.752344 0.000781 0.004687 0.001563
7 0.736719 0.002344 0.014063 0.004687
7 0.966406 0.003125 0.032813 0.006250
6 0.328906 0.015625 0.095312 0.031250
1 0.487500 0.230469 0.034375 0.026562
1 0.519531 0.254688 0.051562 0.040625
1 0.458594 0.258594 0.048438 0.057813
1 0.491406 0.261719 0.032813 0.029687
1 0.474219 0.281250 0.057813 0.050000
2 0.564844 0.312500 0.057813 0.043750
2 0.508594 0.309375 0.064062 0.043750
2 0.415625 0.303125 0.034375 0.040625
2 0.282031 0.132031 0.082812 0.089063
2 0.260156 0.217188 0.107813 0.115625
2 0.314063 0.258594 0.084375 0.070312
2 0.241406 0.390625 0.107813 0.068750
2 0.296094 0.516406 0.076563 0.092188
2 0.300781 0.360156 0.054688 0.085938
1 0.366406 0.206250 0.092188 0.090625
1 0.406250 0.263281 0.075000 0.073438
2 0.425000 0.359375 0.075000 0.090625
1 0.199219 0.325000 0.110937 0.071875
6 0.132031 0.222656 0.095312 0.101562
2 0.187500 0.290625 0.056250 0.046875
6 0.214844 0.106250 0.060937 0.062500
6 0.162500 0.117188 0.034375 0.050000
6 0.178906 0.075000 0.039062 0.037500
3 0.072656 0.033594 0.051562 0.067187
2 0.000781 0.049219 0.001563 0.001563
2 0.000781 0.011719 0.001563 0.004687
2 0.037500 0.142187 0.075000 0.115625
3 0.033594 0.302344 0.057813 0.076563
2 0.026562 0.621875 0.053125 0.062500
2 0.018750 0.692187 0.037500 0.056250
6 0.325781 0.644531 0.048438 0.051562
1 0.307031 0.859375 0.117188 0.118750
1 0.056250 0.769531 0.112500 0.107813
4 0.007031 0.587500 0.014063 0.018750
4 0.003125 0.967969 0.006250 0.020313
2 0.660937 0.618750 0.087500 0.065625
1 0.786719 0.917188 0.073438 0.071875
2 0.199219 0.243750 0.054688 0.059375
2 0.453125 0.106250 0.081250 0.043750
2 0.417187 0.143750 0.068750 0.096875
