2 0.999219 0.969531 0.001563 0.017188
1 0.917188 0.814063 0.165625 0.231250
2 0.956250 0.538281 0.087500 0.098437
4 0.996094 0.725781 0.007812 0.017188
4 0.943750 0.693750 0.112500 0.106250
2 0.961719 0.429688 0.076563 0.162500
2 0.921094 0.402344 0.085938 0.089063
2 0.522656 0.888281 0.207813 0.192188
2 0.452344 0.979688 0.135937 0.040625
1 0.639062 0.996094 0.028125 0.007812
1 0.558594 0.984375 0.089063 0.031250
6 0.932813 0.594531 0.134375 0.098437
2 0.656250 0.629687 0.221875 0.246875
2 0.660937 0.504687 0.140625 0.087500
1 0.756250 0.731250 0.112500 0.128125
1 0.825000 0.211719 0.181250 0.217188
5 0.895312 0.082031 0.209375 0.164062
1 0.998437 0.009375 0.003125 0.003125
1 0.746875 0.044531 0.143750 0.089063
1 0.476562 0.300000 0.131250 0.115625
2 0.465625 0.721094 0.131250 0.129688
2 0.438281 0.590625 0.210938 0.228125
2 0.342187 0.645312 0.075000 0.109375
2 0.341406 0.807031 0.129688 0.126562
1 0.329688 0.921875 0.193750 0.156250
1 0.164844 0.822656 0.329688 0.339062
2 0.181250 0.978906 0.112500 0.042188
2 0.273438 0.407813 0.090625 0.090625
2 0.418750 0.392969 0.156250 0.123438
2 0.291406 0.592969 0.110937 0.114062
2 0.488281 0.460156 0.170313 0.117188
2 0.100781 0.152344 0.201563 0.285938
2 0.650781 0.039844 0.076563 0.079687
3 0.129688 0.376563 0.153125 0.131250
4 0.218750 0.481250 0.100000 0.090625
2 0.203906 0.414062 0.073438 0.068750
3 0.179688 0.249219 0.121875 0.129688
4 0.289844 0.316406 0.095312 0.129688
2 0.271875 0.524219 0.103125 0.060937
2 0.339062 0.533594 0.056250 0.048438
2 0.322656 0.461719 0.145313 0.117188
4 0.153906 0.469531 0.060937 0.089063
4 0.092969 0.477344 0.089063 0.073438
4 0.289844 0.695312 0.104688 0.112500
1 0.000781 0.673438 0.001563 0.006250
