2 0.698438 0.997656 0.006250 0.004687
2 0.714063 0.992969 0.018750 0.014063
2 0.621094 0.978906 0.107813 0.042188
2 0.387500 0.967187 0.143750 0.065625
1 0.504687 0.977344 0.100000 0.045312
1 0.751563 0.989844 0.059375 0.020313
1 0.666406 0.923438 0.185938 0.153125
1 0.953125 0.992188 0.087500 0.015625
2 0.997656 0.941406 0.004687 0.017188
2 0.942969 0.889844 0.098437 0.160938
1 0.757812 0.817969 0.156250 0.176563
1 0.646094 0.793750 0.185938 0.165625
2 0.640625 0.691406 0.171875 0.182812
1 0.691406 0.592969 0.098437 0.107813
2 0.990625 0.793750 0.018750 0.040625
2 0.989844 0.684375 0.020313 0.043750
2 0.999219 0.623437 0.001563 0.000000
1 0.967969 0.592187 0.064062 0.128125
1 0.975781 0.503125 0.048438 0.065625
1 0.558594 0.650781 0.085938 0.142187
2 0.767969 0.528906 0.079687 0.089063
1 0.682031 0.462500 0.117188 0.159375
1 0.601562 0.572656 0.121875 0.107813
1 0.893750 0.491406 0.112500 0.114062
2 0.852344 0.464844 0.104688 0.092188
2 0.825781 0.340625 0.192188 0.221875
2 0.699219 0.361719 0.076563 0.089063
2 0.953125 0.308594 0.093750 0.142187
2 0.909375 0.212500 0.118750 0.134375
3 0.630469 0.436719 0.067187 0.110937
1 0.714844 0.283594 0.067187 0.101562
6 0.971875 0.185156 0.056250 0.104688
6 0.997656 0.131250 0.004687 0.015625
2 0.019531 0.978906 0.039062 0.042188
1 0.164062 0.982812 0.103125 0.034375
1 0.084375 0.946094 0.093750 0.101562
2 0.152344 0.941406 0.089063 0.079687
1 0.253125 0.939063 0.143750 0.121875
1 0.320312 0.881250 0.153125 0.128125
1 0.425781 0.877344 0.120313 0.139063
1 0.510156 0.871875 0.110937 0.121875
1 0.226562 0.835938 0.106250 0.100000
1 0.481250 0.780469 0.106250 0.104688
2 0.317188 0.761719 0.131250 0.135937
1 0.144531 0.865625 0.095312 0.084375
3 0.000781 0.926562 0.001563 0.006250
1 0.053906 0.832031 0.107813 0.173437
2 0.001563 0.771875 0.003125 0.012500
2 0.040625 0.659375 0.081250 0.196875
3 0.128906 0.682813 0.120313 0.112500
2 0.345313 0.625781 0.153125 0.189062
1 0.219531 0.739844 0.085938 0.073438
1 0.556250 0.510156 0.125000 0.098437
1 0.492969 0.470313 0.098437 0.078125
1 0.458594 0.528906 0.092188 0.098437
1 0.372656 0.518750 0.089063 0.068750
1 0.394531 0.463281 0.107813 0.073438
1 0.480469 0.395313 0.110937 0.087500
1 0.403125 0.401562 0.125000 0.093750
1 0.364063 0.344531 0.146875 0.135937
1 0.072656 0.387500 0.139063 0.165625
3 0.010156 0.112500 0.020313 0.078125
3 0.175000 0.265625 0.093750 0.084375
7 0.098437 0.224219 0.118750 0.129688
2 0.178125 0.164844 0.134375 0.139063
2 0.224219 0.080469 0.110937 0.070312
2 0.347656 0.131250 0.148438 0.134375
1 0.275781 0.291406 0.145313 0.117188
2 0.350000 0.260156 0.068750 0.067187
2 0.298438 0.216406 0.090625 0.048438
6 0.258594 0.152344 0.035937 0.042188
7 0.172656 0.010156 0.029687 0.020313
7 0.062500 0.061719 0.106250 0.082812
3 0.362500 0.018750 0.068750 0.037500
2 0.469531 0.142969 0.114062 0.123438
3 0.439844 0.060156 0.132812 0.120313
6 0.515625 0.320312 0.156250 0.153125
6 0.579688 0.282813 0.078125 0.084375
2 0.851562 0.000781 0.009375 0.001563
2 0.812500 0.012500 0.046875 0.025000
1 0.936719 0.050000 0.073438 0.087500
1 0.985156 0.044531 0.029687 0.051562
7 0.767188 0.078125 0.078125 0.065625
6 0.761719 0.119531 0.067187 0.051562
6 0.639844 0.165625 0.120313 0.103125
6 0.132031 0.025000 0.039062 0.050000
6 0.114062 0.099219 0.156250 0.079687
6 0.024219 0.232031 0.048438 0.076563
