2 0.979688 0.987500 0.040625 0.025000
2 0.837500 0.952344 0.153125 0.095312
2 0.785156 0.923438 0.182812 0.153125
6 0.895312 0.801562 0.209375 0.218750
6 0.978125 0.736719 0.043750 0.054688
4 0.991406 0.860938 0.017188 0.056250
2 0.125781 0.669531 0.154688 0.179688
2 0.444531 0.822656 0.139063 0.126562
4 0.538281 0.840625 0.098437 0.109375
2 0.989844 0.063281 0.020313 0.073438
4 0.432031 0.535937 0.189062 0.153125
1 0.180469 0.309375 0.301563 0.243750
1 0.226562 0.154688 0.146875 0.109375
1 0.073438 0.469531 0.143750 0.232813
2 0.009375 0.335938 0.018750 0.115625
2 0.012500 0.512500 0.025000 0.062500
2 0.012500 0.435937 0.025000 0.096875
1 0.006250 0.008594 0.012500 0.017188
1 0.647656 0.195312 0.198437 0.209375
2 0.562500 0.037500 0.200000 0.075000
4 0.460156 0.089063 0.101562 0.118750
1 0.274219 0.031250 0.098437 0.062500
1 0.240625 0.000000 0.006250 0.000000
