1 0.003906 0.543750 0.007812 0.028125
6 0.958594 0.760938 0.082812 0.103125
2 0.021875 0.432812 0.043750 0.096875
1 0.625781 0.663281 0.217188 0.204687
1 0.124219 0.010156 0.054688 0.020313
2 0.021875 0.139844 0.043750 0.045312
1 0.097656 0.180469 0.145313 0.145313
1 0.093750 0.071094 0.096875 0.132812
1 0.172656 0.046875 0.101562 0.093750
1 0.112500 0.286719 0.109375 0.067187
1 0.085156 0.553125 0.170313 0.193750
1 0.123438 0.389844 0.196875 0.151562
2 0.020313 0.274219 0.040625 0.085938
1 0.029687 0.081250 0.059375 0.090625
1 0.029687 0.032813 0.059375 0.065625
1 0.024219 0.003906 0.039062 0.007812
1 0.864062 0.856250 0.265625 0.287500
1 0.067187 0.325781 0.134375 0.164062
1 0.243750 0.482031 0.165625 0.126562
2 0.261719 0.836719 0.104688 0.145313
2 0.946094 0.536719 0.107813 0.248438
2 0.979688 0.718750 0.040625 0.106250
3 0.975781 0.971094 0.048438 0.057813
1 0.908594 0.701562 0.107813 0.128125
1 0.847656 0.600781 0.145313 0.207813
1 0.710938 0.545312 0.184375 0.156250
4 0.957812 0.630469 0.075000 0.104688
1 0.918750 0.440625 0.121875 0.078125
1 0.893750 0.339844 0.184375 0.160938
1 0.999219 0.282813 0.001563 0.012500
1 0.997656 0.257812 0.004687 0.018750
2 0.978906 0.369531 0.042188 0.070312
2 0.970313 0.302344 0.046875 0.042188
2 0.778906 0.439063 0.185938 0.140625
2 0.610156 0.369531 0.198437 0.179688
2 0.808594 0.264062 0.276562 0.243750
2 0.472656 0.648438 0.145313 0.200000
2 0.578125 0.509375 0.087500 0.118750
1 0.499219 0.524219 0.095312 0.110937
1 0.389844 0.589063 0.142187 0.100000
1 0.260156 0.584375 0.129688 0.150000
1 0.297656 0.437500 0.145313 0.106250
1 0.321875 0.349219 0.162500 0.101562
2 0.382812 0.500000 0.165625 0.137500
2 0.449219 0.418750 0.154688 0.146875
1 0.457813 0.319531 0.121875 0.082812
2 0.202344 0.147656 0.107813 0.151562
2 0.698438 0.077344 0.068750 0.098437
2 0.736719 0.164062 0.114062 0.106250
2 0.953906 0.197656 0.092188 0.104688
2 0.809375 0.126562 0.143750 0.112500
2 0.982812 0.127344 0.034375 0.073438
2 0.994531 0.037500 0.010937 0.046875
1 0.902344 0.071094 0.167187 0.142187
2 0.978125 0.017188 0.043750 0.034375
1 0.711719 0.003125 0.026562 0.006250
2 0.554688 0.592969 0.068750 0.073438
