2 0.575781 0.979688 0.064062 0.040625
1 0.644531 0.973437 0.076563 0.053125
1 0.470313 0.976562 0.125000 0.046875
1 0.636719 0.907031 0.092188 0.123438
1 0.566406 0.892969 0.120313 0.185938
1 0.453125 0.916406 0.096875 0.085938
1 0.429688 0.946094 0.059375 0.048438
1 0.502344 0.779687 0.142187 0.168750
1 0.026562 0.583594 0.053125 0.142187
1 0.089844 0.537500 0.123438 0.143750
1 0.168750 0.405469 0.234375 0.176563
2 0.050781 0.646094 0.085938 0.098437
2 0.104688 0.755469 0.150000 0.135937
2 0.150000 0.683594 0.106250 0.089063
2 0.048438 0.328125 0.096875 0.112500
1 0.007812 0.268750 0.015625 0.043750
1 0.661719 0.643750 0.139063 0.153125
1 0.693750 0.750781 0.075000 0.076563
1 0.642969 0.784375 0.126562 0.159375
1 0.742969 0.807031 0.089063 0.117188
6 0.942187 0.820312 0.078125 0.081250
2 0.939063 0.998437 0.009375 0.003125
1 0.972656 0.951562 0.054688 0.096875
1 0.898438 0.971875 0.109375 0.056250
1 0.802344 0.935937 0.135937 0.128125
1 0.255469 0.148438 0.220312 0.200000
1 0.323437 0.037500 0.125000 0.075000
1 0.136719 0.185938 0.135937 0.165625
1 0.171875 0.039844 0.159375 0.079687
1 0.120313 0.013281 0.053125 0.026562
2 0.906250 0.682031 0.187500 0.239063
2 0.982812 0.813281 0.034375 0.098437
1 0.990625 0.671094 0.018750 0.057813
6 0.775000 0.609375 0.081250 0.068750
1 0.707812 0.559375 0.150000 0.106250
1 0.829688 0.509375 0.106250 0.131250
1 0.675781 0.453906 0.189062 0.167187
1 0.576562 0.585156 0.115625 0.154688
1 0.519531 0.475000 0.189062 0.165625
1 0.832031 0.357031 0.148438 0.154688
1 0.928125 0.392188 0.090625 0.100000
1 0.992969 0.289062 0.014063 0.115625
1 0.944531 0.514062 0.110937 0.168750
1 0.644531 0.314063 0.198437 0.212500
1 0.507031 0.309375 0.192188 0.212500
1 0.390625 0.338281 0.109375 0.151562
6 0.540625 0.085938 0.137500 0.118750
2 0.492188 0.081250 0.125000 0.143750
2 0.414062 0.049219 0.100000 0.098437
2 0.443750 0.156250 0.103125 0.093750
2 0.606250 0.206250 0.153125 0.128125
2 0.744531 0.177344 0.120313 0.142187
2 0.986719 0.381250 0.026562 0.106250
1 0.917969 0.235937 0.139063 0.168750
1 0.936719 0.120313 0.117188 0.103125
1 0.862500 0.153906 0.112500 0.110937
1 0.836719 0.226562 0.054688 0.075000
2 0.015625 0.022656 0.031250 0.045312
2 0.800781 0.069531 0.151562 0.139063
2 0.658594 0.095312 0.157812 0.190625
4 0.001563 0.038281 0.003125 0.020313
4 0.001563 0.011719 0.003125 0.007812
1 0.018750 0.172656 0.037500 0.154688
2 0.354687 0.232031 0.203125 0.179688
2 0.533594 0.985156 0.032813 0.029687
2 0.962500 0.737500 0.075000 0.087500
