2 0.940625 0.364844 0.118750 0.248438
2 0.793750 0.303125 0.278125 0.262500
2 0.958594 0.200781 0.082812 0.160938
2 0.852344 0.156250 0.182812 0.212500
2 0.785156 0.075000 0.182812 0.150000
6 0.908594 0.028125 0.151562 0.056250
4 0.991406 0.017188 0.017188 0.034375
2 0.326562 0.452344 0.143750 0.167187
2 0.096094 0.448437 0.157812 0.156250
2 0.253125 0.319531 0.162500 0.160938
2 0.244531 0.583594 0.176563 0.139063
2 0.116406 0.589063 0.126562 0.168750
2 0.451562 0.016406 0.093750 0.032813
4 0.526563 0.020313 0.078125 0.040625
