2 0.999219 0.275000 0.001563 0.000000
2 0.997656 0.259375 0.004687 0.012500
1 0.865625 0.150781 0.156250 0.176563
2 0.739844 0.254688 0.135937 0.112500
2 0.652344 0.344531 0.123438 0.120313
2 0.731250 0.498437 0.162500 0.134375
2 0.778906 0.610156 0.220312 0.129688
2 0.815625 0.694531 0.128125 0.101562
2 0.571875 0.601562 0.200000 0.137500
2 0.571094 0.503125 0.164062 0.137500
1 0.543750 0.330469 0.184375 0.170313
1 0.407031 0.355469 0.182812 0.176563
2 0.616406 0.216406 0.167187 0.189062
2 0.413281 0.171875 0.217188 0.190625
2 0.343750 0.702344 0.046875 0.048438
2 0.610156 0.746094 0.179688 0.170313
2 0.196875 0.690625 0.156250 0.209375
2 0.453906 0.794531 0.135937 0.145313
2 0.310156 0.792969 0.170313 0.120313
2 0.398438 0.732031 0.153125 0.132812
2 0.884375 0.912500 0.196875 0.175000
1 0.758594 0.879687 0.164062 0.234375
1 0.610156 0.885156 0.267188 0.229687
4 0.950000 0.993750 0.053125 0.012500
1 0.335156 0.914844 0.157812 0.170313
2 0.451562 0.998437 0.021875 0.003125
2 0.336719 0.999219 0.004687 0.001563
1 0.030469 0.324219 0.060937 0.129688
1 0.069531 0.422656 0.139063 0.167187
1 0.032813 0.460156 0.065625 0.110937
2 0.021094 0.603906 0.042188 0.101562
1 0.053125 0.725781 0.106250 0.157812
1 0.140625 0.997656 0.012500 0.004687
1 0.112500 0.996875 0.025000 0.006250
2 0.231250 0.835938 0.093750 0.106250
2 0.117969 0.854688 0.235937 0.290625
2 0.242188 0.942187 0.059375 0.115625
2 0.046875 0.820312 0.093750 0.059375
