1 0.855469 0.996875 0.020313 0.006250
1 0.737500 0.978125 0.146875 0.043750
6 0.257031 0.659375 0.167187 0.168750
1 0.532031 0.796875 0.289062 0.328125
6 0.346094 0.930469 0.045312 0.054688
6 0.001563 0.634375 0.003125 0.006250
1 0.062500 0.937500 0.125000 0.125000
6 0.004687 0.862500 0.009375 0.025000
1 0.034375 0.839063 0.068750 0.071875
1 0.048438 0.380469 0.096875 0.239063
2 0.043750 0.546094 0.087500 0.132812
3 0.029687 0.666406 0.059375 0.139063
3 0.107031 0.610156 0.117188 0.089063
3 0.121094 0.680469 0.145313 0.145313
