2 0.167187 0.558594 0.093750 0.114062
2 0.233594 0.546094 0.067187 0.051562
2 0.254688 0.517188 0.050000 0.056250
2 0.046094 0.549219 0.082812 0.114062
2 0.257812 0.365625 0.068750 0.121875
2 0.267188 0.303906 0.053125 0.054688
7 0.042188 0.176563 0.053125 0.065625
7 0.083594 0.063281 0.076563 0.101562
1 0.079687 0.239844 0.100000 0.110937
6 0.050000 0.328125 0.084375 0.078125
2 0.038281 0.400000 0.076563 0.081250
2 0.043750 0.473438 0.087500 0.081250
2 0.145313 0.381250 0.087500 0.062500
2 0.260156 0.466406 0.067187 0.076563
2 0.308594 0.485938 0.051562 0.087500
2 0.342969 0.483594 0.045312 0.070312
3 0.259375 0.984375 0.056250 0.031250
3 0.328906 0.947656 0.060937 0.079687
2 0.258594 0.925781 0.060937 0.064062
1 0.021094 0.797656 0.042188 0.085938
7 0.517969 0.926562 0.070312 0.115625
2 0.380469 0.708594 0.104688 0.098437
2 0.446094 0.738281 0.085938 0.101562
2 0.525000 0.762500 0.103125 0.162500
2 0.358594 0.765625 0.064062 0.056250
2 0.406250 0.788281 0.056250 0.048438
1 0.223438 0.647656 0.084375 0.104688
2 0.394531 0.555469 0.101562 0.110937
7 0.503906 0.621875 0.110937 0.100000
7 0.603906 0.664844 0.110937 0.085938
2 0.620313 0.606250 0.115625 0.115625
3 0.738281 0.604688 0.064062 0.093750
1 0.764844 0.994531 0.045312 0.010937
1 0.591406 0.950000 0.101562 0.100000
7 0.782031 0.734375 0.060937 0.078125
7 0.953125 0.754687 0.087500 0.075000
2 0.959375 0.978906 0.040625 0.042188
2 0.995313 0.950781 0.009375 0.045312
1 0.956250 0.824219 0.087500 0.101562
1 0.950781 0.660156 0.098437 0.126562
6 0.527344 0.523438 0.126562 0.131250
2 0.655469 0.460156 0.185938 0.210938
2 0.559375 0.436719 0.103125 0.092188
1 0.556250 0.346875 0.131250 0.140625
1 0.622656 0.335938 0.073438 0.128125
1 0.836719 0.594531 0.139063 0.179688
1 0.786719 0.346094 0.151562 0.151562
1 0.664844 0.305469 0.076563 0.095312
1 0.763281 0.263281 0.182812 0.185938
1 0.588281 0.232813 0.189062 0.115625
1 0.717187 0.108594 0.178125 0.182812
1 0.769531 0.038281 0.154688 0.076563
1 0.888281 0.214062 0.092188 0.112500
1 0.939063 0.178906 0.121875 0.139063
1 0.972656 0.287500 0.054688 0.118750
1 0.914062 0.316406 0.109375 0.114062
2 0.369531 0.283594 0.117188 0.110937
2 0.306250 0.362500 0.068750 0.075000
2 0.383594 0.373437 0.089063 0.081250
2 0.360156 0.401562 0.070312 0.065625
1 0.467187 0.291406 0.100000 0.085938
1 0.470313 0.185156 0.193750 0.164062
1 0.422656 0.102344 0.260937 0.204687
2 0.335156 0.245312 0.098437 0.109375
1 0.250781 0.005469 0.064062 0.010937
1 0.559375 0.005469 0.062500 0.010937
7 0.579688 0.116406 0.084375 0.098437
2 0.953906 0.066406 0.092188 0.132812
1 0.878125 0.061719 0.125000 0.114062
2 0.991406 0.449219 0.017188 0.076563
2 0.936719 0.539844 0.126562 0.126562
1 0.672656 0.011719 0.067187 0.023438
1 0.900000 0.460938 0.137500 0.140625
1 0.828125 0.421094 0.071875 0.101562
1 0.760938 0.507031 0.131250 0.167187
