2 0.004687 0.993750 0.009375 0.012500
3 0.935937 0.900781 0.112500 0.129688
3 0.996875 0.834375 0.006250 0.021875
3 0.996094 0.960156 0.007812 0.017188
3 0.998437 0.931250 0.003125 0.003125
3 0.987500 0.882812 0.025000 0.081250
3 0.984375 0.781250 0.031250 0.075000
3 0.858594 0.707812 0.064062 0.084375
3 0.817969 0.796875 0.148438 0.109375
1 0.996875 0.708594 0.006250 0.010937
1 0.994531 0.687500 0.010937 0.031250
1 0.968750 0.635156 0.062500 0.117188
3 0.963281 0.521094 0.073438 0.126562
1 0.744531 0.477344 0.185938 0.207813
1 0.804688 0.605469 0.121875 0.139063
4 0.930469 0.978125 0.095312 0.043750
2 0.869531 0.985156 0.079687 0.029687
1 0.518750 0.976562 0.181250 0.046875
4 0.861719 0.881250 0.042188 0.059375
2 0.350781 0.984375 0.164062 0.031250
1 0.325781 0.861719 0.257812 0.189062
1 0.062500 0.779687 0.125000 0.143750
1 0.181250 0.593750 0.256250 0.240625
1 0.328125 0.666406 0.196875 0.129688
2 0.284375 0.747656 0.103125 0.064062
2 0.381250 0.739844 0.103125 0.114062
2 0.447656 0.641406 0.107813 0.098437
2 0.339844 0.566406 0.123438 0.107813
1 0.324219 0.439844 0.157812 0.176563
1 0.085156 0.385156 0.167187 0.198437
1 0.262500 0.307031 0.193750 0.273438
3 0.149219 0.836719 0.082812 0.092188
3 0.053125 0.685156 0.106250 0.070312
1 0.999219 0.107813 0.001563 0.009375
1 0.966406 0.057813 0.067187 0.115625
4 0.835156 0.410938 0.079687 0.093750
2 0.721094 0.228125 0.082812 0.081250
3 0.649219 0.314063 0.067187 0.068750
3 0.621094 0.282813 0.092188 0.071875
3 0.549219 0.317969 0.101562 0.095312
3 0.638281 0.378125 0.076563 0.068750
3 0.567187 0.372656 0.065625 0.057813
3 0.496094 0.347656 0.089063 0.095312
3 0.550781 0.436719 0.110937 0.098437
3 0.514062 0.505469 0.106250 0.101562
1 0.519531 0.246875 0.117188 0.103125
1 0.591406 0.151562 0.107813 0.143750
1 0.641406 0.203906 0.098437 0.095312
2 0.858594 0.207813 0.092188 0.150000
1 0.799219 0.143750 0.154688 0.140625
2 0.914844 0.052344 0.092188 0.082812
2 0.856250 0.042969 0.134375 0.082812
2 0.791406 0.003906 0.017188 0.007812
2 0.764062 0.006250 0.012500 0.012500
1 0.687500 0.029687 0.146875 0.059375
1 0.469531 0.057031 0.089063 0.114062
2 0.390625 0.168750 0.234375 0.146875
2 0.272656 0.033594 0.104688 0.067187
4 0.046094 0.235937 0.092188 0.103125
4 0.164062 0.239063 0.075000 0.103125
1 0.017188 0.133594 0.034375 0.110937
3 0.087500 0.502344 0.078125 0.079687
1 0.066406 0.621094 0.132812 0.114062
6 0.578125 0.038281 0.084375 0.057813
6 0.180469 0.181250 0.045312 0.037500
2 0.399219 0.092188 0.142187 0.078125
2 0.232813 0.156250 0.100000 0.050000
6 0.017969 0.030469 0.035937 0.048438
6 0.060937 0.025781 0.075000 0.051562
2 0.308594 0.949219 0.176563 0.101562
