1 0.963281 0.844531 0.073438 0.226562
1 0.939063 0.762500 0.090625 0.103125
1 0.916406 0.629687 0.167187 0.209375
1 0.869531 0.422656 0.151562 0.120313
2 0.968750 0.482031 0.062500 0.114062
2 0.981250 0.412500 0.037500 0.068750
2 0.989844 0.357031 0.020313 0.029687
2 0.957812 0.364844 0.037500 0.039062
2 0.980469 0.318750 0.039062 0.056250
2 0.975000 0.282813 0.050000 0.068750
2 0.911719 0.350781 0.042188 0.054688
2 0.879687 0.320312 0.065625 0.071875
2 0.925781 0.311719 0.082812 0.082812
1 0.746094 0.064062 0.260937 0.128125
2 0.119531 0.709375 0.095312 0.093750
1 0.141406 0.957031 0.185938 0.085938
1 0.053906 0.924219 0.107813 0.151562
1 0.162500 0.857812 0.184375 0.146875
1 0.003906 0.832031 0.007812 0.092188
2 0.143750 0.070312 0.075000 0.068750
4 0.171094 0.033594 0.089063 0.067187
4 0.050000 0.017969 0.100000 0.035937
1 0.278125 0.038281 0.146875 0.076563
2 0.955469 0.514062 0.089063 0.096875
