1 0.820312 0.996094 0.053125 0.007812
4 0.347656 0.776563 0.170313 0.162500
5 0.226562 0.946875 0.206250 0.106250
2 0.128906 0.947656 0.129688 0.101562
2 0.192969 0.854688 0.170313 0.159375
5 0.020313 0.208594 0.040625 0.114062
1 0.060937 0.228906 0.090625 0.095312
1 0.036719 0.159375 0.073438 0.065625
1 0.033594 0.102344 0.067187 0.079687
1 0.144531 0.139063 0.173437 0.175000
2 0.024219 0.564844 0.048438 0.104688
2 0.070312 0.459375 0.140625 0.200000
2 0.221094 0.406250 0.114062 0.175000
2 0.081250 0.987500 0.068750 0.025000
2 0.310156 0.345313 0.182812 0.203125
2 0.310156 0.490625 0.210938 0.143750
2 0.740625 0.389062 0.131250 0.153125
