2 0.249219 0.950781 0.070312 0.098437
1 0.442969 0.902344 0.151562 0.164062
1 0.371094 0.985156 0.089063 0.029687
2 0.573438 0.940625 0.115625 0.112500
6 0.763281 0.595313 0.129688 0.171875
3 0.825000 0.380469 0.112500 0.139063
6 0.766406 0.347656 0.045312 0.029687
3 0.774219 0.311719 0.132812 0.201563
2 0.927344 0.464062 0.145313 0.156250
3 0.991406 0.500000 0.017188 0.059375
3 0.997656 0.447656 0.004687 0.014063
2 0.927344 0.315625 0.145313 0.218750
6 0.991406 0.925781 0.017188 0.039062
6 0.984375 0.872656 0.031250 0.076563
1 0.999219 0.329688 0.001563 0.003125
2 0.024219 0.946875 0.048438 0.075000
6 0.051562 0.823438 0.046875 0.034375
2 0.397656 0.757812 0.092188 0.140625
1 0.460156 0.618750 0.145313 0.143750
1 0.635156 0.619531 0.182812 0.123438
1 0.526563 0.577344 0.078125 0.110937
1 0.589844 0.532031 0.135937 0.104688
1 0.686719 0.525000 0.117188 0.159375
2 0.356250 0.638281 0.184375 0.242188
2 0.303906 0.807031 0.151562 0.167187
6 0.063281 0.528906 0.073438 0.023438
2 0.660937 0.451562 0.206250 0.218750
1 0.511719 0.489844 0.135937 0.117188
1 0.020313 0.550781 0.040625 0.067187
1 0.021875 0.155469 0.043750 0.132812
1 0.103906 0.999219 0.007812 0.001563
1 0.142187 0.995313 0.034375 0.009375
1 0.058594 0.947656 0.117188 0.104688
1 0.925000 0.664062 0.150000 0.271875
2 0.944531 0.811719 0.110937 0.107813
1 0.864844 0.614844 0.154688 0.210938
3 0.794531 0.671094 0.107813 0.160938
2 0.913281 0.884375 0.064062 0.053125
1 0.860156 0.904687 0.104688 0.115625
2 0.819531 0.937500 0.101562 0.112500
1 0.758594 0.963281 0.164062 0.073438
1 0.678906 0.843750 0.201563 0.187500
2 0.624219 0.986719 0.117188 0.026562
3 0.334375 0.929688 0.093750 0.140625
1 0.241406 0.825000 0.126562 0.187500
3 0.193750 0.876563 0.103125 0.112500
2 0.159375 0.939063 0.137500 0.121875
2 0.127344 0.791406 0.120313 0.107813
2 0.096094 0.855469 0.110937 0.089063
2 0.031250 0.867188 0.062500 0.112500
3 0.007812 0.805469 0.015625 0.017188
2 0.041406 0.773438 0.082812 0.087500
2 0.013281 0.727344 0.026562 0.042188
2 0.041406 0.656250 0.082812 0.159375
2 0.181250 0.717187 0.121875 0.112500
2 0.148438 0.675000 0.078125 0.103125
2 0.083594 0.660937 0.082812 0.078125
2 0.092969 0.591406 0.135937 0.098437
1 0.390625 0.321875 0.259375 0.265625
1 0.540625 0.303906 0.256250 0.282813
3 0.661719 0.209375 0.179688 0.193750
1 0.072656 0.360156 0.145313 0.276562
1 0.169531 0.182812 0.095312 0.096875
1 0.067187 0.011719 0.106250 0.023438
3 0.369531 0.026562 0.107813 0.053125
1 0.387500 0.471875 0.196875 0.100000
1 0.287500 0.220312 0.100000 0.078125
2 0.292969 0.151562 0.189062 0.150000
