2 0.951562 0.578906 0.096875 0.098437
6 0.911719 0.346875 0.073438 0.078125
1 0.999219 0.264844 0.001563 0.004687
1 0.996094 0.238281 0.007812 0.026562
1 0.978125 0.235156 0.043750 0.082812
6 0.832031 0.878906 0.073438 0.079687
2 0.742188 0.942969 0.200000 0.114062
1 0.664844 0.839844 0.323437 0.254688
2 0.617188 0.999219 0.003125 0.001563
2 0.524219 0.981250 0.114062 0.037500
2 0.551562 0.176563 0.121875 0.137500
2 0.283594 0.790625 0.123438 0.165625
2 0.258594 0.891406 0.117188 0.101562
1 0.309375 0.975781 0.106250 0.048438
1 0.205469 0.957812 0.214062 0.084375
6 0.423438 0.639844 0.065625 0.057813
6 0.326562 0.671094 0.056250 0.082812
7 0.334375 0.546094 0.175000 0.123438
6 0.535156 0.530469 0.067187 0.092188
2 0.115625 0.490625 0.156250 0.150000
2 0.882812 0.670312 0.190625 0.243750
2 0.914844 0.855469 0.170313 0.179688
2 0.079687 0.821875 0.109375 0.168750
1 0.929688 0.147656 0.093750 0.154688
1 0.961719 0.120313 0.076563 0.168750
1 0.978125 0.039062 0.043750 0.062500
1 0.989062 0.005469 0.021875 0.010937
2 0.915625 0.028125 0.103125 0.056250
2 0.996094 0.317969 0.007812 0.020313
2 0.973437 0.359375 0.053125 0.090625
1 0.964063 0.428125 0.071875 0.075000
2 0.034375 0.885156 0.068750 0.189062
1 0.007812 0.772656 0.015625 0.092188
1 0.068750 0.617969 0.137500 0.214062
1 0.032813 0.484375 0.065625 0.090625
1 0.203125 0.353906 0.225000 0.292187
2 0.726562 0.089063 0.287500 0.178125
2 0.606250 0.109375 0.062500 0.090625
2 0.442969 0.289844 0.167187 0.185938
1 0.609375 0.336719 0.262500 0.248438
2 0.409375 0.428906 0.146875 0.182812
2 0.672656 0.408594 0.192188 0.239063
2 0.605469 0.634375 0.110937 0.190625
1 0.878906 0.657031 0.060937 0.076563
