1 0.007812 0.853125 0.015625 0.015625
1 0.012500 0.819531 0.025000 0.045312
2 0.032031 0.962500 0.064062 0.075000
7 0.017188 0.500781 0.034375 0.073438
7 0.028125 0.437500 0.056250 0.081250
7 0.024219 0.374219 0.048438 0.057813
7 0.095312 0.407031 0.043750 0.057813
7 0.060937 0.410156 0.050000 0.076563
7 0.008594 0.060937 0.017188 0.071875
7 0.043750 0.207031 0.068750 0.073438
7 0.235937 0.178125 0.121875 0.140625
1 0.136719 0.258594 0.101562 0.107813
6 0.027344 0.760156 0.054688 0.085938
1 0.078125 0.832812 0.084375 0.081250
6 0.199219 0.100000 0.095312 0.109375
7 0.142187 0.182031 0.068750 0.073438
