2 0.261719 0.931250 0.151562 0.137500
2 0.392188 0.922656 0.156250 0.154688
2 0.116406 0.913281 0.220312 0.173437
2 0.512500 0.929688 0.143750 0.140625
2 0.027344 0.829688 0.054688 0.103125
2 0.084375 0.687500 0.168750 0.225000
2 0.099219 0.789844 0.145313 0.132812
2 0.005469 0.586719 0.010937 0.017188
2 0.000000 0.570312 0.000000 0.006250
2 0.216406 0.806250 0.179688 0.165625
2 0.046094 0.535156 0.092188 0.101562
4 0.242969 0.596875 0.107813 0.109375
2 0.660937 0.642969 0.225000 0.248438
1 0.436719 0.485938 0.332813 0.293750
1 0.648438 0.396094 0.128125 0.154688
1 0.994531 0.664062 0.010937 0.015625
1 0.942969 0.585156 0.114062 0.110937
4 0.692187 0.472656 0.106250 0.092188
2 0.775000 0.088281 0.093750 0.060937
2 0.629687 0.199219 0.218750 0.220312
2 0.021094 0.426563 0.042188 0.128125
3 0.077344 0.453125 0.120313 0.137500
3 0.190625 0.425000 0.212500 0.168750
2 0.241406 0.328906 0.154688 0.164062
2 0.517969 0.320312 0.239063 0.200000
1 0.202344 0.192969 0.201563 0.204687
1 0.028906 0.052344 0.057813 0.104688
1 0.866406 0.040625 0.098437 0.081250
1 0.953125 0.028125 0.093750 0.056250
2 0.085156 0.072656 0.129688 0.145313
1 0.209375 0.007031 0.090625 0.014063
2 0.283594 0.038281 0.151562 0.076563
2 0.723437 0.180469 0.090625 0.079687
2 0.660937 0.117969 0.050000 0.060937
2 0.489063 0.183594 0.115625 0.120313
2 0.544531 0.026562 0.129688 0.053125
1 0.664844 0.009375 0.082812 0.018750
1 0.553125 0.071875 0.093750 0.131250
