1 0.689063 0.989062 0.037500 0.021875
1 0.783594 0.976562 0.107813 0.046875
1 0.613281 0.941406 0.167187 0.117188
2 0.173437 0.999219 0.009375 0.001563
2 0.260156 0.967969 0.157812 0.064062
2 0.125781 0.729688 0.192188 0.156250
2 0.475000 0.765625 0.143750 0.125000
2 0.682031 0.724219 0.167187 0.235937
1 0.767969 0.525000 0.151562 0.178125
2 0.854688 0.432812 0.168750 0.162500
2 0.825781 0.621094 0.160938 0.207813
2 0.685937 0.367188 0.218750 0.268750
1 0.871094 0.291406 0.167187 0.135937
1 0.976562 0.330469 0.046875 0.073438
1 0.910156 0.192969 0.179688 0.135937
2 0.972656 0.256250 0.054688 0.084375
2 0.937500 0.578906 0.125000 0.160938
1 0.735156 0.146094 0.160938 0.173437
1 0.629687 0.100781 0.209375 0.201563
1 0.472656 0.149219 0.182812 0.248438
1 0.517188 0.455469 0.265625 0.229687
1 0.361719 0.711719 0.126562 0.167187
1 0.423438 0.655469 0.128125 0.145313
2 0.360938 0.487500 0.137500 0.150000
1 0.102344 0.586719 0.204687 0.195312
1 0.011719 0.649219 0.023438 0.054688
1 0.071875 0.446094 0.143750 0.139063
1 0.196094 0.450000 0.179688 0.143750
1 0.304688 0.335156 0.137500 0.204687
1 0.400000 0.334375 0.096875 0.131250
1 0.182031 0.339844 0.173437 0.145313
1 0.060156 0.289844 0.120313 0.229687
1 0.007031 0.384375 0.014063 0.062500
1 0.003906 0.292187 0.007812 0.040625
1 0.013281 0.103125 0.026562 0.096875
1 0.309375 0.177344 0.115625 0.123438
1 0.202344 0.210938 0.185938 0.112500
1 0.199219 0.085156 0.173437 0.170313
2 0.066406 0.137500 0.101562 0.115625
6 0.082031 0.918750 0.164062 0.162500
6 0.007812 0.801562 0.015625 0.037500
6 0.006250 0.761719 0.012500 0.029687
6 0.147656 0.835156 0.060937 0.089063
6 0.110937 0.788281 0.068750 0.060937
2 0.138281 0.001563 0.007812 0.003125
1 0.351562 0.089063 0.146875 0.178125
2 0.442188 0.389062 0.140625 0.137500
7 0.019531 0.532813 0.039062 0.109375
2 0.409375 0.921875 0.162500 0.156250
2 0.487500 0.961719 0.090625 0.076563
2 0.146094 0.878125 0.129688 0.146875
1 0.939844 0.960156 0.110937 0.079687
1 0.964063 0.457813 0.071875 0.146875
7 0.949219 0.742188 0.101562 0.140625
4 0.257031 0.547656 0.139063 0.151562
6 0.600000 0.002344 0.015625 0.004687
