7 0.739844 0.992969 0.073438 0.014063
2 0.940625 0.954688 0.118750 0.090625
2 0.343750 0.965625 0.131250 0.068750
1 0.566406 0.943750 0.129688 0.112500
1 0.881250 0.888281 0.146875 0.154688
2 0.660156 0.967187 0.107813 0.065625
1 0.610938 0.828906 0.096875 0.110937
1 0.860938 0.768750 0.100000 0.134375
1 0.971875 0.835938 0.056250 0.121875
1 0.994531 0.707031 0.010937 0.035937
2 0.887500 0.653125 0.184375 0.140625
2 0.907813 0.512500 0.184375 0.168750
7 0.488281 0.875781 0.098437 0.079687
2 0.502344 0.508594 0.179688 0.176563
2 0.801562 0.532813 0.175000 0.178125
1 0.669531 0.521094 0.145313 0.110937
7 0.620313 0.614062 0.165625 0.125000
7 0.785156 0.699219 0.098437 0.179688
7 0.117969 0.403906 0.132812 0.126562
7 0.104688 0.331250 0.112500 0.096875
7 0.109375 0.258594 0.109375 0.085938
2 0.044531 0.431250 0.070312 0.078125
6 0.034375 0.335156 0.068750 0.120313
1 0.196875 0.297656 0.081250 0.082812
2 0.352344 0.237500 0.129688 0.106250
7 0.228125 0.142969 0.134375 0.085938
1 0.532031 0.393750 0.095312 0.100000
6 0.389062 0.399219 0.134375 0.117188
6 0.276562 0.094531 0.050000 0.045312
6 0.172656 0.169531 0.085938 0.051562
6 0.073438 0.567187 0.065625 0.084375
7 0.932031 0.173437 0.120313 0.128125
7 0.585156 0.061719 0.082812 0.085938
7 0.812500 0.108594 0.118750 0.120313
7 0.903125 0.070312 0.106250 0.140625
7 0.817969 0.043750 0.079687 0.071875
7 0.966406 0.067187 0.067187 0.090625
7 0.823438 0.007812 0.059375 0.015625
7 0.464062 0.003125 0.031250 0.006250
2 0.559375 0.014844 0.056250 0.029687
1 0.648438 0.431250 0.165625 0.118750
1 0.752344 0.428125 0.082812 0.096875
2 0.641406 0.319531 0.095312 0.098437
2 0.744531 0.296875 0.117188 0.090625
2 0.826562 0.338281 0.071875 0.104688
2 0.708594 0.258594 0.057813 0.045312
2 0.521875 0.020313 0.046875 0.040625
2 0.683594 0.712500 0.110937 0.128125
