1 0.995313 0.916406 0.009375 0.023438
1 0.925781 0.940625 0.114062 0.090625
2 0.853906 0.819531 0.104688 0.123438
2 0.844531 0.977344 0.051562 0.045312
1 0.764844 0.960156 0.098437 0.079687
3 0.732031 0.909375 0.085938 0.068750
4 0.791406 0.798438 0.082812 0.071875
4 0.812500 0.748437 0.118750 0.068750
4 0.742969 0.760156 0.051562 0.051562
2 0.935156 0.726562 0.089063 0.046875
2 0.833594 0.556250 0.054688 0.053125
2 0.843750 0.592969 0.050000 0.020313
1 0.923438 0.616406 0.090625 0.123438
1 0.892188 0.564063 0.087500 0.112500
2 0.771875 0.534375 0.115625 0.096875
4 0.985156 0.498437 0.029687 0.096875
1 0.996094 0.402344 0.007812 0.029687
3 0.946094 0.232031 0.076563 0.079687
7 0.981250 0.142187 0.037500 0.078125
7 0.863281 0.005469 0.026562 0.010937
7 0.842187 0.000781 0.012500 0.001563
7 0.811719 0.064844 0.107813 0.104688
1 0.727344 0.096875 0.073438 0.109375
2 0.793750 0.417187 0.062500 0.065625
2 0.699219 0.485156 0.064062 0.070312
2 0.738281 0.292969 0.057813 0.067187
2 0.783594 0.364844 0.048438 0.048438
1 0.813281 0.471094 0.057813 0.070312
2 0.698438 0.566406 0.050000 0.054688
3 0.884375 0.303906 0.043750 0.039062
3 0.640625 0.384375 0.093750 0.075000
6 0.563281 0.427344 0.117188 0.117188
1 0.589063 0.625781 0.096875 0.098437
3 0.535937 0.598437 0.062500 0.056250
2 0.595313 0.533594 0.096875 0.114062
2 0.617188 0.846875 0.153125 0.109375
2 0.501563 0.929688 0.262500 0.140625
2 0.566406 0.907813 0.057813 0.087500
2 0.770312 0.650000 0.075000 0.125000
3 0.676562 0.628125 0.081250 0.065625
2 0.740625 0.585156 0.087500 0.079687
2 0.716406 0.398438 0.064062 0.065625
2 0.832812 0.439063 0.065625 0.062500
2 0.704688 0.232813 0.050000 0.053125
6 0.696875 0.324219 0.065625 0.082812
6 0.786719 0.207813 0.073438 0.071875
1 0.667969 0.092969 0.070312 0.101562
1 0.633594 0.291406 0.126562 0.129688
1 0.556250 0.270313 0.084375 0.093750
3 0.606250 0.104688 0.084375 0.100000
3 0.637500 0.163281 0.056250 0.060937
3 0.608594 0.189844 0.060937 0.070312
3 0.511719 0.191406 0.076563 0.060937
2 0.591406 0.357812 0.067187 0.068750
2 0.536719 0.321094 0.089063 0.064062
2 0.492969 0.367969 0.142187 0.098437
7 0.470313 0.263281 0.115625 0.126562
7 0.446094 0.498437 0.101562 0.146875
2 0.144531 0.966406 0.082812 0.067187
2 0.066406 0.863281 0.132812 0.126562
2 0.249219 0.956250 0.123438 0.087500
2 0.197656 0.913281 0.123438 0.164062
2 0.196875 0.770312 0.131250 0.159375
2 0.051562 0.661719 0.103125 0.189062
4 0.377344 0.610156 0.089063 0.092188
4 0.296875 0.672656 0.165625 0.117188
4 0.053906 0.796875 0.107813 0.106250
4 0.276562 0.548438 0.090625 0.065625
4 0.270313 0.596094 0.062500 0.057813
4 0.108594 0.626563 0.148438 0.234375
4 0.332813 0.502344 0.087500 0.067187
4 0.259375 0.501563 0.075000 0.046875
4 0.160938 0.686719 0.056250 0.067187
3 0.395313 0.406250 0.087500 0.109375
2 0.281250 0.460938 0.109375 0.075000
2 0.363281 0.364844 0.085938 0.073438
2 0.154688 0.370312 0.175000 0.146875
7 0.268750 0.344531 0.125000 0.120313
7 0.215625 0.244531 0.137500 0.135937
1 0.331250 0.211719 0.140625 0.154688
3 0.421875 0.100781 0.062500 0.042188
3 0.266406 0.126562 0.089063 0.096875
3 0.295312 0.065625 0.056250 0.081250
3 0.335156 0.028125 0.067187 0.056250
3 0.401562 0.055469 0.046875 0.060937
3 0.446094 0.064062 0.051562 0.050000
2 0.210156 0.047656 0.117188 0.095312
2 0.528906 0.007031 0.035937 0.014063
2 0.512500 0.067969 0.050000 0.048438
2 0.680469 0.041406 0.070312 0.057813
2 0.530469 0.041406 0.057813 0.057813
2 0.568750 0.037500 0.046875 0.075000
6 0.617188 0.022656 0.078125 0.045312
3 0.314063 0.012500 0.040625 0.025000
1 0.032031 0.101562 0.064062 0.140625
1 0.035937 0.485156 0.071875 0.126562
1 0.346875 0.733594 0.143750 0.167187
4 0.156250 0.598437 0.053125 0.068750
3 0.017188 0.953125 0.034375 0.093750
2 0.014063 0.557813 0.028125 0.034375
3 0.422656 0.653906 0.067187 0.070312
4 0.272656 0.173437 0.076563 0.071875
4 0.205469 0.468750 0.085938 0.093750
4 0.007812 0.413281 0.015625 0.048438
3 0.015625 0.343750 0.031250 0.090625
4 0.837500 0.929688 0.103125 0.096875
6 0.501563 0.946094 0.115625 0.092188
6 0.615625 0.911719 0.046875 0.067187
6 0.159375 0.996875 0.015625 0.006250
4 0.332031 0.296094 0.064062 0.064062
6 0.080469 0.256250 0.085938 0.146875
3 0.885156 0.372656 0.095312 0.054688
2 0.633594 0.232031 0.095312 0.048438
2 0.566406 0.171875 0.073438 0.084375
3 0.680469 0.196875 0.048438 0.046875
