2 0.109375 0.985938 0.109375 0.028125
2 0.117969 0.914062 0.151562 0.140625
2 0.050000 0.903906 0.093750 0.135937
2 0.182031 0.980469 0.064062 0.039062
2 0.247656 0.917969 0.139063 0.164062
1 0.332813 0.975781 0.125000 0.048438
2 0.495312 0.893750 0.275000 0.212500
7 0.739062 0.991406 0.037500 0.017188
1 0.783594 0.763281 0.170313 0.220312
1 0.899219 0.703906 0.182812 0.182812
7 0.844531 0.898438 0.095312 0.103125
2 0.924219 0.591406 0.151562 0.245312
2 0.978125 0.848437 0.043750 0.103125
2 0.624219 0.675781 0.185938 0.195312
2 0.546094 0.760938 0.189062 0.134375
4 0.807031 0.524219 0.120313 0.151562
2 0.452344 0.431250 0.139063 0.175000
1 0.361719 0.648438 0.151562 0.184375
4 0.010156 0.791406 0.020313 0.098437
2 0.047656 0.682031 0.095312 0.139063
2 0.024219 0.775000 0.048438 0.078125
2 0.094531 0.762500 0.117188 0.125000
4 0.171875 0.716406 0.093750 0.135937
4 0.097656 0.670312 0.057813 0.096875
2 0.178906 0.598437 0.139063 0.181250
2 0.047656 0.488281 0.095312 0.092188
2 0.018750 0.567969 0.037500 0.095312
2 0.239844 0.668750 0.117188 0.093750
3 0.039844 0.834375 0.070312 0.059375
4 0.003906 0.939063 0.007812 0.025000
4 0.008594 0.898438 0.017188 0.046875
4 0.161719 0.797656 0.070312 0.079687
3 0.414844 0.760156 0.095312 0.089063
1 0.113281 0.329688 0.179688 0.184375
2 0.239844 0.243750 0.167187 0.156250
2 0.302344 0.175781 0.120313 0.085938
2 0.148438 0.446094 0.125000 0.132812
2 0.022656 0.425000 0.045312 0.059375
2 0.321875 0.510156 0.134375 0.104688
1 0.346094 0.418750 0.185938 0.165625
1 0.346875 0.295312 0.240625 0.165625
2 0.360938 0.135156 0.156250 0.148438
2 0.446094 0.217188 0.151562 0.137500
2 0.587500 0.367188 0.146875 0.137500
2 0.549219 0.199219 0.176563 0.232813
2 0.707031 0.602344 0.132812 0.117188
1 0.708594 0.517969 0.120313 0.123438
6 0.683594 0.335156 0.123438 0.123438
7 0.970313 0.351562 0.059375 0.093750
2 0.914062 0.067969 0.171875 0.135937
2 0.620313 0.000781 0.015625 0.001563
2 0.602344 0.000000 0.004687 0.000000
2 0.994531 0.245312 0.010937 0.015625
2 0.646094 0.107031 0.076563 0.095312
2 0.745313 0.221094 0.125000 0.092188
2 0.666406 0.032813 0.070312 0.065625
2 0.957031 0.179688 0.085938 0.093750
1 0.758594 0.019531 0.117188 0.039062
1 0.558594 0.052344 0.132812 0.104688
1 0.336719 0.032813 0.126562 0.065625
2 0.024219 0.337500 0.048438 0.134375
4 0.078906 0.192969 0.142187 0.107813
4 0.103125 0.115625 0.084375 0.090625
2 0.852344 0.176563 0.117188 0.100000
1 0.447656 0.045312 0.129688 0.090625
