7 0.825000 0.965625 0.115625 0.068750
6 0.725781 0.943750 0.032813 0.050000
6 0.805469 0.997656 0.007812 0.004687
6 0.782813 0.997656 0.003125 0.004687
6 0.982031 0.899219 0.035937 0.051562
6 0.822656 0.909375 0.039062 0.025000
2 0.996875 0.987500 0.006250 0.015625
1 0.982031 0.719531 0.035937 0.126562
1 0.891406 0.620313 0.217188 0.271875
1 0.700781 0.696094 0.201563 0.185938
6 0.887500 0.774219 0.056250 0.060937
2 0.587500 0.662500 0.087500 0.112500
1 0.040625 0.026562 0.081250 0.053125
1 0.055469 0.078906 0.104688 0.114062
1 0.225000 0.367188 0.215625 0.175000
1 0.284375 0.113281 0.246875 0.226562
1 0.410156 0.029687 0.167187 0.059375
2 0.195312 0.214062 0.100000 0.156250
4 0.302344 0.254688 0.132812 0.090625
2 0.674219 0.285938 0.279687 0.171875
2 0.625781 0.159375 0.126562 0.128125
1 0.707031 0.118750 0.151562 0.140625
