1 0.037500 0.914062 0.075000 0.112500
6 0.339062 0.907813 0.078125 0.071875
2 0.134375 0.617188 0.143750 0.181250
2 0.035937 0.584375 0.071875 0.137500
1 0.051562 0.194531 0.103125 0.167187
1 0.406250 0.009375 0.090625 0.018750
1 0.042188 0.027344 0.084375 0.054688
3 0.128125 0.111719 0.125000 0.089063
1 0.075781 0.052344 0.148438 0.104688
3 0.396875 0.060156 0.140625 0.104688
1 0.517188 0.130469 0.153125 0.164062
1 0.518750 0.007812 0.062500 0.015625
1 0.537500 0.933594 0.190625 0.132812
1 0.712500 0.922656 0.096875 0.107813
2 0.587500 0.164844 0.115625 0.114062
3 0.591406 0.028125 0.135937 0.056250
2 0.987500 0.004687 0.009375 0.009375
2 0.964063 0.039844 0.071875 0.079687
2 0.905469 0.707031 0.164062 0.179688
