7 0.037500 0.994531 0.034375 0.010937
7 0.089063 0.971094 0.075000 0.057813
1 0.150781 0.944531 0.089063 0.076563
1 0.245312 0.840625 0.075000 0.109375
7 0.162500 0.798438 0.056250 0.075000
7 0.103125 0.705469 0.068750 0.060937
7 0.426563 0.801562 0.103125 0.106250
7 0.852344 0.939063 0.095312 0.084375
7 0.534375 0.964063 0.065625 0.071875
1 0.596094 0.954688 0.101562 0.090625
7 0.678906 0.645312 0.057813 0.053125
7 0.653125 0.606250 0.134375 0.162500
6 0.228906 0.678125 0.107813 0.084375
6 0.492188 0.667969 0.128125 0.110937
7 0.244531 0.600781 0.064062 0.076563
2 0.457813 0.489063 0.221875 0.196875
7 0.549219 0.331250 0.110937 0.131250
7 0.737500 0.355469 0.109375 0.098437
7 0.660937 0.437500 0.140625 0.106250
6 0.973437 0.341406 0.053125 0.104688
1 0.248438 0.346875 0.128125 0.084375
7 0.069531 0.264062 0.107813 0.112500
7 0.238281 0.274219 0.142187 0.126562
1 0.534375 0.209375 0.118750 0.134375
2 0.710156 0.208594 0.117188 0.139063
7 0.697656 0.151562 0.082812 0.087500
6 0.653906 0.197656 0.060937 0.076563
7 0.867188 0.033594 0.128125 0.067187
7 0.783594 0.014063 0.073438 0.028125
1 0.140625 0.290625 0.071875 0.103125
1 0.143750 0.376563 0.078125 0.112500
1 0.004687 0.083594 0.009375 0.039062
1 0.009375 0.194531 0.018750 0.045312
7 0.784375 0.928906 0.081250 0.126562
1 0.800000 0.407031 0.090625 0.139063
