2 0.045312 0.956250 0.090625 0.087500
1 0.078906 0.826562 0.126562 0.100000
1 0.022656 0.757031 0.045312 0.135937
2 0.179688 0.738281 0.171875 0.151562
2 0.109375 0.643750 0.143750 0.100000
2 0.359375 0.765625 0.178125 0.240625
2 0.291406 0.571094 0.107813 0.123438
2 0.528906 0.436719 0.139063 0.129688
2 0.460156 0.473438 0.064062 0.084375
1 0.595313 0.410938 0.156250 0.171875
2 0.683594 0.244531 0.085938 0.110937
2 0.450781 0.263281 0.042188 0.098437
1 0.384375 0.253125 0.112500 0.156250
2 0.938281 0.246875 0.123438 0.100000
2 0.673438 0.374219 0.081250 0.067187
6 0.355469 0.368750 0.085938 0.062500
1 0.285938 0.244531 0.112500 0.104688
1 0.351562 0.176563 0.106250 0.112500
1 0.712500 0.118750 0.112500 0.103125
1 0.595313 0.138281 0.156250 0.173437
2 0.837500 0.010937 0.037500 0.021875
2 0.965625 0.035156 0.068750 0.070312
1 0.917969 0.135156 0.135937 0.101562
6 0.891406 0.210938 0.032813 0.040625
6 0.999219 0.078125 0.001563 0.015625
2 0.560937 0.057031 0.171875 0.114062
1 0.498437 0.059375 0.118750 0.118750
1 0.390625 0.086719 0.131250 0.101562
1 0.997656 0.241406 0.004687 0.029687
1 0.968750 0.188281 0.062500 0.064062
1 0.722656 0.037500 0.207813 0.075000
