2 0.187500 0.285156 0.140625 0.114062
1 0.198437 0.494531 0.093750 0.085938
1 0.053125 0.503906 0.106250 0.173437
1 0.121875 0.314063 0.196875 0.171875
2 0.117969 0.182812 0.210938 0.162500
1 0.242188 0.125781 0.175000 0.132812
1 0.025781 0.104688 0.051562 0.112500
7 0.295312 0.261719 0.150000 0.123438
7 0.386719 0.219531 0.107813 0.076563
1 0.636719 0.045312 0.126562 0.090625
1 0.492969 0.000781 0.004687 0.001563
1 0.449219 0.005469 0.042188 0.010937
2 0.063281 0.039062 0.126562 0.078125
6 0.019531 0.363281 0.039062 0.082812
