1 0.003906 0.600000 0.007812 0.040625
1 0.976562 0.903906 0.046875 0.076563
6 0.929688 0.847656 0.043750 0.057813
2 0.960156 0.557031 0.079687 0.142187
2 0.500000 0.874219 0.171875 0.120313
2 0.899219 0.364844 0.132812 0.164062
2 0.684375 0.302344 0.115625 0.107813
2 0.770312 0.293750 0.112500 0.125000
2 0.879687 0.265625 0.146875 0.150000
1 0.944531 0.188281 0.095312 0.104688
1 0.979688 0.204687 0.040625 0.153125
6 0.026562 0.087500 0.053125 0.040625
2 0.057031 0.154688 0.114062 0.143750
2 0.058594 0.430469 0.117188 0.157812
2 0.325781 0.422656 0.076563 0.104688
2 0.267188 0.454688 0.078125 0.081250
1 0.991406 0.046875 0.017188 0.015625
1 0.982812 0.014844 0.034375 0.029687
2 0.008594 0.114844 0.017188 0.029687
