1 0.035156 0.551562 0.070312 0.106250
1 0.000000 0.696875 0.000000 0.003125
1 0.021094 0.642188 0.042188 0.071875
2 0.031250 0.763281 0.062500 0.123438
1 0.023438 0.967969 0.046875 0.064062
1 0.094531 0.953906 0.110937 0.092188
2 0.167969 0.982031 0.076563 0.035937
1 0.164062 0.876563 0.131250 0.084375
1 0.163281 0.775000 0.157812 0.156250
1 0.320312 0.720313 0.137500 0.206250
6 0.445312 0.725781 0.134375 0.148438
2 0.544531 0.997656 0.010937 0.004687
2 0.581250 0.985938 0.081250 0.028125
2 0.635156 0.958594 0.092188 0.082812
1 0.300781 0.853125 0.167187 0.143750
1 0.677344 0.984375 0.082812 0.031250
2 0.694531 0.885156 0.092188 0.092188
2 0.753125 0.895312 0.100000 0.090625
2 0.743750 0.959375 0.146875 0.068750
1 0.805469 0.900000 0.070312 0.131250
1 0.727344 0.993750 0.032813 0.012500
2 0.767969 0.992188 0.057813 0.015625
2 0.836719 0.995313 0.026562 0.009375
1 0.896094 0.969531 0.164062 0.060937
7 0.883594 0.909375 0.120313 0.106250
1 0.968750 0.933594 0.062500 0.132812
2 0.939844 0.795312 0.104688 0.090625
1 0.968750 0.821094 0.062500 0.117188
6 0.457031 0.325781 0.126562 0.120313
2 0.817187 0.111719 0.078125 0.092188
4 0.802344 0.803906 0.114062 0.095312
2 0.658594 0.723437 0.170313 0.203125
2 0.559375 0.653906 0.187500 0.160938
2 0.489063 0.525781 0.203125 0.192188
6 0.575000 0.541406 0.059375 0.057813
2 0.621094 0.494531 0.123438 0.079687
6 0.685937 0.599219 0.031250 0.039062
7 0.659375 0.575781 0.121875 0.110937
2 0.710156 0.544531 0.082812 0.098437
2 0.857812 0.266406 0.137500 0.129688
