1 0.185938 0.748437 0.253125 0.228125
6 0.060937 0.792969 0.065625 0.120313
6 0.040625 0.607031 0.081250 0.064062
1 0.125000 0.364844 0.175000 0.142187
1 0.036719 0.532813 0.073438 0.100000
1 0.008594 0.472656 0.017188 0.039062
6 0.152344 0.452344 0.085938 0.048438
1 0.000781 0.299219 0.001563 0.004687
1 0.008594 0.252344 0.017188 0.067187
1 0.000781 0.192969 0.001563 0.007812
4 0.378906 0.681250 0.129688 0.093750
2 0.467187 0.653125 0.146875 0.134375
2 0.396094 0.321875 0.129688 0.159375
1 0.633594 0.292187 0.076563 0.075000
1 0.574219 0.277344 0.085938 0.067187
1 0.080469 0.046094 0.142187 0.092188
1 0.160938 0.007031 0.034375 0.014063
1 0.202344 0.092969 0.132812 0.139063
1 0.297656 0.072656 0.064062 0.079687
2 0.250000 0.042969 0.196875 0.085938
1 0.508594 0.007812 0.039062 0.015625
1 0.450781 0.002344 0.032813 0.004687
1 0.253906 0.332813 0.167187 0.234375
2 0.287500 0.154688 0.112500 0.106250
1 0.373437 0.761719 0.187500 0.145313
1 0.367969 0.866406 0.242188 0.170313
1 0.364063 0.968750 0.168750 0.062500
1 0.214844 0.932813 0.198437 0.134375
5 0.857031 0.255469 0.285938 0.301563
1 0.996094 0.146875 0.007812 0.009375
1 0.983594 0.115625 0.032813 0.062500
1 0.935156 0.098437 0.079687 0.050000
2 0.950000 0.569531 0.100000 0.157812
2 0.992188 0.498437 0.015625 0.028125
2 0.655469 0.237500 0.139063 0.100000
3 0.692187 0.282031 0.062500 0.107813
2 0.676562 0.080469 0.156250 0.110937
2 0.632812 0.149219 0.168750 0.107813
2 0.760938 0.112500 0.115625 0.093750
2 0.589063 0.045312 0.168750 0.090625
2 0.754687 0.003906 0.015625 0.007812
2 0.692969 0.016406 0.076563 0.032813
2 0.841406 0.055469 0.139063 0.110937
2 0.164844 0.203125 0.201563 0.225000
2 0.456250 0.178125 0.246875 0.178125
2 0.457813 0.089844 0.225000 0.164062
2 0.375781 0.039062 0.107813 0.078125
