1 0.875000 0.119531 0.181250 0.126562
1 0.917188 0.221875 0.165625 0.193750
1 0.969531 0.298438 0.060937 0.165625
3 0.885938 0.339844 0.143750 0.132812
3 0.962500 0.389062 0.075000 0.046875
4 0.980469 0.420312 0.039062 0.050000
4 0.970313 0.463281 0.059375 0.067187
1 0.874219 0.482812 0.154688 0.196875
2 0.990625 0.496094 0.018750 0.007812
1 0.959375 0.562500 0.081250 0.125000
3 0.880469 0.593750 0.089063 0.081250
3 0.851562 0.625000 0.078125 0.090625
1 0.957031 0.666406 0.085938 0.117188
1 0.946094 0.766406 0.107813 0.142187
1 0.910156 0.675000 0.051562 0.068750
1 0.826562 0.742188 0.168750 0.121875
1 0.844531 0.822656 0.135937 0.104688
1 0.892188 0.868750 0.121875 0.100000
2 0.996875 0.883594 0.006250 0.026562
2 0.818750 0.923438 0.209375 0.153125
4 0.958594 0.925781 0.082812 0.092188
3 0.950781 0.984375 0.082812 0.031250
2 0.015625 0.852344 0.031250 0.064062
1 0.035156 0.978125 0.070312 0.043750
1 0.020313 0.206250 0.040625 0.096875
1 0.139063 0.942187 0.196875 0.115625
2 0.401562 0.940625 0.143750 0.118750
1 0.309375 0.591406 0.150000 0.157812
1 0.391406 0.725000 0.123438 0.128125
1 0.428125 0.590625 0.128125 0.146875
1 0.543750 0.600000 0.143750 0.143750
1 0.543750 0.424219 0.190625 0.223438
1 0.312500 0.449219 0.090625 0.132812
1 0.239844 0.419531 0.089063 0.089063
4 0.000000 0.542188 0.000000 0.015625
4 0.082812 0.407813 0.165625 0.281250
2 0.014844 0.663281 0.029687 0.148438
2 0.177344 0.351562 0.107813 0.187500
2 0.306250 0.300781 0.159375 0.126562
2 0.357812 0.056250 0.134375 0.112500
2 0.092969 0.083594 0.164062 0.154688
1 0.306250 0.196094 0.118750 0.107813
1 0.453906 0.064844 0.082812 0.067187
1 0.713281 0.108594 0.154688 0.126562
1 0.656250 0.316406 0.109375 0.123438
1 0.625000 0.552344 0.075000 0.101562
1 0.720313 0.517188 0.175000 0.206250
1 0.675000 0.630469 0.112500 0.120313
1 0.695312 0.715625 0.093750 0.084375
1 0.773438 0.666406 0.128125 0.120313
2 0.617188 0.820312 0.131250 0.153125
2 0.468750 0.719531 0.084375 0.092188
2 0.500000 0.800000 0.096875 0.078125
2 0.384375 0.837500 0.131250 0.100000
2 0.550000 0.871875 0.093750 0.065625
2 0.507812 0.984375 0.056250 0.031250
2 0.542969 0.998437 0.020313 0.003125
1 0.670312 0.992188 0.071875 0.015625
