1 0.054688 0.926562 0.109375 0.146875
1 0.059375 0.814844 0.118750 0.104688
2 0.168750 0.891406 0.215625 0.157812
2 0.203906 0.798438 0.129688 0.096875
1 0.313281 0.818750 0.176563 0.181250
1 0.370312 0.880469 0.171875 0.120313
1 0.410156 0.950000 0.182812 0.100000
1 0.507031 0.676562 0.135937 0.090625
1 0.421875 0.646094 0.112500 0.064062
1 0.671094 0.526563 0.120313 0.162500
6 0.516406 0.927344 0.117188 0.101562
2 0.614062 0.924219 0.106250 0.117188
2 0.634375 0.807813 0.153125 0.165625
2 0.624219 0.687500 0.114062 0.156250
2 0.781250 0.788281 0.190625 0.198437
6 0.728125 0.857031 0.028125 0.067187
2 0.360938 0.321094 0.137500 0.139063
6 0.460938 0.445312 0.103125 0.056250
6 0.482812 0.372656 0.050000 0.070312
2 0.749219 0.414844 0.101562 0.107813
2 0.652344 0.335938 0.060937 0.100000
2 0.707031 0.302344 0.107813 0.082812
2 0.693750 0.365625 0.065625 0.084375
1 0.895312 0.203125 0.090625 0.103125
1 0.553125 0.017969 0.118750 0.035937
1 0.917188 0.892969 0.165625 0.214062
1 0.846094 0.970313 0.079687 0.059375
1 0.869531 0.644531 0.117188 0.117188
2 0.628906 0.106250 0.079687 0.100000
2 0.621875 0.182812 0.059375 0.084375
2 0.656250 0.146875 0.056250 0.081250
2 0.828906 0.063281 0.064062 0.085938
2 0.890625 0.088281 0.068750 0.079687
2 0.953906 0.058594 0.092188 0.110937
2 0.868750 0.497656 0.062500 0.051562
2 0.902344 0.509375 0.060937 0.062500
1 0.964063 0.521094 0.071875 0.142187
2 0.533594 0.269531 0.095312 0.114062
