2 0.932031 0.939844 0.135937 0.120313
1 0.844531 0.800781 0.095312 0.126562
3 0.902344 0.665625 0.170313 0.156250
2 0.941406 0.754687 0.117188 0.087500
3 0.745313 0.610156 0.087500 0.095312
1 0.950781 0.413281 0.098437 0.182812
1 0.817969 0.380469 0.207813 0.217188
2 0.423438 0.569531 0.106250 0.123438
1 0.208594 0.757031 0.101562 0.114062
2 0.130469 0.842969 0.207813 0.173437
2 0.247656 0.895312 0.120313 0.112500
1 0.349219 0.971875 0.114062 0.056250
2 0.042969 0.648438 0.085938 0.103125
1 0.015625 0.767188 0.031250 0.071875
2 0.007031 0.540625 0.014063 0.059375
2 0.014844 0.311719 0.029687 0.120313
2 0.040625 0.438281 0.081250 0.107813
3 0.007812 0.467969 0.015625 0.020313
3 0.003906 0.445312 0.007812 0.012500
3 0.000000 0.432812 0.000000 0.003125
1 0.131250 0.375781 0.165625 0.132812
1 0.142187 0.268750 0.109375 0.131250
1 0.060937 0.271094 0.084375 0.110937
1 0.074219 0.151562 0.148438 0.134375
1 0.678125 0.490625 0.125000 0.106250
1 0.479687 0.492188 0.106250 0.100000
1 0.253125 0.521094 0.078125 0.120313
1 0.301563 0.506250 0.100000 0.121875
1 0.998437 0.058594 0.003125 0.010937
1 0.939844 0.093750 0.120313 0.159375
2 0.842969 0.078906 0.170313 0.157812
2 0.832031 0.217969 0.079687 0.142187
2 0.712500 0.247656 0.096875 0.123438
1 0.555469 0.132031 0.104688 0.110937
1 0.785937 0.015625 0.115625 0.031250
1 0.680469 0.035156 0.098437 0.070312
1 0.464062 0.039844 0.109375 0.079687
1 0.538281 0.028906 0.123438 0.057813
1 0.325000 0.006250 0.037500 0.012500
1 0.278906 0.037500 0.104688 0.075000
1 0.199219 0.057813 0.154688 0.115625
1 0.180469 0.124219 0.117188 0.092188
1 0.000000 0.076563 0.000000 0.003125
1 0.001563 0.027344 0.003125 0.054688
