1 0.222656 0.953906 0.182812 0.092188
1 0.370312 0.952344 0.131250 0.095312
2 0.089063 0.972656 0.137500 0.054688
2 0.117188 0.890625 0.168750 0.153125
2 0.028125 0.902344 0.056250 0.157812
1 0.043750 0.708594 0.087500 0.160938
2 0.007031 0.806250 0.014063 0.031250
1 0.207031 0.706250 0.295312 0.256250
1 0.172656 0.607031 0.173437 0.157812
2 0.067187 0.599219 0.134375 0.120313
1 0.010156 0.412500 0.020313 0.059375
1 0.003906 0.057813 0.007812 0.050000
1 0.008594 0.013281 0.017188 0.026562
2 0.368750 0.254688 0.271875 0.318750
6 0.048438 0.131250 0.096875 0.071875
6 0.110156 0.125781 0.095312 0.107813
1 0.786719 0.983594 0.129688 0.032813
1 0.857031 0.992969 0.048438 0.014063
1 0.976562 0.978906 0.046875 0.042188
1 0.939844 0.922656 0.120313 0.154688
1 0.840625 0.932813 0.112500 0.100000
1 0.959375 0.784375 0.081250 0.137500
1 0.932031 0.616406 0.135937 0.242188
2 0.700000 0.537500 0.121875 0.131250
1 0.613281 0.702344 0.142187 0.129688
1 0.597656 0.623437 0.104688 0.096875
3 0.821094 0.605469 0.123438 0.098437
3 0.742188 0.598437 0.078125 0.078125
2 0.986719 0.532031 0.026562 0.060937
6 0.348438 0.374219 0.068750 0.082812
1 0.544531 0.303906 0.129688 0.185938
1 0.559375 0.142969 0.171875 0.232813
1 0.792188 0.357812 0.187500 0.228125
2 0.835938 0.117188 0.190625 0.165625
1 0.977344 0.429688 0.045312 0.118750
1 0.996094 0.326562 0.007812 0.018750
1 0.982812 0.200000 0.034375 0.096875
6 0.864062 0.495312 0.087500 0.125000
2 0.723437 0.286719 0.243750 0.295312
1 0.679688 0.082031 0.168750 0.157812
1 0.928906 0.063281 0.139063 0.126562
1 0.770312 0.035156 0.084375 0.070312
1 0.848437 0.021875 0.078125 0.043750
1 0.898438 0.002344 0.021875 0.004687
1 0.637500 0.010937 0.081250 0.021875
2 0.969531 0.020313 0.060937 0.040625
1 0.312500 0.820312 0.109375 0.084375
