1 0.766406 0.971875 0.179688 0.056250
1 0.828125 0.906250 0.106250 0.118750
1 0.739844 0.901563 0.117188 0.118750
1 0.949219 0.777344 0.101562 0.173437
2 0.977344 0.009375 0.045312 0.018750
2 0.977344 0.060156 0.045312 0.092188
2 0.988281 0.247656 0.023438 0.101562
2 0.975781 0.390625 0.048438 0.078125
2 0.942969 0.460938 0.114062 0.093750
2 0.967187 0.639844 0.065625 0.117188
1 0.922656 0.059375 0.120313 0.118750
1 0.819531 0.139063 0.201563 0.262500
1 0.950000 0.134375 0.100000 0.125000
1 0.715625 0.055469 0.190625 0.110937
1 0.669531 0.180469 0.151562 0.182812
1 0.817969 0.003125 0.026562 0.006250
1 0.769531 0.000000 0.014063 0.000000
1 0.936719 0.228906 0.114062 0.082812
1 0.907031 0.326562 0.157812 0.178125
1 0.755469 0.338281 0.182812 0.145313
2 0.732812 0.531250 0.150000 0.115625
2 0.857812 0.671094 0.103125 0.145313
1 0.585156 0.007812 0.051562 0.015625
1 0.542188 0.003125 0.021875 0.006250
1 0.380469 0.019531 0.085938 0.039062
1 0.235937 0.176563 0.190625 0.262500
1 0.451562 0.117969 0.365625 0.235937
2 0.078906 0.038281 0.151562 0.076563
2 0.014844 0.179688 0.029687 0.084375
2 0.009375 0.116406 0.018750 0.029687
1 0.079687 0.103125 0.137500 0.128125
1 0.071875 0.280469 0.143750 0.189062
2 0.144531 0.350781 0.085938 0.104688
2 0.196875 0.278125 0.159375 0.153125
2 0.241406 0.412500 0.189062 0.156250
2 0.663281 0.457813 0.151562 0.143750
1 0.553906 0.414844 0.192188 0.179688
1 0.490625 0.575781 0.140625 0.145313
1 0.655469 0.703906 0.198437 0.201563
1 0.574219 0.883594 0.301563 0.232813
1 0.457813 0.735156 0.225000 0.214062
2 0.132031 0.445312 0.067187 0.115625
2 0.170313 0.528906 0.156250 0.132812
1 0.163281 0.675000 0.245312 0.228125
2 0.216406 0.820312 0.151562 0.096875
1 0.113281 0.890625 0.179688 0.150000
1 0.288281 0.910937 0.185938 0.137500
1 0.206250 0.946875 0.212500 0.106250
1 0.478125 0.983594 0.090625 0.032813
6 0.404687 0.965625 0.100000 0.068750
6 0.036719 0.787500 0.073438 0.131250
1 0.027344 0.864062 0.054688 0.134375
2 0.757812 0.450781 0.125000 0.120313
