1 0.037500 0.960938 0.075000 0.078125
1 0.028906 0.528906 0.057813 0.082812
1 0.271875 0.396094 0.143750 0.204687
1 0.249219 0.275781 0.179688 0.110937
2 0.184375 0.503906 0.125000 0.101562
2 0.039844 0.160156 0.079687 0.092188
2 0.157031 0.080469 0.135937 0.160938
2 0.031250 0.040625 0.062500 0.081250
1 0.558594 0.028906 0.145313 0.057813
2 0.424219 0.040625 0.110937 0.081250
1 0.674219 0.008594 0.085938 0.017188
1 0.468750 0.023438 0.056250 0.046875
1 0.307812 0.078125 0.162500 0.156250
2 0.082812 0.466406 0.096875 0.073438
6 0.076563 0.372656 0.103125 0.064062
