1 0.880469 0.993750 0.029687 0.012500
1 0.807031 0.969531 0.079687 0.060937
1 0.940625 0.940625 0.118750 0.118750
2 0.218750 0.999219 0.009375 0.001563
2 0.071875 0.985156 0.071875 0.029687
2 0.314063 0.902344 0.178125 0.195312
2 0.304688 0.742969 0.178125 0.164062
2 0.549219 0.839063 0.089063 0.112500
2 0.726562 0.757812 0.184375 0.093750
2 0.451562 0.924219 0.156250 0.129688
2 0.475000 0.786719 0.231250 0.226562
2 0.967187 0.601562 0.065625 0.143750
2 0.859375 0.616406 0.187500 0.145313
2 0.808594 0.678125 0.123438 0.106250
6 0.953906 0.673438 0.060937 0.050000
2 0.941406 0.523438 0.117188 0.106250
1 0.967187 0.424219 0.065625 0.089063
2 0.895312 0.231250 0.168750 0.143750
2 0.550781 0.613281 0.104688 0.135937
2 0.536719 0.493750 0.095312 0.165625
2 0.669531 0.617188 0.154688 0.128125
1 0.765625 0.481250 0.193750 0.256250
2 0.731250 0.206250 0.200000 0.200000
2 0.597656 0.262500 0.104688 0.153125
2 0.850781 0.096094 0.164062 0.160938
1 0.741406 0.041406 0.201563 0.082812
2 0.353906 0.034375 0.167187 0.068750
1 0.558594 0.014063 0.107813 0.028125
2 0.559375 0.100781 0.225000 0.201563
1 0.371094 0.164844 0.185938 0.148438
1 0.479687 0.256250 0.153125 0.181250
2 0.381250 0.305469 0.200000 0.179688
2 0.969531 0.282813 0.060937 0.106250
2 0.953906 0.185156 0.092188 0.085938
2 0.450000 0.076563 0.134375 0.137500
6 0.460938 0.013281 0.040625 0.026562
2 0.678906 0.850781 0.120313 0.117188
7 0.039062 0.959375 0.078125 0.081250
2 0.158594 0.942187 0.198437 0.115625
1 0.050781 0.853125 0.101562 0.165625
1 0.027344 0.725000 0.054688 0.106250
2 0.288281 0.647656 0.104688 0.089063
2 0.191406 0.780469 0.051562 0.060937
6 0.194531 0.646094 0.104688 0.107813
2 0.085938 0.633594 0.112500 0.092188
6 0.364063 0.586719 0.065625 0.107813
2 0.133594 0.548438 0.170313 0.137500
6 0.085938 0.440625 0.053125 0.053125
1 0.204687 0.372656 0.159375 0.217188
3 0.048438 0.354687 0.096875 0.134375
2 0.087500 0.495312 0.118750 0.137500
1 0.047656 0.285938 0.095312 0.106250
2 0.097656 0.169531 0.195312 0.235937
2 0.001563 0.104688 0.003125 0.025000
2 0.040625 0.042969 0.081250 0.085938
1 0.008594 0.001563 0.017188 0.003125
4 0.223438 0.198437 0.096875 0.112500
2 0.227344 0.082812 0.170313 0.165625
2 0.237500 0.016406 0.075000 0.032813
2 0.142187 0.000000 0.006250 0.000000
1 0.223438 0.581250 0.043750 0.075000
1 0.307812 0.598437 0.081250 0.096875
2 0.964844 0.031250 0.070312 0.062500
