1 0.022656 0.629687 0.045312 0.081250
6 0.050781 0.660156 0.045312 0.064062
2 0.075000 0.997656 0.012500 0.004687
2 0.106250 0.996875 0.015625 0.006250
2 0.346875 0.928906 0.087500 0.064062
2 0.046094 0.933594 0.082812 0.054688
7 0.428125 0.982031 0.078125 0.035937
1 0.446094 0.797656 0.064062 0.082812
2 0.550000 0.883594 0.053125 0.064062
1 0.171094 0.471875 0.107813 0.100000
1 0.187500 0.312500 0.159375 0.159375
7 0.075781 0.307031 0.082812 0.095312
3 0.155469 0.219531 0.092188 0.123438
1 0.103125 0.218750 0.075000 0.106250
6 0.053125 0.247656 0.050000 0.057813
1 0.012500 0.039062 0.025000 0.078125
2 0.303125 0.168750 0.234375 0.187500
6 0.310156 0.111719 0.026562 0.029687
1 0.194531 0.000000 0.004687 0.000000
1 0.174219 0.011719 0.026562 0.023438
1 0.300781 0.052344 0.110937 0.104688
1 0.355469 0.971875 0.085938 0.056250
2 0.742969 0.022656 0.057813 0.045312
2 0.717187 0.000781 0.006250 0.001563
2 0.506250 0.043750 0.075000 0.065625
1 0.684375 0.106250 0.103125 0.100000
1 0.825000 0.117969 0.096875 0.076563
1 0.497656 0.145313 0.114062 0.156250
2 0.571875 0.165625 0.053125 0.078125
2 0.596094 0.103125 0.110937 0.078125
2 0.367188 0.344531 0.078125 0.104688
2 0.286719 0.321875 0.070312 0.068750
1 0.525000 0.378906 0.065625 0.070312
1 0.585938 0.263281 0.150000 0.126562
3 0.705469 0.234375 0.070312 0.068750
4 0.795312 0.052344 0.115625 0.104688
1 0.857031 0.076563 0.051562 0.075000
1 0.900781 0.022656 0.092188 0.045312
1 0.850000 0.001563 0.009375 0.003125
1 0.825000 0.004687 0.028125 0.009375
1 0.789844 0.000000 0.007812 0.000000
7 0.545312 0.626563 0.087500 0.087500
7 0.581250 0.668750 0.087500 0.065625
7 0.507812 0.671875 0.062500 0.040625
7 0.486719 0.699219 0.048438 0.042188
1 0.636719 0.743750 0.151562 0.146875
2 0.295312 0.967969 0.078125 0.064062
2 0.942969 0.391406 0.114062 0.117188
2 0.884375 0.377344 0.075000 0.095312
2 0.996094 0.402344 0.007812 0.026562
2 0.971094 0.317188 0.057813 0.106250
2 0.985938 0.253125 0.028125 0.050000
6 0.433594 0.035937 0.073438 0.071875
