1 0.096094 0.945312 0.192188 0.109375
1 0.242188 0.972656 0.121875 0.054688
1 0.740625 0.931250 0.187500 0.137500
1 0.580469 0.980469 0.154688 0.039062
1 0.585156 0.924219 0.164062 0.135937
1 0.920312 0.968750 0.159375 0.062500
1 0.666406 0.846094 0.176563 0.176563
2 0.332031 0.757812 0.160938 0.215625
1 0.992188 0.369531 0.015625 0.035937
1 0.880469 0.425000 0.239063 0.218750
1 0.995313 0.214062 0.009375 0.056250
1 0.991406 0.097656 0.017188 0.042188
1 0.996875 0.021875 0.006250 0.031250
1 0.958594 0.100781 0.082812 0.192188
1 0.892188 0.035156 0.150000 0.070312
6 0.962500 0.832812 0.075000 0.143750
6 0.994531 0.700781 0.010937 0.020313
6 0.986719 0.657813 0.026562 0.028125
6 0.998437 0.641406 0.003125 0.007812
2 0.678906 0.521094 0.142187 0.173437
7 0.705469 0.385156 0.151562 0.176563
7 0.601562 0.350781 0.140625 0.151562
2 0.498437 0.413281 0.187500 0.132812
2 0.825781 0.234375 0.217188 0.253125
2 0.689844 0.234375 0.092188 0.150000
2 0.785937 0.106250 0.184375 0.150000
6 0.771094 0.002344 0.007812 0.004687
6 0.614062 0.038281 0.037500 0.076563
6 0.701562 0.175000 0.056250 0.100000
2 0.646875 0.166406 0.100000 0.179688
2 0.551562 0.165625 0.121875 0.171875
6 0.967969 0.525781 0.064062 0.092188
6 0.809375 0.553125 0.100000 0.159375
6 0.889844 0.656250 0.104688 0.075000
7 0.354687 0.447656 0.093750 0.070312
7 0.331250 0.479687 0.100000 0.081250
1 0.242969 0.450781 0.095312 0.123438
1 0.163281 0.509375 0.104688 0.112500
1 0.148438 0.407031 0.078125 0.123438
1 0.000000 0.691406 0.000000 0.001563
2 0.046875 0.714063 0.093750 0.209375
2 0.501563 0.025781 0.106250 0.051562
2 0.071875 0.106250 0.100000 0.096875
7 0.949219 0.286719 0.101562 0.157812
1 0.107813 0.248438 0.096875 0.162500
2 0.235937 0.859375 0.171875 0.181250
2 0.061719 0.514062 0.123438 0.128125
1 0.039844 0.186719 0.079687 0.201563
1 0.047656 0.392188 0.095312 0.218750
6 0.541406 0.647656 0.154688 0.142187
