1 0.978125 0.113281 0.043750 0.064062
1 0.964063 0.046875 0.071875 0.093750
1 0.889062 0.050000 0.115625 0.100000
2 0.979688 0.154688 0.040625 0.043750
1 0.990625 0.461719 0.018750 0.060937
1 0.992188 0.585938 0.015625 0.059375
1 0.997656 0.530469 0.004687 0.035937
1 0.891406 0.554688 0.217188 0.209375
1 0.982812 0.652344 0.034375 0.092188
2 0.949219 0.717969 0.101562 0.142187
1 0.921875 0.821094 0.156250 0.142187
1 0.884375 0.916406 0.178125 0.167187
1 0.971875 0.882031 0.056250 0.101562
1 0.963281 0.967187 0.073438 0.065625
1 0.981250 0.953125 0.037500 0.059375
2 0.878906 0.120313 0.182812 0.103125
2 0.742188 0.175000 0.109375 0.146875
1 0.664062 0.154688 0.115625 0.125000
1 0.772656 0.403906 0.157812 0.164062
1 0.698438 0.300781 0.140625 0.173437
1 0.607812 0.348438 0.146875 0.134375
1 0.574219 0.452344 0.135937 0.114062
1 0.616406 0.253906 0.082812 0.064062
2 0.558594 0.098437 0.148438 0.181250
1 0.339844 0.328906 0.195312 0.154688
1 0.209375 0.301563 0.162500 0.162500
1 0.134375 0.269531 0.103125 0.129688
1 0.192969 0.180469 0.148438 0.110937
1 0.067187 0.287500 0.081250 0.081250
1 0.027344 0.222656 0.054688 0.167187
6 0.282813 0.070312 0.159375 0.140625
1 0.611719 0.544531 0.129688 0.123438
1 0.505469 0.581250 0.076563 0.078125
1 0.181250 0.619531 0.106250 0.123438
1 0.069531 0.692187 0.139063 0.156250
1 0.039844 0.578125 0.079687 0.115625
1 0.154688 0.490625 0.121875 0.159375
1 0.071094 0.418750 0.092188 0.115625
1 0.015625 0.999219 0.012500 0.001563
1 0.023438 0.939063 0.046875 0.121875
1 0.087500 0.862500 0.175000 0.237500
1 0.177344 0.958594 0.185938 0.082812
1 0.237500 0.903125 0.143750 0.159375
1 0.222656 0.822656 0.314063 0.232813
4 0.461719 0.939844 0.148438 0.110937
3 0.547656 0.992188 0.051562 0.015625
3 0.732031 0.961719 0.142187 0.076563
7 0.285938 0.987500 0.056250 0.025000
6 0.339844 0.975000 0.048438 0.050000
4 0.463281 0.792969 0.207813 0.164062
1 0.404687 0.696094 0.200000 0.164062
1 0.544531 0.666406 0.104688 0.126562
1 0.651563 0.760938 0.184375 0.184375
1 0.792969 0.708594 0.132812 0.132812
1 0.801562 0.804688 0.106250 0.115625
1 0.596875 0.907813 0.137500 0.184375
1 0.682031 0.889062 0.092188 0.103125
1 0.775781 0.901563 0.104688 0.090625
1 0.498437 0.514844 0.068750 0.057813
