1 0.020313 0.946875 0.040625 0.106250
2 0.164844 0.984375 0.042188 0.031250
2 0.228125 0.962500 0.087500 0.075000
1 0.117969 0.761719 0.170313 0.198437
4 0.171875 0.925781 0.175000 0.148438
1 0.225000 0.741406 0.150000 0.120313
1 0.367188 0.786719 0.171875 0.189062
3 0.721875 0.771094 0.125000 0.139063
6 0.832812 0.438281 0.125000 0.129688
2 0.571094 0.541406 0.145313 0.170313
1 0.302344 0.656250 0.095312 0.081250
1 0.386719 0.522656 0.076563 0.073438
1 0.477344 0.489063 0.132812 0.090625
1 0.272656 0.578125 0.107813 0.109375
1 0.350781 0.568750 0.073438 0.075000
2 0.227344 0.492188 0.104688 0.221875
2 0.111719 0.552344 0.176563 0.160938
2 0.017969 0.610156 0.035937 0.117188
6 0.067187 0.628125 0.084375 0.068750
2 0.011719 0.494531 0.023438 0.032813
1 0.431250 0.574219 0.143750 0.139063
2 0.396094 0.428906 0.107813 0.126562
1 0.832031 0.326562 0.139063 0.128125
1 0.410156 0.324219 0.157812 0.160938
1 0.505469 0.409375 0.110937 0.106250
1 0.292969 0.389062 0.139063 0.171875
1 0.306250 0.489844 0.096875 0.076563
1 0.546875 0.190625 0.115625 0.165625
2 0.652344 0.145313 0.139063 0.134375
1 0.582031 0.344531 0.142187 0.182812
1 0.660937 0.482031 0.178125 0.151562
1 0.716406 0.421875 0.160938 0.128125
2 0.546094 0.042969 0.167187 0.085938
2 0.636719 0.010937 0.051562 0.021875
2 0.800000 0.001563 0.006250 0.003125
2 0.709375 0.001563 0.034375 0.003125
2 0.790625 0.062500 0.115625 0.125000
1 0.791406 0.168750 0.145313 0.131250
2 0.714063 0.110156 0.081250 0.079687
1 0.903906 0.225000 0.120313 0.143750
1 0.962500 0.285156 0.075000 0.139063
1 0.917969 0.110156 0.129688 0.098437
1 0.224219 0.182812 0.092188 0.125000
4 0.433594 0.089063 0.129688 0.096875
2 0.278906 0.270313 0.145313 0.121875
2 0.371875 0.240625 0.121875 0.075000
2 0.692187 0.331250 0.156250 0.112500
2 0.470313 0.364844 0.093750 0.110937
1 0.011719 0.427344 0.023438 0.067187
1 0.110937 0.384375 0.175000 0.243750
4 0.052344 0.005469 0.023438 0.010937
2 0.058594 0.266406 0.117188 0.135937
2 0.037500 0.171875 0.075000 0.100000
6 0.102344 0.200000 0.076563 0.118750
6 0.160156 0.143750 0.107813 0.084375
6 0.357031 0.196875 0.070312 0.075000
6 0.418750 0.134375 0.056250 0.053125
6 0.285938 0.103906 0.125000 0.042188
6 0.500000 0.256250 0.062500 0.093750
6 0.760156 0.020313 0.051562 0.040625
6 0.734375 0.041406 0.093750 0.082812
6 0.974219 0.121094 0.051562 0.076563
6 0.880469 0.076563 0.132812 0.146875
6 0.887500 0.166406 0.062500 0.054688
2 0.550000 0.067187 0.265625 0.134375
2 0.017969 0.031250 0.035937 0.062500
