3 0.391406 0.159375 0.132812 0.118750
6 0.976562 0.622656 0.046875 0.029687
6 0.610938 0.467187 0.109375 0.059375
6 0.560937 0.516406 0.028125 0.045312
1 0.612500 0.684375 0.128125 0.121875
1 0.499219 0.616406 0.095312 0.126562
1 0.290625 0.534375 0.128125 0.125000
6 0.071094 0.339844 0.095312 0.076563
6 0.312500 0.353125 0.062500 0.028125
1 0.256250 0.420312 0.187500 0.175000
3 0.411719 0.282813 0.079687 0.143750
2 0.335938 0.278906 0.156250 0.148438
3 0.028906 0.264844 0.057813 0.107813
1 0.167969 0.961719 0.126562 0.076563
1 0.971094 0.944531 0.057813 0.110937
6 0.973437 0.860156 0.053125 0.051562
1 0.992969 0.836719 0.014063 0.026562
1 0.700000 0.007031 0.125000 0.014063
1 0.587500 0.019531 0.084375 0.039062
1 0.052344 0.960938 0.104688 0.078125
2 0.078906 0.925781 0.085938 0.145313
2 0.031250 0.768750 0.062500 0.134375
3 0.085156 0.799219 0.095312 0.089063
1 0.933594 0.382812 0.132812 0.253125
2 0.947656 0.547656 0.104688 0.095312
3 0.855469 0.468750 0.092188 0.125000
3 0.902344 0.589844 0.139063 0.142187
3 0.803906 0.567187 0.073438 0.084375
3 0.769531 0.476562 0.104688 0.128125
3 0.736719 0.589063 0.098437 0.093750
2 0.717187 0.671875 0.100000 0.121875
2 0.785937 0.765625 0.168750 0.143750
2 0.782813 0.695312 0.075000 0.103125
1 0.864844 0.664844 0.098437 0.104688
3 0.956250 0.685156 0.087500 0.129688
3 0.991406 0.621094 0.017188 0.017188
3 0.553125 0.818750 0.096875 0.112500
6 0.032031 0.115625 0.064062 0.087500
2 0.063281 0.045312 0.110937 0.090625
3 0.115625 0.878906 0.075000 0.114062
1 0.214062 0.896094 0.175000 0.173437
2 0.086719 0.162500 0.173437 0.190625
1 0.194531 0.256250 0.207813 0.190625
1 0.297656 0.138281 0.104688 0.129688
1 0.362500 0.064062 0.171875 0.128125
3 0.471094 0.052344 0.101562 0.104688
3 0.428125 0.000781 0.009375 0.001563
1 0.196094 0.068750 0.192188 0.137500
2 0.266406 0.957812 0.073438 0.084375
1 0.097656 0.016406 0.064062 0.032813
