1 0.832031 0.960938 0.104688 0.078125
1 0.532031 0.997656 0.020313 0.004687
1 0.583594 0.971875 0.073438 0.056250
1 0.510938 0.956250 0.125000 0.087500
1 0.436719 0.950000 0.064062 0.096875
1 0.934375 0.957031 0.131250 0.085938
2 0.760938 0.703906 0.231250 0.295312
1 0.744531 0.581250 0.154688 0.137500
1 0.666406 0.476562 0.151562 0.128125
1 0.663281 0.358594 0.189062 0.182812
1 0.551562 0.461719 0.121875 0.151562
1 0.620313 0.616406 0.153125 0.160938
1 0.500781 0.757812 0.148438 0.128125
1 0.485156 0.839063 0.167187 0.100000
1 0.368750 0.763281 0.150000 0.164062
1 0.917969 0.703906 0.164062 0.167187
1 0.493750 0.658594 0.128125 0.132812
1 0.410938 0.471875 0.115625 0.121875
1 0.307812 0.503906 0.140625 0.135937
1 0.235937 0.460938 0.159375 0.109375
1 0.137500 0.446094 0.103125 0.114062
4 0.114844 0.494531 0.157812 0.110937
2 0.537500 0.357031 0.112500 0.117188
2 0.500000 0.357812 0.075000 0.093750
1 0.371094 0.328125 0.235937 0.203125
1 0.316406 0.384375 0.176563 0.106250
4 0.894531 0.581250 0.157812 0.131250
4 0.835156 0.491406 0.101562 0.132812
1 0.728125 0.279687 0.175000 0.215625
4 0.528906 0.257031 0.135937 0.142187
5 0.005469 0.990625 0.010937 0.018750
2 0.794531 0.825000 0.164062 0.181250
1 0.119531 0.300000 0.239063 0.300000
2 0.177344 0.111719 0.114062 0.123438
1 0.321094 0.125781 0.198437 0.185938
1 0.032031 0.933594 0.064062 0.132812
4 0.234375 0.212500 0.112500 0.137500
