1 0.945312 0.818750 0.109375 0.162500
6 0.960938 0.662500 0.078125 0.109375
2 0.904687 0.661719 0.112500 0.142187
2 0.965625 0.926562 0.068750 0.084375
1 0.949219 0.977344 0.101562 0.045312
1 0.946875 0.549219 0.106250 0.120313
1 0.839844 0.223438 0.214062 0.168750
1 0.764844 0.131250 0.164062 0.100000
1 0.757812 0.048438 0.212500 0.096875
6 0.627344 0.570312 0.032813 0.046875
1 0.482812 0.274219 0.115625 0.073438
1 0.456250 0.344531 0.106250 0.104688
1 0.519531 0.400000 0.120313 0.131250
3 0.392188 0.410938 0.175000 0.137500
6 0.300000 0.501563 0.040625 0.065625
1 0.061719 0.048438 0.123438 0.096875
1 0.450781 0.835156 0.157812 0.182812
6 0.357812 0.810937 0.093750 0.090625
1 0.651563 0.985938 0.068750 0.028125
1 0.680469 0.932813 0.092188 0.096875
6 0.333594 0.644531 0.073438 0.067187
4 0.035156 0.573438 0.070312 0.193750
2 0.019531 0.281250 0.039062 0.068750
3 0.011719 0.830469 0.023438 0.092188
3 0.068750 0.709375 0.137500 0.153125
1 0.298438 0.900000 0.109375 0.115625
3 0.150000 0.745313 0.128125 0.128125
1 0.246094 0.784375 0.126562 0.181250
4 0.226562 0.333594 0.150000 0.107813
3 0.226562 0.402344 0.137500 0.110937
1 0.066406 0.636719 0.054688 0.076563
1 0.109375 0.615625 0.115625 0.128125
1 0.203906 0.653125 0.117188 0.153125
4 0.144531 0.535156 0.132812 0.323437
1 0.661719 0.726562 0.195312 0.206250
1 0.121875 0.909375 0.234375 0.181250
1 0.375000 0.971875 0.118750 0.056250
1 0.527344 0.925781 0.232813 0.148438
1 0.535156 0.699219 0.142187 0.245312
2 0.866406 0.777344 0.073438 0.117188
2 0.670312 0.528125 0.128125 0.075000
4 0.668750 0.599219 0.212500 0.129688
2 0.872656 0.567969 0.076563 0.082812
3 0.741406 0.500000 0.089063 0.093750
