1 0.027344 0.481250 0.054688 0.159375
1 0.032031 0.664062 0.064062 0.103125
1 0.028125 0.585938 0.056250 0.068750
6 0.137500 0.251563 0.046875 0.031250
1 0.232031 0.005469 0.089063 0.010937
1 0.025781 0.021094 0.051562 0.042188
1 0.158594 0.035156 0.120313 0.070312
1 0.106250 0.115625 0.156250 0.156250
1 0.031250 0.332813 0.062500 0.103125
1 0.474219 0.063281 0.123438 0.126562
1 0.612500 0.135937 0.125000 0.106250
3 0.651563 0.007812 0.068750 0.015625
2 0.571875 0.632812 0.187500 0.125000
2 0.623437 0.579688 0.109375 0.093750
1 0.306250 0.071875 0.218750 0.143750
3 0.716406 0.389844 0.095312 0.110937
2 0.576562 0.464844 0.100000 0.142187
2 0.660156 0.478125 0.120313 0.103125
2 0.728125 0.557813 0.106250 0.096875
1 0.759375 0.485938 0.112500 0.106250
1 0.869531 0.566406 0.254688 0.257812
1 0.792969 0.048438 0.120313 0.096875
3 0.711719 0.046875 0.076563 0.093750
1 0.221875 0.378125 0.175000 0.187500
1 0.355469 0.149219 0.151562 0.179688
3 0.655469 0.053125 0.107813 0.106250
3 0.602344 0.028906 0.085938 0.057813
2 0.165625 0.535156 0.178125 0.192188
1 0.181250 0.687500 0.100000 0.106250
1 0.256250 0.663281 0.125000 0.110937
2 0.134375 0.803906 0.121875 0.148438
1 0.927344 0.738281 0.126562 0.154688
1 0.953906 0.842969 0.092188 0.129688
3 0.590625 0.808594 0.100000 0.148438
1 0.353125 0.494531 0.212500 0.292187
3 0.353906 0.927344 0.189062 0.145313
2 0.160156 0.909375 0.304688 0.181250
1 0.274219 0.801562 0.220312 0.218750
1 0.412500 0.804688 0.156250 0.171875
1 0.479687 0.764062 0.162500 0.134375
1 0.424219 0.683594 0.173437 0.120313
3 0.045312 0.785156 0.090625 0.176563
2 0.124219 0.609375 0.104688 0.100000
2 0.082812 0.667188 0.115625 0.171875
3 0.047656 0.973437 0.064062 0.053125
3 0.603125 0.993750 0.028125 0.012500
3 0.504687 0.952344 0.137500 0.095312
1 0.624219 0.904687 0.264062 0.190625
1 0.929688 0.971094 0.140625 0.057813
4 0.975781 0.485156 0.048438 0.214062
2 0.935156 0.385937 0.129688 0.134375
1 0.918750 0.221094 0.162500 0.239063
1 0.786719 0.138281 0.182812 0.151562
2 0.408594 0.000000 0.001563 0.000000
2 0.533594 0.108594 0.104688 0.101562
1 0.542188 0.288281 0.162500 0.192188
2 0.965625 0.029687 0.068750 0.059375
2 0.901563 0.007031 0.009375 0.014063
2 0.861719 0.019531 0.042188 0.039062
1 0.161719 0.302344 0.129688 0.076563
2 0.663281 0.649219 0.117188 0.107813
2 0.614062 0.728125 0.062500 0.059375
1 0.971875 0.677344 0.056250 0.151562
3 0.718750 0.985938 0.040625 0.028125
2 0.013281 0.041406 0.026562 0.057813
2 0.091406 0.008594 0.060937 0.017188
