6 0.439844 0.871875 0.220312 0.256250
1 0.552344 0.939063 0.145313 0.121875
1 0.606250 0.841406 0.096875 0.104688
7 0.661719 0.908594 0.070312 0.070312
7 0.719531 0.936719 0.070312 0.082812
7 0.687500 0.881250 0.075000 0.062500
7 0.703125 0.860156 0.087500 0.095312
1 0.696094 0.980469 0.057813 0.039062
1 0.936719 0.714844 0.098437 0.120313
1 0.935156 0.560156 0.129688 0.167187
2 0.898438 0.431250 0.200000 0.137500
1 0.757031 0.531250 0.123438 0.109375
1 0.692187 0.542969 0.084375 0.076563
7 0.635156 0.660156 0.064062 0.070312
7 0.675000 0.652344 0.043750 0.060937
7 0.339844 0.821094 0.101562 0.114062
6 0.894531 0.258594 0.092188 0.076563
6 0.903125 0.182031 0.078125 0.070312
7 0.720313 0.271875 0.078125 0.100000
6 0.833594 0.143750 0.101562 0.087500
