7 0.939063 0.429688 0.121875 0.153125
1 0.934375 0.565625 0.131250 0.140625
1 0.551562 0.953906 0.159375 0.092188
4 0.079687 0.963281 0.100000 0.073438
3 0.245312 0.996875 0.028125 0.006250
2 0.019531 0.974219 0.039062 0.051562
2 0.068750 0.851562 0.137500 0.146875
2 0.265625 0.826562 0.075000 0.065625
7 0.243750 0.732812 0.121875 0.131250
7 0.117188 0.740625 0.093750 0.109375
7 0.001563 0.720313 0.003125 0.015625
7 0.003906 0.685156 0.007812 0.029687
2 0.460938 0.575781 0.065625 0.057813
2 0.394531 0.737500 0.057813 0.109375
2 0.453906 0.715625 0.098437 0.121875
1 0.326562 0.790625 0.065625 0.053125
1 0.395313 0.542188 0.078125 0.118750
1 0.468750 0.507812 0.112500 0.140625
7 0.716406 0.281250 0.151562 0.137500
7 0.761719 0.363281 0.098437 0.129688
7 0.707812 0.469531 0.121875 0.114062
7 0.688281 0.396094 0.064062 0.054688
2 0.185938 0.671094 0.075000 0.076563
2 0.046875 0.559375 0.056250 0.068750
2 0.282031 0.654687 0.067187 0.075000
2 0.194531 0.614844 0.067187 0.048438
1 0.080469 0.518750 0.067187 0.065625
1 0.151562 0.581250 0.146875 0.125000
6 0.324219 0.560937 0.070312 0.087500
6 0.419531 0.604688 0.039062 0.103125
7 0.322656 0.411719 0.132812 0.176563
7 0.359375 0.315625 0.081250 0.075000
7 0.339062 0.101562 0.125000 0.128125
2 0.246875 0.304688 0.078125 0.065625
7 0.129688 0.209375 0.096875 0.084375
