4 0.970313 0.607812 0.056250 0.084375
2 0.619531 0.955469 0.185938 0.089063
2 0.799219 0.975781 0.176563 0.048438
2 0.792188 0.900000 0.181250 0.165625
2 0.969531 0.814844 0.060937 0.104688
1 0.954688 0.958594 0.090625 0.082812
2 0.667969 0.895312 0.092188 0.078125
4 0.975781 0.748437 0.048438 0.121875
4 0.939844 0.763281 0.064062 0.104688
1 0.867188 0.774219 0.128125 0.126562
1 0.910937 0.642969 0.178125 0.160938
1 0.471875 0.957031 0.118750 0.085938
1 0.335938 0.959375 0.178125 0.081250
2 0.296094 0.886719 0.092188 0.073438
4 0.521094 0.932813 0.076563 0.087500
1 0.660156 0.722656 0.101562 0.085938
2 0.522656 0.612500 0.248438 0.134375
2 0.740625 0.553125 0.162500 0.150000
1 0.671875 0.511719 0.168750 0.160938
1 0.636719 0.653906 0.110937 0.139063
1 0.808594 0.389844 0.157812 0.170313
1 0.909375 0.288281 0.181250 0.151562
2 0.751563 0.196875 0.215625 0.246875
1 0.475000 0.261719 0.150000 0.201563
1 0.573438 0.185938 0.193750 0.168750
1 0.715625 0.077344 0.203125 0.154688
1 0.513281 0.063281 0.173437 0.126562
1 0.924219 0.127344 0.151562 0.214062
2 0.843750 0.041406 0.162500 0.082812
2 0.923438 0.012500 0.081250 0.025000
1 0.746875 0.000000 0.003125 0.000000
1 0.340625 0.492188 0.190625 0.165625
2 0.036719 0.924219 0.073438 0.151562
1 0.264062 0.165625 0.303125 0.268750
1 0.332813 0.059375 0.165625 0.118750
1 0.228125 0.009375 0.090625 0.018750
1 0.038281 0.387500 0.076563 0.109375
2 0.074219 0.023438 0.079687 0.046875
