2 0.596094 0.996875 0.010937 0.006250
2 0.489063 0.996094 0.021875 0.007812
2 0.057813 0.940625 0.115625 0.118750
2 0.032813 0.873437 0.065625 0.056250
1 0.289844 0.826562 0.242188 0.171875
1 0.162500 0.722656 0.171875 0.198437
2 0.474219 0.871094 0.120313 0.079687
2 0.562500 0.772656 0.062500 0.092188
2 0.592187 0.856250 0.143750 0.115625
6 0.620313 0.763281 0.109375 0.117188
2 0.718750 0.827344 0.150000 0.185938
2 0.916406 0.845313 0.114062 0.128125
2 0.417187 0.674219 0.168750 0.170313
2 0.589844 0.662500 0.223438 0.125000
2 0.296875 0.700000 0.134375 0.190625
3 0.032813 0.993750 0.009375 0.012500
3 0.006250 0.992969 0.012500 0.014063
3 0.060156 0.989062 0.035937 0.021875
1 0.047656 0.730469 0.095312 0.232813
1 0.758594 0.663281 0.123438 0.101562
2 0.961719 0.625000 0.076563 0.115625
1 0.864844 0.492969 0.142187 0.145313
1 0.641406 0.536719 0.185938 0.148438
2 0.752344 0.515625 0.117188 0.162500
2 0.524219 0.558594 0.101562 0.110937
1 0.659375 0.416406 0.171875 0.151562
1 0.768750 0.376563 0.106250 0.150000
1 0.552344 0.454688 0.098437 0.112500
1 0.459375 0.518750 0.131250 0.143750
1 0.854688 0.342187 0.190625 0.162500
2 0.980469 0.415625 0.039062 0.059375
2 0.939844 0.203125 0.120313 0.118750
2 0.973437 0.092188 0.053125 0.131250
2 0.977344 0.022656 0.045312 0.045312
2 0.960156 0.000781 0.007812 0.001563
2 0.905469 0.083594 0.129688 0.129688
1 0.804688 0.225000 0.118750 0.118750
1 0.628125 0.289844 0.153125 0.132812
1 0.647656 0.182031 0.114062 0.157812
1 0.496094 0.265625 0.154688 0.178125
1 0.711719 0.278906 0.117188 0.107813
1 0.750781 0.144531 0.170313 0.204687
2 0.379688 0.584375 0.118750 0.096875
2 0.535937 0.369531 0.075000 0.079687
2 0.496094 0.384375 0.039062 0.050000
2 0.297656 0.582031 0.089063 0.076563
1 0.419531 0.397656 0.145313 0.120313
1 0.301563 0.503125 0.112500 0.131250
1 0.232031 0.465625 0.101562 0.071875
1 0.204687 0.531250 0.165625 0.140625
1 0.005469 0.485156 0.010937 0.085938
1 0.068750 0.492188 0.137500 0.150000
2 0.140625 0.325000 0.084375 0.103125
1 0.006250 0.242969 0.012500 0.073438
1 0.000781 0.408594 0.001563 0.014063
1 0.016406 0.362500 0.032813 0.059375
1 0.038281 0.149219 0.076563 0.142187
1 0.057813 0.307031 0.115625 0.192188
1 0.096875 0.203125 0.125000 0.118750
1 0.123438 0.077344 0.181250 0.154688
1 0.120313 0.000000 0.009375 0.000000
1 0.043750 0.035156 0.087500 0.070312
2 0.259375 0.204687 0.103125 0.103125
2 0.196875 0.160938 0.106250 0.153125
1 0.559375 0.159375 0.137500 0.121875
1 0.493750 0.090625 0.159375 0.181250
1 0.385937 0.109375 0.090625 0.100000
1 0.384375 0.043750 0.071875 0.062500
1 0.361719 0.022656 0.060937 0.045312
1 0.871094 0.016406 0.157812 0.032813
1 0.449219 0.026562 0.132812 0.053125
1 0.257812 0.275000 0.131250 0.096875
1 0.258594 0.345313 0.101562 0.096875
2 0.249219 0.413281 0.039062 0.051562
2 0.327344 0.342969 0.051562 0.098437
2 0.198437 0.339062 0.050000 0.096875
2 0.089063 0.392188 0.096875 0.078125
4 0.426563 0.156250 0.087500 0.090625
4 0.387500 0.221875 0.112500 0.090625
1 0.591406 0.035156 0.095312 0.070312
1 0.639062 0.010937 0.059375 0.021875
1 0.595313 0.000000 0.003125 0.000000
1 0.306250 0.102344 0.093750 0.145313
1 0.721094 0.028906 0.120313 0.057813
2 0.631250 0.610156 0.137500 0.064062
