6 0.647656 0.957031 0.104688 0.085938
1 0.539062 0.294531 0.103125 0.107813
1 0.617188 0.340625 0.112500 0.112500
1 0.577344 0.211719 0.089063 0.082812
1 0.645312 0.182812 0.121875 0.065625
1 0.685937 0.271875 0.068750 0.100000
1 0.644531 0.251563 0.101562 0.118750
2 0.891406 0.011719 0.076563 0.023438
2 0.596094 0.027344 0.101562 0.054688
1 0.024219 0.028906 0.048438 0.057813
6 0.215625 0.581250 0.050000 0.062500
1 0.095312 0.930469 0.103125 0.129688
1 0.089844 0.990625 0.048438 0.018750
6 0.859375 0.376563 0.015625 0.028125
6 0.856250 0.312500 0.084375 0.084375
6 0.421094 0.773438 0.073438 0.043750
7 0.899219 0.885938 0.126562 0.115625
2 0.521875 0.996875 0.021875 0.006250
1 0.001563 0.881250 0.003125 0.009375
1 0.041406 0.811719 0.082812 0.154688
2 0.796094 0.025000 0.117188 0.050000
2 0.692187 0.025781 0.087500 0.051562
2 0.835156 0.057813 0.132812 0.115625
2 0.967969 0.042188 0.064062 0.084375
2 0.919531 0.057031 0.098437 0.079687
2 0.990625 0.134375 0.018750 0.050000
2 0.925781 0.125781 0.135937 0.089063
2 0.912500 0.165625 0.090625 0.081250
1 0.732812 0.170313 0.115625 0.100000
1 0.685937 0.078906 0.150000 0.098437
1 0.857031 0.225781 0.095312 0.110937
1 0.886719 0.271094 0.067187 0.067187
2 0.969531 0.188281 0.060937 0.064062
2 0.940625 0.241406 0.075000 0.064062
2 0.940625 0.302344 0.093750 0.092188
2 0.981250 0.228906 0.037500 0.082812
2 0.990625 0.289062 0.018750 0.050000
2 0.978906 0.328906 0.042188 0.067187
2 0.966406 0.381250 0.060937 0.046875
2 0.992969 0.370312 0.014063 0.018750
2 0.960156 0.433594 0.067187 0.092188
1 0.054688 0.086719 0.103125 0.101562
1 0.042188 0.167969 0.084375 0.104688
2 0.294531 0.167969 0.123438 0.120313
1 0.230469 0.252344 0.098437 0.114062
1 0.305469 0.271094 0.092188 0.095312
1 0.257031 0.325000 0.082812 0.090625
2 0.361719 0.284375 0.070312 0.068750
2 0.146094 0.288281 0.098437 0.098437
2 0.182812 0.335938 0.090625 0.093750
2 0.232813 0.374219 0.071875 0.079687
1 0.293750 0.402344 0.115625 0.129688
1 0.032813 0.525000 0.065625 0.075000
1 0.049219 0.587500 0.098437 0.062500
1 0.146875 0.640625 0.165625 0.153125
1 0.210938 0.475781 0.090625 0.101562
2 0.011719 0.441406 0.023438 0.039062
2 0.134375 0.483594 0.065625 0.054688
2 0.048438 0.478906 0.096875 0.082812
2 0.006250 0.669531 0.012500 0.048438
2 0.085938 0.739062 0.059375 0.087500
2 0.128906 0.723437 0.070312 0.059375
2 0.193750 0.728906 0.071875 0.076563
2 0.225000 0.708594 0.034375 0.035937
1 0.132812 0.825781 0.131250 0.129688
1 0.178125 0.905469 0.093750 0.085938
2 0.247656 0.773438 0.064062 0.075000
2 0.319531 0.868750 0.123438 0.115625
2 0.384375 0.867188 0.062500 0.078125
2 0.400781 0.813281 0.070312 0.070312
2 0.368750 0.929688 0.084375 0.065625
2 0.368750 0.363281 0.171875 0.123438
2 0.450000 0.317188 0.053125 0.050000
2 0.457813 0.392188 0.071875 0.087500
2 0.342969 0.466406 0.232813 0.151562
1 0.585938 0.450781 0.118750 0.092188
1 0.341406 0.621094 0.120313 0.164062
1 0.268750 0.679688 0.084375 0.090625
1 0.489844 0.612500 0.145313 0.121875
2 0.304688 0.729688 0.056250 0.071875
2 0.366406 0.719531 0.073438 0.045312
2 0.421094 0.725000 0.064062 0.071875
2 0.453125 0.701562 0.059375 0.065625
2 0.497656 0.718750 0.057813 0.071875
2 0.420312 0.246875 0.125000 0.065625
2 0.424219 0.289844 0.073438 0.067187
2 0.479687 0.275000 0.043750 0.043750
1 0.584375 0.525781 0.156250 0.117188
1 0.704688 0.435156 0.153125 0.179688
1 0.806250 0.507031 0.100000 0.098437
2 0.667188 0.518750 0.084375 0.056250
2 0.678125 0.560156 0.071875 0.045312
2 0.722656 0.538281 0.035937 0.029687
2 0.750000 0.558594 0.050000 0.042188
2 0.841406 0.557813 0.045312 0.056250
2 0.670312 0.609375 0.065625 0.068750
2 0.732812 0.605469 0.075000 0.067187
2 0.689063 0.650000 0.050000 0.028125
2 0.772656 0.621875 0.060937 0.040625
2 0.810156 0.613281 0.051562 0.042188
2 0.827344 0.629687 0.051562 0.043750
2 0.777344 0.661719 0.035937 0.045312
2 0.786719 0.357031 0.098437 0.073438
2 0.995313 0.401562 0.009375 0.046875
2 0.731250 0.660156 0.059375 0.070312
2 0.764844 0.691406 0.051562 0.045312
2 0.710938 0.702344 0.068750 0.054688
2 0.730469 0.729688 0.051562 0.043750
2 0.657813 0.690625 0.071875 0.075000
2 0.802344 0.696875 0.060937 0.046875
2 0.757812 0.762500 0.043750 0.053125
2 0.835938 0.776563 0.056250 0.078125
2 0.797656 0.778125 0.060937 0.071875
2 0.571875 0.733594 0.075000 0.079687
2 0.653125 0.735938 0.078125 0.075000
2 0.663281 0.770312 0.067187 0.043750
2 0.582812 0.800781 0.093750 0.110937
2 0.547656 0.872656 0.064062 0.039062
2 0.606250 0.862500 0.053125 0.068750
2 0.635938 0.822656 0.040625 0.035937
2 0.649219 0.894531 0.057813 0.085938
2 0.685937 0.901563 0.059375 0.062500
2 0.721875 0.885938 0.056250 0.046875
2 0.736719 0.860938 0.070312 0.037500
2 0.588281 0.904687 0.076563 0.075000
7 0.717969 0.803906 0.117188 0.107813
2 0.975000 0.573438 0.050000 0.078125
2 0.977344 0.645312 0.045312 0.068750
2 0.968750 0.687500 0.043750 0.059375
2 0.853125 0.667188 0.068750 0.087500
2 0.907813 0.679688 0.087500 0.115625
2 0.950000 0.724219 0.025000 0.035937
7 0.520312 0.789844 0.078125 0.064062
2 0.518750 0.853125 0.056250 0.075000
2 0.446094 0.828125 0.073438 0.065625
2 0.785937 0.832031 0.053125 0.039062
2 0.814063 0.821875 0.065625 0.046875
2 0.805469 0.852344 0.042188 0.029687
2 0.821875 0.863281 0.046875 0.032813
2 0.801562 0.896875 0.075000 0.065625
2 0.456250 0.991406 0.037500 0.017188
2 0.492969 0.982031 0.035937 0.032813
2 0.370312 0.976562 0.106250 0.046875
2 0.428906 0.917188 0.079687 0.109375
2 0.461719 0.894531 0.095312 0.079687
2 0.301563 0.940625 0.109375 0.071875
1 0.289844 0.979688 0.082812 0.040625
1 0.207031 0.977344 0.120313 0.045312
1 0.103125 0.382031 0.140625 0.154688
