2 0.971094 0.970313 0.057813 0.059375
2 0.939063 0.881250 0.121875 0.178125
2 0.808594 0.242969 0.145313 0.160938
1 0.666406 0.913281 0.189062 0.173437
1 0.494531 0.961719 0.192188 0.076563
2 0.584375 0.829688 0.134375 0.146875
2 0.406250 0.923438 0.140625 0.153125
1 0.385156 0.771094 0.201563 0.154688
1 0.345313 0.662500 0.175000 0.162500
1 0.481250 0.674219 0.103125 0.129688
2 0.568750 0.599219 0.190625 0.154688
7 0.839063 0.372656 0.118750 0.167187
1 0.528906 0.329688 0.192188 0.165625
1 0.728125 0.310937 0.115625 0.071875
1 0.653906 0.307812 0.098437 0.165625
1 0.697656 0.210938 0.151562 0.128125
1 0.622656 0.120313 0.120313 0.100000
1 0.707812 0.126562 0.100000 0.084375
1 0.722656 0.061719 0.098437 0.064062
1 0.626563 0.054688 0.171875 0.109375
1 0.507031 0.053906 0.148438 0.107813
1 0.378125 0.381250 0.118750 0.146875
2 0.362500 0.178125 0.246875 0.165625
2 0.146094 0.092969 0.198437 0.185938
1 0.036719 0.009375 0.073438 0.018750
4 0.148438 0.009375 0.068750 0.018750
1 0.006250 0.933594 0.012500 0.089063
2 0.075000 0.930469 0.150000 0.139063
2 0.824219 0.820312 0.173437 0.140625
2 0.775781 0.909375 0.167187 0.168750
2 0.214062 0.973437 0.096875 0.053125
2 0.307031 0.914844 0.132812 0.148438
7 0.058594 0.371094 0.117188 0.242188
1 0.749219 0.996094 0.020313 0.007812
1 0.820312 0.988281 0.059375 0.023438
2 0.501563 0.264062 0.234375 0.134375
