2 0.109375 0.929688 0.112500 0.062500
1 0.000000 0.829688 0.000000 0.025000
2 0.385156 0.978125 0.120313 0.043750
2 0.241406 0.814063 0.070312 0.065625
7 0.720313 0.885156 0.093750 0.095312
7 0.562500 0.893750 0.093750 0.090625
7 0.628906 0.834375 0.117188 0.065625
7 0.628906 0.776563 0.123438 0.071875
7 0.625781 0.883594 0.064062 0.023438
1 0.800781 0.874219 0.107813 0.110937
1 0.402344 0.786719 0.079687 0.070312
7 0.988281 0.743750 0.023438 0.096875
7 0.883594 0.827344 0.073438 0.095312
2 0.816406 0.726562 0.145313 0.128125
6 0.915625 0.737500 0.075000 0.093750
2 0.961719 0.886719 0.076563 0.089063
1 0.457031 0.633594 0.082812 0.126562
1 0.441406 0.707812 0.054688 0.050000
7 0.660156 0.560937 0.057813 0.059375
7 0.953125 0.565625 0.093750 0.143750
6 0.734375 0.488281 0.037500 0.039062
6 0.706250 0.583594 0.037500 0.039062
7 0.994531 0.503125 0.010937 0.009375
7 0.991406 0.356250 0.017188 0.021875
7 0.993750 0.330469 0.012500 0.023438
6 0.910156 0.338281 0.057813 0.048438
6 0.975781 0.342187 0.048438 0.040625
6 0.952344 0.085938 0.076563 0.062500
6 0.925781 0.204687 0.054688 0.053125
7 0.298438 0.227344 0.078125 0.082812
7 0.212500 0.380469 0.059375 0.064062
7 0.026562 0.247656 0.040625 0.070312
6 0.171875 0.001563 0.040625 0.003125
6 0.404687 0.016406 0.056250 0.032813
6 0.451562 0.011719 0.046875 0.023438
6 0.079687 0.210156 0.065625 0.048438
6 0.429688 0.392969 0.059375 0.076563
1 0.567969 0.396094 0.051562 0.073438
1 0.730469 0.457813 0.039062 0.040625
2 0.730469 0.289062 0.057813 0.075000
2 0.792969 0.259375 0.070312 0.084375
1 0.625781 0.298438 0.042188 0.040625
1 0.685156 0.026562 0.039062 0.050000
2 0.614062 0.092969 0.084375 0.067187
6 0.584375 0.175781 0.068750 0.064062
2 0.803125 0.303906 0.059375 0.054688
2 0.739844 0.244531 0.079687 0.082812
1 0.941406 0.310937 0.057813 0.078125
1 0.944531 0.037500 0.048438 0.062500
2 0.976562 0.028906 0.046875 0.057813
6 0.787500 0.015625 0.043750 0.031250
2 0.210938 0.977344 0.075000 0.045312
1 0.226562 0.875781 0.053125 0.064062
6 0.395313 0.910156 0.062500 0.048438
6 0.469531 0.963281 0.054688 0.073438
6 0.492969 0.774219 0.042188 0.045312
7 0.942969 0.961719 0.114062 0.076563
6 0.728125 0.685937 0.059375 0.050000
