2 0.953125 0.825781 0.093750 0.110937
2 0.865625 0.708594 0.162500 0.210938
2 0.962500 0.686719 0.075000 0.182812
2 0.941406 0.564844 0.117188 0.182812
2 0.999219 0.575781 0.001563 0.004687
2 0.982812 0.529687 0.034375 0.075000
2 0.726562 0.735156 0.187500 0.151562
2 0.735938 0.574219 0.303125 0.282813
1 0.847656 0.835938 0.120313 0.156250
2 0.908594 0.964063 0.145313 0.071875
2 0.935937 0.426563 0.128125 0.165625
1 0.748437 0.274219 0.243750 0.189062
2 0.708594 0.392969 0.126562 0.098437
2 0.593750 0.351562 0.150000 0.146875
1 0.828906 0.142187 0.104688 0.118750
1 0.739844 0.136719 0.117188 0.117188
1 0.951562 0.049219 0.096875 0.098437
1 0.642969 0.019531 0.151562 0.039062
1 0.575781 0.132031 0.301563 0.257812
1 0.470313 0.039062 0.196875 0.078125
1 0.199219 0.011719 0.104688 0.023438
1 0.099219 0.001563 0.017188 0.003125
2 0.217188 0.056250 0.150000 0.096875
1 0.113281 0.125781 0.179688 0.148438
1 0.289062 0.145313 0.184375 0.137500
1 0.225000 0.235156 0.250000 0.210938
1 0.484375 0.271875 0.134375 0.140625
6 0.401562 0.225000 0.109375 0.115625
6 0.033594 0.043750 0.067187 0.087500
1 0.027344 0.099219 0.054688 0.135937
1 0.875000 0.992188 0.075000 0.015625
1 0.721875 0.828125 0.143750 0.134375
1 0.663281 0.870313 0.135937 0.112500
2 0.817969 0.940625 0.148438 0.118750
1 0.292187 0.448437 0.156250 0.165625
1 0.457813 0.485938 0.162500 0.159375
2 0.568750 0.653906 0.134375 0.179688
1 0.502344 0.635938 0.092188 0.115625
1 0.383594 0.641406 0.198437 0.210938
1 0.028906 0.392188 0.057813 0.156250
2 0.021875 0.284375 0.043750 0.084375
2 0.079687 0.315625 0.087500 0.087500
2 0.183594 0.457031 0.067187 0.064062
2 0.106250 0.408594 0.081250 0.098437
1 0.082031 0.519531 0.164062 0.145313
1 0.112500 0.619531 0.150000 0.145313
1 0.205469 0.576562 0.120313 0.165625
2 0.017188 0.824219 0.034375 0.145313
2 0.014844 0.546094 0.029687 0.089063
2 0.000781 0.492188 0.001563 0.006250
4 0.041406 0.688281 0.082812 0.170313
2 0.292969 0.521875 0.107813 0.056250
2 0.363281 0.498437 0.051562 0.100000
2 0.283594 0.581250 0.076563 0.106250
2 0.271875 0.693750 0.125000 0.140625
1 0.116406 0.757031 0.185938 0.164062
2 0.071094 0.878906 0.129688 0.157812
2 0.150000 0.918750 0.234375 0.162500
1 0.346094 0.977344 0.104688 0.045312
1 0.689063 0.986719 0.040625 0.026562
1 0.741406 0.947656 0.101562 0.104688
6 0.022656 0.963281 0.045312 0.073438
2 0.423438 0.971875 0.065625 0.056250
2 0.479687 0.992969 0.053125 0.014063
2 0.514844 0.953125 0.148438 0.081250
6 0.826562 0.410938 0.131250 0.109375
1 0.565625 0.967187 0.156250 0.065625
2 0.637500 0.985938 0.040625 0.028125
