1 0.117969 0.948438 0.170313 0.103125
1 0.169531 0.997656 0.020313 0.004687
1 0.242969 0.958594 0.114062 0.082812
1 0.319531 0.990625 0.051562 0.018750
1 0.390625 0.964063 0.125000 0.071875
3 0.724219 0.968750 0.120313 0.062500
6 0.832812 0.674219 0.125000 0.129688
2 0.571875 0.776563 0.146875 0.168750
1 0.302344 0.891406 0.095312 0.082812
1 0.386719 0.757812 0.076563 0.075000
1 0.478125 0.724219 0.134375 0.089063
1 0.273438 0.814063 0.106250 0.109375
1 0.350781 0.804688 0.073438 0.075000
2 0.227344 0.727344 0.104688 0.223438
2 0.111719 0.787500 0.176563 0.162500
2 0.017969 0.845313 0.035937 0.118750
6 0.067187 0.864062 0.084375 0.068750
2 0.011719 0.730469 0.023438 0.032813
1 0.432031 0.809375 0.142187 0.137500
2 0.396094 0.664062 0.107813 0.128125
1 0.832031 0.560937 0.139063 0.128125
1 0.410156 0.560156 0.157812 0.160938
1 0.505469 0.643750 0.110937 0.106250
1 0.292969 0.624219 0.139063 0.173437
1 0.307031 0.725000 0.095312 0.078125
1 0.546875 0.425781 0.115625 0.167187
2 0.652344 0.380469 0.139063 0.132812
1 0.582812 0.579688 0.143750 0.181250
1 0.660937 0.717969 0.178125 0.151562
1 0.717969 0.657813 0.160938 0.128125
2 0.546875 0.247656 0.165625 0.145313
2 0.651563 0.132812 0.253125 0.246875
2 0.764844 0.179688 0.173437 0.118750
2 0.839063 0.071875 0.115625 0.143750
2 0.790625 0.297656 0.115625 0.126562
1 0.792188 0.404687 0.143750 0.131250
2 0.714844 0.346094 0.079687 0.079687
1 0.903906 0.460156 0.120313 0.145313
1 0.962500 0.520312 0.075000 0.140625
1 0.917969 0.346094 0.129688 0.098437
1 0.964063 0.100000 0.071875 0.118750
2 0.982031 0.025000 0.035937 0.050000
1 0.732031 0.044531 0.123438 0.089063
1 0.548438 0.000781 0.006250 0.001563
1 0.490625 0.043750 0.178125 0.087500
2 0.468750 0.137500 0.156250 0.184375
1 0.357812 0.083594 0.168750 0.167187
2 0.268750 0.053906 0.137500 0.107813
1 0.069531 0.021875 0.139063 0.043750
1 0.225781 0.417969 0.092188 0.126562
4 0.433594 0.324219 0.129688 0.095312
2 0.278906 0.506250 0.145313 0.121875
2 0.371875 0.475000 0.121875 0.075000
2 0.692969 0.565625 0.157812 0.112500
2 0.470313 0.600000 0.093750 0.112500
1 0.011719 0.662500 0.023438 0.068750
1 0.110937 0.618750 0.175000 0.243750
4 0.060156 0.160938 0.120313 0.168750
4 0.000000 0.001563 0.000000 0.003125
2 0.059375 0.500781 0.118750 0.135937
2 0.037500 0.407031 0.075000 0.098437
6 0.102344 0.435156 0.076563 0.117188
6 0.160156 0.378906 0.107813 0.082812
6 0.357031 0.432031 0.070312 0.076563
6 0.419531 0.369531 0.054688 0.051562
6 0.285938 0.339062 0.125000 0.040625
6 0.500000 0.491406 0.062500 0.095312
6 0.762500 0.241406 0.056250 0.070312
6 0.734375 0.276562 0.093750 0.084375
6 0.974219 0.356250 0.051562 0.075000
6 0.880469 0.311719 0.132812 0.148438
6 0.887500 0.402344 0.062500 0.054688
2 0.551562 0.290625 0.265625 0.156250
2 0.592187 0.016406 0.065625 0.032813
2 0.018750 0.241406 0.037500 0.110937
