1 0.033594 0.889844 0.067187 0.154688
7 0.102344 0.021875 0.064062 0.043750
7 0.042188 0.179688 0.059375 0.059375
7 0.076563 0.046875 0.065625 0.071875
7 0.182812 0.092188 0.084375 0.059375
1 0.305469 0.208594 0.098437 0.104688
7 0.064062 0.359375 0.078125 0.096875
2 0.205469 0.039062 0.095312 0.078125
2 0.314844 0.049219 0.154688 0.098437
2 0.029687 0.743750 0.059375 0.075000
2 0.001563 0.667969 0.003125 0.010937
2 0.131250 0.853125 0.078125 0.065625
1 0.090625 0.905469 0.056250 0.085938
1 0.040625 0.950781 0.081250 0.060937
2 0.213281 0.983594 0.079687 0.032813
2 0.267969 0.928906 0.117188 0.114062
7 0.280469 0.728125 0.085938 0.075000
7 0.307812 0.809375 0.071875 0.112500
1 0.114062 0.774219 0.100000 0.110937
7 0.411719 0.892969 0.139063 0.120313
1 0.359375 0.816406 0.078125 0.089063
1 0.296094 0.640625 0.089063 0.143750
1 0.396094 0.562500 0.117188 0.156250
1 0.610156 0.731250 0.151562 0.143750
1 0.189844 0.626563 0.129688 0.134375
2 0.178125 0.705469 0.046875 0.054688
7 0.176563 0.571875 0.134375 0.103125
7 0.093750 0.526563 0.087500 0.078125
7 0.117188 0.485938 0.081250 0.059375
2 0.228125 0.423438 0.121875 0.162500
1 0.100781 0.415625 0.126562 0.093750
7 0.285938 0.142969 0.090625 0.082812
7 0.403906 0.115625 0.073438 0.084375
2 0.534375 0.140625 0.100000 0.109375
2 0.560156 0.092969 0.107813 0.098437
1 0.585156 0.277344 0.132812 0.101562
1 0.652344 0.219531 0.148438 0.129688
2 0.661719 0.867188 0.104688 0.046875
2 0.716406 0.907031 0.064062 0.064062
7 0.807031 0.643750 0.114062 0.118750
1 0.999219 0.663281 0.001563 0.004687
1 0.979688 0.628125 0.040625 0.075000
7 0.828125 0.553125 0.065625 0.075000
1 0.333594 0.986719 0.057813 0.026562
2 0.857031 0.816406 0.042188 0.039062
1 0.009375 0.585938 0.018750 0.090625
7 0.015625 0.252344 0.031250 0.070312
2 0.018750 0.167187 0.037500 0.050000
1 0.274219 0.563281 0.048438 0.057813
7 0.360156 0.017188 0.085938 0.034375
7 0.441406 0.010156 0.060937 0.020313
7 0.958594 0.157812 0.070312 0.090625
7 0.912500 0.196875 0.093750 0.106250
1 0.946875 0.054688 0.106250 0.109375
