1 0.133594 0.999219 0.014063 0.001563
1 0.262500 0.960938 0.134375 0.078125
1 0.149219 0.978125 0.104688 0.043750
2 0.365625 0.967969 0.106250 0.064062
1 0.623437 0.950781 0.071875 0.098437
1 0.694531 0.936719 0.098437 0.126562
1 0.288281 0.871094 0.126562 0.132812
1 0.406250 0.880469 0.150000 0.132812
2 0.531250 0.892188 0.175000 0.215625
3 0.155469 0.912500 0.110937 0.125000
3 0.199219 0.797656 0.107813 0.123438
2 0.132812 0.719531 0.168750 0.110937
1 0.039062 0.746875 0.078125 0.165625
5 0.395313 0.764062 0.125000 0.137500
2 0.767969 0.713281 0.145313 0.176563
4 0.507812 0.757031 0.078125 0.070312
4 0.509375 0.692969 0.106250 0.082812
4 0.444531 0.692187 0.085938 0.084375
4 0.397656 0.651563 0.073438 0.062500
2 0.340625 0.550781 0.171875 0.210938
2 0.416406 0.522656 0.145313 0.154688
1 0.263281 0.592187 0.082812 0.093750
1 0.167187 0.498437 0.190625 0.118750
1 0.437500 0.358594 0.193750 0.214062
1 0.583594 0.435156 0.157812 0.157812
2 0.205469 0.437500 0.264062 0.137500
1 0.167187 0.327344 0.134375 0.145313
1 0.069531 0.386719 0.139063 0.185938
1 0.009375 0.419531 0.018750 0.135937
1 0.031250 0.268750 0.062500 0.118750
1 0.103125 0.234375 0.143750 0.109375
1 0.269531 0.319531 0.185938 0.126562
6 0.762500 0.372656 0.137500 0.123438
1 0.623437 0.358594 0.146875 0.095312
1 0.722656 0.243750 0.195312 0.221875
1 0.932813 0.241406 0.078125 0.089063
2 0.907031 0.167969 0.185938 0.192188
2 0.851562 0.046875 0.125000 0.093750
1 0.596875 0.276562 0.112500 0.096875
1 0.476562 0.206250 0.143750 0.159375
2 0.610938 0.104688 0.203125 0.209375
1 0.178906 0.005469 0.064062 0.010937
6 0.952344 0.719531 0.095312 0.189062
1 0.001563 0.640625 0.003125 0.015625
