2 0.783594 0.943750 0.229687 0.112500
1 0.964063 0.980469 0.071875 0.039062
1 0.889062 0.918750 0.140625 0.162500
1 0.858594 0.769531 0.123438 0.139063
1 0.746094 0.822656 0.120313 0.123438
2 0.421094 0.997656 0.020313 0.004687
1 0.550781 0.889062 0.210938 0.203125
1 0.586719 0.762500 0.160938 0.115625
1 0.020313 0.617969 0.040625 0.207813
2 0.078125 0.581250 0.156250 0.231250
2 0.194531 0.145313 0.148438 0.187500
1 0.110156 0.039844 0.117188 0.079687
4 0.340625 0.210156 0.140625 0.129688
1 0.430469 0.078906 0.114062 0.104688
1 0.539844 0.059375 0.123438 0.118750
1 0.092188 0.249219 0.128125 0.145313
1 0.039062 0.214062 0.078125 0.115625
2 0.074219 0.394531 0.132812 0.170313
1 0.190625 0.425000 0.109375 0.246875
2 0.277344 0.283594 0.114062 0.117188
1 0.204687 0.684375 0.118750 0.146875
1 0.295312 0.696875 0.106250 0.156250
1 0.565625 0.515625 0.118750 0.115625
1 0.557813 0.630469 0.231250 0.176563
2 0.695312 0.564844 0.193750 0.173437
1 0.657031 0.445312 0.173437 0.146875
1 0.577344 0.367188 0.079687 0.100000
1 0.660156 0.315625 0.142187 0.162500
1 0.765625 0.296875 0.106250 0.125000
1 0.783594 0.401562 0.126562 0.175000
3 0.841406 0.634375 0.126562 0.112500
2 0.259375 0.964063 0.121875 0.071875
4 0.517188 0.150781 0.100000 0.095312
4 0.389062 0.153906 0.056250 0.064062
1 0.634375 0.194531 0.146875 0.142187
1 0.747656 0.173437 0.114062 0.112500
2 0.830469 0.201563 0.079687 0.093750
6 0.364063 0.042188 0.050000 0.050000
3 0.817187 0.049219 0.087500 0.098437
3 0.803906 0.004687 0.020313 0.009375
3 0.781250 0.000781 0.006250 0.001563
1 0.996875 0.454688 0.006250 0.018750
2 0.935156 0.478125 0.129688 0.218750
1 0.837500 0.489063 0.096875 0.150000
2 0.889062 0.203125 0.131250 0.112500
2 0.891406 0.096094 0.139063 0.139063
2 0.964063 0.053125 0.071875 0.106250
1 0.996094 0.115625 0.007812 0.021875
1 0.996094 0.086719 0.007812 0.023438
3 0.880469 0.016406 0.098437 0.032813
4 0.679688 0.096094 0.140625 0.123438
2 0.025000 0.315625 0.050000 0.103125
