2 0.970313 0.865625 0.059375 0.165625
1 0.688281 0.946875 0.176563 0.106250
1 0.747656 0.782813 0.323437 0.246875
1 0.999219 0.393750 0.001563 0.009375
1 0.770312 0.310937 0.303125 0.281250
1 0.981250 0.258594 0.037500 0.107813
1 0.975000 0.149219 0.050000 0.089063
1 0.895312 0.203906 0.150000 0.192188
1 0.960938 0.009375 0.078125 0.018750
2 0.815625 0.044531 0.234375 0.089063
2 0.953125 0.067187 0.093750 0.118750
1 0.830469 0.126562 0.157812 0.093750
2 0.607812 0.087500 0.259375 0.175000
2 0.546094 0.967969 0.107813 0.064062
1 0.460938 0.957031 0.193750 0.085938
1 0.481250 0.873437 0.165625 0.146875
1 0.353906 0.946094 0.101562 0.107813
1 0.348438 0.853125 0.096875 0.118750
1 0.250781 0.956250 0.120313 0.081250
1 0.492969 0.777344 0.235937 0.176563
2 0.467969 0.649219 0.248438 0.192188
2 0.484375 0.494531 0.328125 0.201563
2 0.511719 0.316406 0.204687 0.201563
6 0.489844 0.370312 0.073438 0.056250
6 0.389062 0.325781 0.046875 0.057813
6 0.410938 0.372656 0.053125 0.048438
6 0.369531 0.393750 0.060937 0.050000
2 0.275000 0.565625 0.168750 0.090625
2 0.249219 0.641406 0.189062 0.167187
2 0.121094 0.582812 0.129688 0.115625
1 0.172656 0.771094 0.095312 0.123438
4 0.321875 0.742969 0.090625 0.107813
4 0.253906 0.750000 0.098437 0.115625
4 0.114844 0.975000 0.148438 0.050000
1 0.155469 0.921094 0.107813 0.110937
2 0.000000 0.639062 0.000000 0.003125
2 0.030469 0.560156 0.060937 0.120313
2 0.043750 0.447656 0.087500 0.164062
1 0.210938 0.326562 0.321875 0.243750
2 0.367969 0.236719 0.201563 0.139063
1 0.276562 0.119531 0.346875 0.220312
4 0.092969 0.707031 0.123438 0.126562
4 0.064062 0.661719 0.128125 0.170313
4 0.091406 0.522656 0.107813 0.057813
4 0.160938 0.504687 0.096875 0.059375
4 0.100000 0.412500 0.093750 0.146875
4 0.140625 0.457031 0.106250 0.079687
2 0.035937 0.311719 0.065625 0.101562
2 0.002344 0.214062 0.004687 0.009375
2 0.003906 0.180469 0.007812 0.020313
2 0.041406 0.220312 0.082812 0.121875
2 0.012500 0.128906 0.025000 0.064062
2 0.000000 0.045312 0.000000 0.000000
2 0.052344 0.085156 0.104688 0.132812
2 0.032031 0.024219 0.064062 0.048438
1 0.259375 0.475781 0.146875 0.114062
