2 0.855469 0.879687 0.289062 0.240625
1 0.998437 0.997656 0.003125 0.004687
1 0.967187 0.968750 0.065625 0.062500
4 0.993750 0.897656 0.012500 0.017188
4 0.997656 0.882812 0.004687 0.012500
4 0.996094 0.797656 0.007812 0.035937
2 0.171875 0.986719 0.062500 0.026562
1 0.267188 0.929688 0.159375 0.140625
2 0.259375 0.856250 0.103125 0.081250
2 0.358594 0.914844 0.095312 0.142187
2 0.404687 0.906250 0.065625 0.071875
2 0.696875 0.857812 0.125000 0.134375
1 0.706250 0.954688 0.096875 0.090625
1 0.633594 0.953906 0.095312 0.092188
1 0.550781 0.967969 0.104688 0.064062
2 0.004687 0.144531 0.009375 0.020313
2 0.200781 0.129688 0.104688 0.103125
2 0.026562 0.160156 0.053125 0.045312
2 0.020313 0.090625 0.040625 0.096875
2 0.028125 0.028125 0.056250 0.056250
2 0.236719 0.005469 0.035937 0.010937
1 0.564844 0.542969 0.164062 0.117188
1 0.766406 0.482812 0.145313 0.103125
1 0.808594 0.421875 0.135937 0.115625
2 0.942187 0.367188 0.115625 0.150000
2 0.612500 0.358594 0.193750 0.210938
2 0.756250 0.331250 0.109375 0.103125
2 0.810937 0.038281 0.068750 0.076563
2 0.583594 0.014063 0.089063 0.028125
