2 0.962500 0.875000 0.075000 0.131250
2 0.992969 0.994531 0.014063 0.010937
7 0.991406 0.107813 0.017188 0.046875
7 0.860156 0.055469 0.142187 0.110937
1 0.964063 0.061719 0.071875 0.120313
1 0.967187 0.271875 0.065625 0.078125
1 0.933594 0.242969 0.054688 0.082812
1 0.806250 0.338281 0.090625 0.089063
2 0.761719 0.150000 0.067187 0.075000
2 0.766406 0.235156 0.089063 0.057813
7 0.963281 0.360938 0.073438 0.112500
6 0.996094 0.437500 0.007812 0.021875
7 0.607812 0.598437 0.053125 0.075000
3 0.642969 0.633594 0.076563 0.085938
3 0.655469 0.691406 0.079687 0.067187
2 0.559375 0.582812 0.078125 0.078125
1 0.721094 0.561719 0.048438 0.048438
7 0.878125 0.686719 0.065625 0.082812
2 0.751563 0.839063 0.084375 0.096875
2 0.773438 0.971094 0.087500 0.057813
1 0.843750 0.981250 0.090625 0.037500
1 0.680469 0.844531 0.089063 0.107813
2 0.239844 0.982812 0.082812 0.034375
1 0.025000 0.976562 0.050000 0.046875
2 0.064062 0.964063 0.065625 0.062500
2 0.075000 0.993750 0.040625 0.012500
2 0.204687 0.915625 0.134375 0.081250
2 0.170313 0.880469 0.050000 0.048438
2 0.292969 0.943750 0.048438 0.046875
2 0.366406 0.963281 0.142187 0.073438
2 0.320312 0.931250 0.062500 0.065625
2 0.342969 0.860938 0.048438 0.065625
6 0.370312 0.804688 0.081250 0.065625
6 0.190625 0.853906 0.043750 0.051562
6 0.227344 0.790625 0.067187 0.084375
2 0.124219 0.756250 0.057813 0.053125
2 0.246875 0.830469 0.068750 0.051562
2 0.225000 0.960156 0.050000 0.067187
1 0.044531 0.740625 0.089063 0.106250
1 0.115625 0.685156 0.115625 0.117188
2 0.080469 0.767188 0.039062 0.050000
6 0.092188 0.864062 0.034375 0.028125
2 0.060937 0.827344 0.103125 0.064062
1 0.210938 0.514062 0.081250 0.131250
1 0.267188 0.528906 0.062500 0.089063
1 0.065625 0.509375 0.093750 0.084375
1 0.133594 0.482812 0.092188 0.071875
2 0.186719 0.607031 0.035937 0.054688
2 0.234375 0.641406 0.078125 0.076563
4 0.025781 0.379688 0.051562 0.075000
2 0.212500 0.408594 0.075000 0.095312
2 0.168750 0.255469 0.028125 0.023438
4 0.224219 0.313281 0.089063 0.079687
2 0.145313 0.380469 0.081250 0.104688
4 0.042969 0.402344 0.064062 0.060937
1 0.115625 0.419531 0.068750 0.076563
1 0.042188 0.246094 0.084375 0.082812
2 0.324219 0.175781 0.120313 0.092188
2 0.364844 0.104688 0.067187 0.081250
2 0.213281 0.091406 0.048438 0.067187
2 0.235937 0.149219 0.059375 0.051562
2 0.321875 0.281250 0.093750 0.062500
2 0.258594 0.260156 0.048438 0.035937
1 0.234375 0.196094 0.090625 0.051562
1 0.355469 0.249219 0.057813 0.085938
2 0.282813 0.080469 0.043750 0.039062
2 0.197656 0.039844 0.070312 0.054688
2 0.305469 0.047656 0.039062 0.048438
6 0.294531 0.121875 0.095312 0.093750
2 0.431250 0.138281 0.084375 0.070312
2 0.410938 0.099219 0.059375 0.064062
2 0.410156 0.045312 0.035937 0.034375
2 0.435156 0.049219 0.039062 0.042188
2 0.576562 0.099219 0.046875 0.048438
6 0.496094 0.102344 0.079687 0.082812
6 0.457031 0.014844 0.048438 0.029687
2 0.277344 0.007812 0.054688 0.015625
2 0.239844 0.003906 0.014063 0.007812
1 0.298438 0.415625 0.115625 0.118750
2 0.508594 0.723437 0.035937 0.040625
2 0.464062 0.510938 0.043750 0.056250
1 0.342187 0.583594 0.090625 0.048438
2 0.603125 0.421094 0.071875 0.079687
7 0.620313 0.553125 0.125000 0.100000
7 0.656250 0.331250 0.068750 0.078125
7 0.626563 0.375000 0.075000 0.059375
7 0.584375 0.343750 0.084375 0.075000
7 0.570312 0.318750 0.056250 0.043750
3 0.530469 0.440625 0.045312 0.043750
2 0.614844 0.192969 0.085938 0.060937
2 0.565625 0.223438 0.062500 0.043750
2 0.469531 0.272656 0.073438 0.067187
2 0.512500 0.314063 0.112500 0.103125
2 0.406250 0.278125 0.053125 0.059375
7 0.653125 0.257031 0.075000 0.079687
2 0.880469 0.335156 0.079687 0.095312
1 0.757031 0.278906 0.054688 0.051562
4 0.425781 0.358594 0.123438 0.120313
2 0.446875 0.445312 0.084375 0.087500
7 0.048438 0.025781 0.096875 0.051562
