2 0.501563 0.989844 0.078125 0.020313
1 0.356250 0.968750 0.243750 0.062500
2 0.116406 0.984375 0.054688 0.031250
1 0.041406 0.960156 0.082812 0.079687
1 0.010156 0.926562 0.020313 0.031250
1 0.264062 0.894531 0.209375 0.210938
1 0.078125 0.815625 0.156250 0.196875
1 0.021875 0.643750 0.043750 0.162500
2 0.060937 0.650781 0.112500 0.114062
2 0.135156 0.537500 0.179688 0.153125
2 0.029687 0.550000 0.059375 0.093750
3 0.432031 0.776563 0.076563 0.081250
2 0.553125 0.549219 0.265625 0.220312
2 0.639062 0.664062 0.115625 0.103125
2 0.708594 0.641406 0.082812 0.101562
2 0.762500 0.576562 0.112500 0.140625
1 0.827344 0.717969 0.173437 0.160938
2 0.694531 0.803125 0.085938 0.103125
1 0.868750 0.868750 0.171875 0.206250
2 0.946094 0.805469 0.073438 0.085938
1 0.987500 0.805469 0.025000 0.095312
1 0.092188 0.436719 0.184375 0.179688
1 0.097656 0.246094 0.195312 0.239063
1 0.244531 0.253125 0.145313 0.143750
1 0.376563 0.311719 0.112500 0.120313
1 0.426563 0.380469 0.184375 0.154688
1 0.717969 0.354687 0.151562 0.137500
1 0.740625 0.208594 0.187500 0.220312
1 0.585938 0.298438 0.218750 0.206250
1 0.585938 0.159375 0.165625 0.137500
1 0.380469 0.474219 0.126562 0.145313
2 0.265625 0.505469 0.165625 0.239063
6 0.253906 0.351562 0.095312 0.096875
1 0.575781 0.418750 0.164062 0.140625
2 0.928125 0.649219 0.143750 0.167187
1 0.935937 0.528906 0.128125 0.151562
2 0.996094 0.707812 0.007812 0.012500
1 0.923438 0.383594 0.153125 0.210938
6 0.740625 0.462500 0.081250 0.075000
1 0.908594 0.238281 0.182812 0.132812
1 0.666406 0.084375 0.176563 0.168750
2 0.327344 0.050781 0.114062 0.101562
6 0.963281 0.069531 0.073438 0.139063
2 0.031250 0.026562 0.062500 0.053125
2 0.235937 0.093750 0.171875 0.181250
