1 0.671094 0.953906 0.207813 0.092188
1 0.286719 0.996875 0.017188 0.006250
1 0.205469 0.961719 0.098437 0.076563
1 0.318750 0.921875 0.171875 0.140625
1 0.435937 0.856250 0.125000 0.087500
2 0.464844 0.950000 0.101562 0.100000
4 0.521875 0.846094 0.090625 0.167187
4 0.605469 0.841406 0.123438 0.129688
2 0.671094 0.787500 0.123438 0.106250
4 0.547656 0.950000 0.092188 0.100000
1 0.704688 0.882031 0.165625 0.129688
3 0.039062 0.832031 0.078125 0.120313
1 0.017188 0.692969 0.034375 0.110937
1 0.003906 0.610156 0.007812 0.017188
1 0.078906 0.678125 0.157812 0.200000
2 0.237500 0.800781 0.178125 0.132812
2 0.366406 0.747656 0.142187 0.170313
1 0.231250 0.714063 0.178125 0.137500
1 0.531250 0.699219 0.218750 0.214062
1 0.410156 0.664844 0.098437 0.135937
2 0.290625 0.518750 0.112500 0.100000
2 0.461719 0.451562 0.092188 0.087500
1 0.428906 0.323437 0.179688 0.209375
1 0.122656 0.484375 0.239063 0.212500
1 0.253906 0.363281 0.198437 0.223438
2 0.388281 0.177344 0.123438 0.145313
2 0.523438 0.018750 0.059375 0.037500
1 0.528125 0.078125 0.171875 0.156250
2 0.481250 0.147656 0.128125 0.098437
2 0.272656 0.093750 0.070312 0.084375
2 0.152344 0.912500 0.139063 0.134375
2 0.244531 0.890625 0.076563 0.071875
2 0.324219 0.856250 0.104688 0.071875
6 0.163281 0.823438 0.085938 0.053125
6 0.061719 0.879687 0.054688 0.034375
2 0.019531 0.909375 0.039062 0.031250
2 0.023438 0.478125 0.046875 0.137500
2 0.011719 0.370312 0.023438 0.046875
1 0.097656 0.206250 0.195312 0.193750
4 0.208594 0.240625 0.145313 0.100000
1 0.200000 0.185938 0.071875 0.065625
6 0.271875 0.171094 0.090625 0.073438
1 0.008594 0.007031 0.017188 0.014063
