2 0.881250 0.010156 0.015625 0.020313
2 0.844531 0.007812 0.045312 0.015625
7 0.788281 0.054688 0.145313 0.109375
7 0.649219 0.045312 0.173437 0.090625
7 0.589844 0.082031 0.085938 0.092188
7 0.533594 0.032031 0.089063 0.064062
1 0.189062 0.093750 0.215625 0.187500
1 0.521875 0.146875 0.234375 0.225000
1 0.353125 0.007031 0.043750 0.014063
1 0.310156 0.017969 0.067187 0.035937
7 0.463281 0.026562 0.076563 0.053125
1 0.014844 0.176563 0.029687 0.087500
7 0.039844 0.053125 0.079687 0.081250
7 0.254688 0.028906 0.065625 0.057813
2 0.394531 0.034375 0.073438 0.068750
2 0.364844 0.067187 0.082812 0.084375
7 0.032813 0.123438 0.053125 0.065625
1 0.086719 0.208594 0.139063 0.132812
7 0.310156 0.168750 0.060937 0.075000
1 0.258594 0.253125 0.185938 0.125000
1 0.985938 0.042188 0.028125 0.081250
7 0.942969 0.110156 0.114062 0.154688
2 0.114062 0.292187 0.134375 0.093750
1 0.275000 0.353125 0.115625 0.115625
2 0.534375 0.275781 0.075000 0.060937
2 0.453125 0.274219 0.103125 0.101562
2 0.489844 0.339062 0.117188 0.150000
2 0.417969 0.376563 0.110937 0.115625
2 0.353125 0.178906 0.053125 0.057813
2 0.664062 0.150781 0.118750 0.070312
1 0.778125 0.237500 0.159375 0.181250
2 0.919531 0.229687 0.135937 0.115625
1 0.996094 0.179688 0.007812 0.015625
1 0.998437 0.153125 0.003125 0.012500
6 0.876563 0.046094 0.043750 0.092188
1 0.978125 0.431250 0.043750 0.212500
2 0.953125 0.604688 0.093750 0.140625
1 0.899219 0.446875 0.170313 0.243750
1 0.882812 0.660937 0.178125 0.190625
2 0.983594 0.692187 0.032813 0.050000
2 0.950781 0.778125 0.098437 0.150000
1 0.982031 0.949219 0.035937 0.101562
1 0.909375 0.928125 0.150000 0.143750
2 0.705469 0.999219 0.004687 0.001563
2 0.746875 0.985938 0.053125 0.028125
6 0.706250 0.954688 0.043750 0.087500
1 0.662500 0.960156 0.056250 0.079687
1 0.712500 0.736719 0.203125 0.185938
2 0.667188 0.597656 0.131250 0.164062
7 0.750000 0.444531 0.109375 0.104688
2 0.653906 0.425781 0.170313 0.120313
4 0.743750 0.543750 0.087500 0.100000
1 0.496875 0.953125 0.206250 0.093750
7 0.345313 0.331250 0.065625 0.090625
7 0.293750 0.443750 0.156250 0.140625
2 0.353906 0.489844 0.173437 0.179688
1 0.403906 0.574219 0.145313 0.101562
2 0.477344 0.675781 0.167187 0.132812
2 0.478125 0.806250 0.156250 0.181250
2 0.553125 0.503906 0.106250 0.114062
2 0.526563 0.450781 0.100000 0.098437
7 0.224219 0.566406 0.129688 0.132812
7 0.129688 0.553125 0.090625 0.106250
7 0.124219 0.660937 0.076563 0.053125
7 0.121094 0.621094 0.085938 0.060937
7 0.071094 0.524219 0.101562 0.101562
2 0.172656 0.707812 0.070312 0.084375
2 0.002344 0.369531 0.004687 0.014063
2 0.000000 0.357031 0.000000 0.007812
7 0.041406 0.332031 0.076563 0.098437
7 0.016406 0.561719 0.032813 0.067187
7 0.025000 0.626563 0.050000 0.078125
1 0.015625 0.485156 0.031250 0.085938
1 0.093750 0.453906 0.065625 0.089063
1 0.109375 0.373437 0.084375 0.100000
1 0.316406 0.705469 0.110937 0.123438
1 0.076563 0.794531 0.068750 0.076563
1 0.072656 0.742969 0.101562 0.089063
2 0.268750 0.917188 0.053125 0.065625
2 0.236719 0.771094 0.060937 0.051562
2 0.167969 0.811719 0.098437 0.101562
2 0.285938 0.792969 0.084375 0.073438
2 0.357812 0.735156 0.103125 0.098437
7 0.243750 0.854688 0.071875 0.056250
7 0.016406 0.749219 0.032813 0.057813
7 0.044531 0.846094 0.076563 0.107813
1 0.785937 0.593750 0.153125 0.171875
7 0.224219 0.984375 0.095312 0.031250
7 0.073438 0.656250 0.040625 0.043750
2 0.042969 0.977344 0.085938 0.045312
7 0.118750 0.980469 0.040625 0.039062
1 0.833594 0.978125 0.070312 0.043750
