2 0.960938 0.853906 0.046875 0.039062
2 0.998437 0.996094 0.003125 0.007812
1 0.550000 0.975000 0.103125 0.050000
2 0.605469 0.969531 0.054688 0.060937
2 0.643750 0.984375 0.046875 0.031250
2 0.748437 0.997656 0.009375 0.004687
7 0.754687 0.965625 0.081250 0.068750
2 0.626563 0.791406 0.071875 0.089063
2 0.664062 0.747656 0.053125 0.051562
2 0.717187 0.687500 0.046875 0.050000
7 0.968750 0.976562 0.043750 0.046875
1 0.903906 0.801562 0.107813 0.100000
1 0.933594 0.744531 0.048438 0.067187
1 0.892969 0.725000 0.092188 0.068750
7 0.839844 0.760938 0.082812 0.068750
2 0.990625 0.760156 0.018750 0.042188
7 0.911719 0.660156 0.070312 0.067187
7 0.857031 0.674219 0.060937 0.079687
7 0.862500 0.600000 0.056250 0.075000
7 0.800000 0.605469 0.065625 0.064062
7 0.900000 0.496875 0.087500 0.075000
7 0.836719 0.508594 0.064062 0.076563
7 0.689844 0.526563 0.073438 0.078125
7 0.692187 0.462500 0.078125 0.068750
2 0.985156 0.629687 0.029687 0.050000
7 0.725000 0.626563 0.056250 0.059375
7 0.414844 0.608594 0.089063 0.107813
2 0.493750 0.763281 0.068750 0.073438
2 0.426563 0.826562 0.071875 0.078125
2 0.501563 0.828906 0.046875 0.039062
2 0.347656 0.897656 0.048438 0.051562
2 0.371875 0.864844 0.037500 0.048438
2 0.316406 0.927344 0.054688 0.048438
2 0.311719 0.882031 0.054688 0.054688
6 0.336719 0.973437 0.079687 0.053125
3 0.087500 0.999219 0.003125 0.001563
2 0.000781 0.993750 0.001563 0.009375
2 0.406250 0.962500 0.046875 0.037500
2 0.462500 0.935937 0.031250 0.062500
7 0.193750 0.689844 0.125000 0.129688
2 0.282031 0.766406 0.039062 0.039062
2 0.677344 0.696094 0.064062 0.064062
2 0.736719 0.745313 0.098437 0.093750
7 0.572656 0.426563 0.092188 0.096875
7 0.509375 0.369531 0.090625 0.073438
7 0.543750 0.349219 0.068750 0.079687
7 0.491406 0.320312 0.054688 0.043750
7 0.406250 0.332031 0.075000 0.070312
7 0.398438 0.283594 0.062500 0.079687
7 0.338281 0.305469 0.067187 0.073438
7 0.326562 0.375000 0.078125 0.084375
7 0.195312 0.366406 0.096875 0.110937
7 0.278125 0.602344 0.062500 0.076563
7 0.306250 0.457031 0.062500 0.101562
2 0.194531 0.500781 0.092188 0.132812
2 0.257031 0.545312 0.070312 0.065625
1 0.144531 0.307812 0.117188 0.143750
7 0.164062 0.167187 0.068750 0.081250
7 0.065625 0.198437 0.100000 0.112500
7 0.042969 0.258594 0.085938 0.070312
7 0.117188 0.032031 0.090625 0.064062
7 0.046875 0.034375 0.084375 0.068750
7 0.073438 0.001563 0.006250 0.003125
7 0.013281 0.000000 0.001563 0.000000
7 0.001563 0.001563 0.003125 0.003125
7 0.019531 0.076563 0.039062 0.053125
1 0.023438 0.195312 0.046875 0.084375
1 0.013281 0.427344 0.026562 0.060937
7 0.028125 0.507031 0.056250 0.110937
6 0.019531 0.579688 0.039062 0.050000
1 0.082812 0.621094 0.140625 0.154688
2 0.127344 0.782031 0.032813 0.039062
