7 0.981250 0.826562 0.037500 0.071875
7 0.942969 0.850781 0.070312 0.076563
7 0.988281 0.938281 0.023438 0.035937
1 0.996094 0.782813 0.007812 0.018750
1 0.892969 0.704688 0.073438 0.081250
1 0.870313 0.789062 0.078125 0.059375
7 0.829688 0.745313 0.065625 0.068750
7 0.783594 0.778125 0.079687 0.056250
7 0.768750 0.821094 0.084375 0.082812
7 0.806250 0.856250 0.043750 0.050000
7 0.901563 0.881250 0.078125 0.100000
7 0.679688 0.892969 0.093750 0.067187
7 0.862500 0.988281 0.109375 0.023438
6 0.860938 0.906250 0.112500 0.093750
2 0.538281 0.920312 0.064062 0.056250
6 0.451562 0.997656 0.006250 0.004687
6 0.460938 0.992188 0.009375 0.015625
2 0.265625 0.977344 0.065625 0.045312
7 0.450781 0.816406 0.092188 0.098437
7 0.330469 0.854688 0.089063 0.112500
7 0.576562 0.691406 0.106250 0.110937
7 0.521094 0.685937 0.073438 0.065625
7 0.526563 0.629687 0.118750 0.078125
7 0.460156 0.663281 0.067187 0.082812
7 0.720313 0.614844 0.103125 0.098437
7 0.675000 0.575781 0.115625 0.082812
7 0.534375 0.555469 0.134375 0.098437
7 0.410938 0.601562 0.087500 0.071875
7 0.433594 0.556250 0.076563 0.056250
7 0.420312 0.500781 0.125000 0.107813
7 0.385156 0.468750 0.104688 0.090625
7 0.253125 0.457813 0.090625 0.100000
7 0.307031 0.458594 0.054688 0.070312
7 0.224219 0.422656 0.054688 0.048438
7 0.296094 0.658594 0.085938 0.085938
2 0.337500 0.514844 0.043750 0.032813
6 0.174219 0.564063 0.145313 0.162500
7 0.141406 0.364844 0.067187 0.079687
7 0.117969 0.421094 0.089063 0.085938
7 0.083594 0.461719 0.051562 0.064062
7 0.071875 0.446094 0.043750 0.064062
7 0.050781 0.440625 0.054688 0.068750
2 0.227344 0.674219 0.035937 0.048438
1 0.220312 0.728125 0.068750 0.062500
7 0.032031 0.723437 0.064062 0.087500
7 0.053125 0.966406 0.106250 0.067187
7 0.035156 0.618750 0.070312 0.062500
