7 0.981250 0.967969 0.037500 0.064062
7 0.939063 0.978906 0.062500 0.042188
1 0.996094 0.928125 0.007812 0.018750
1 0.892969 0.850000 0.073438 0.081250
1 0.870313 0.935156 0.078125 0.060937
7 0.829688 0.890625 0.065625 0.068750
7 0.783594 0.923438 0.079687 0.056250
7 0.768750 0.962500 0.084375 0.075000
7 0.802344 0.988281 0.035937 0.023438
7 0.889062 0.988281 0.050000 0.023438
7 0.450781 0.956250 0.092188 0.087500
7 0.335156 0.971875 0.079687 0.056250
7 0.576562 0.836719 0.106250 0.110937
7 0.520312 0.832812 0.075000 0.065625
7 0.525781 0.775000 0.117188 0.078125
7 0.460156 0.809375 0.067187 0.084375
7 0.719531 0.760938 0.101562 0.096875
7 0.675000 0.721094 0.115625 0.082812
7 0.534375 0.700781 0.134375 0.098437
7 0.410156 0.748437 0.085938 0.071875
7 0.433594 0.702344 0.076563 0.054688
7 0.420312 0.646875 0.125000 0.106250
7 0.385156 0.614062 0.104688 0.090625
7 0.253125 0.603125 0.090625 0.100000
7 0.307031 0.603906 0.054688 0.070312
7 0.224219 0.567969 0.054688 0.048438
7 0.296094 0.804688 0.085938 0.084375
2 0.337500 0.660156 0.043750 0.032813
6 0.174219 0.709375 0.145313 0.162500
7 0.141406 0.510156 0.067187 0.079687
7 0.116406 0.566406 0.089063 0.085938
7 0.082812 0.607031 0.050000 0.064062
7 0.071875 0.591406 0.043750 0.064062
7 0.050781 0.586719 0.054688 0.067187
2 0.225781 0.820312 0.035937 0.046875
1 0.220312 0.873437 0.068750 0.062500
7 0.032031 0.869531 0.064062 0.085938
7 0.035156 0.764844 0.070312 0.060937
