2 0.692969 0.998437 0.007812 0.003125
2 0.822656 0.996875 0.007812 0.006250
2 0.771875 0.996094 0.053125 0.007812
2 0.715625 0.987500 0.046875 0.025000
1 0.770312 0.932813 0.131250 0.131250
6 0.683594 0.870313 0.048438 0.037500
1 0.610156 0.978125 0.060937 0.043750
1 0.950781 0.588281 0.098437 0.126562
1 0.320312 0.988281 0.087500 0.023438
1 0.121875 0.871875 0.112500 0.156250
2 0.000000 0.615625 0.000000 0.009375
2 0.026562 0.575781 0.053125 0.070312
1 0.107813 0.106250 0.109375 0.115625
1 0.195312 0.106250 0.134375 0.143750
1 0.142969 0.038281 0.123438 0.076563
1 0.213281 0.011719 0.067187 0.023438
1 0.070312 0.178125 0.084375 0.087500
1 0.033594 0.230469 0.067187 0.079687
1 0.003125 0.271094 0.006250 0.007812
1 0.000000 0.256250 0.000000 0.009375
2 0.856250 0.579688 0.062500 0.081250
2 0.117188 0.735938 0.112500 0.159375
2 0.990625 0.012500 0.018750 0.025000
7 0.757812 0.303125 0.137500 0.131250
2 0.912500 0.332813 0.093750 0.078125
2 0.032813 0.859375 0.065625 0.187500
2 0.825000 0.219531 0.037500 0.057813
1 0.030469 0.138281 0.060937 0.135937
1 0.032031 0.067187 0.064062 0.081250
1 0.035156 0.016406 0.070312 0.032813
2 0.972656 0.970313 0.054688 0.059375
2 0.912500 0.915625 0.175000 0.143750
2 0.784375 0.861719 0.100000 0.085938
2 0.926562 0.781250 0.081250 0.078125
2 0.904687 0.700781 0.131250 0.120313
1 0.628906 0.752344 0.207813 0.135937
1 0.747656 0.735938 0.089063 0.062500
1 0.760156 0.658594 0.117188 0.135937
1 0.707812 0.568750 0.115625 0.131250
2 0.796875 0.575000 0.087500 0.075000
2 0.752344 0.505469 0.045312 0.073438
1 0.807031 0.531250 0.101562 0.087500
1 0.823438 0.465625 0.137500 0.118750
1 0.900000 0.416406 0.131250 0.107813
2 0.962500 0.377344 0.075000 0.060937
1 0.814844 0.801562 0.054688 0.068750
2 0.985156 0.450000 0.029687 0.059375
2 0.570312 0.844531 0.165625 0.123438
2 0.021875 0.308594 0.043750 0.064062
2 0.016406 0.367188 0.032813 0.065625
1 0.008594 0.401562 0.017188 0.025000
2 0.844531 0.726562 0.082812 0.068750
2 0.780469 0.781250 0.085938 0.081250
2 0.888281 0.832812 0.067187 0.056250
1 0.981250 0.825781 0.037500 0.064062
1 0.996094 0.879687 0.007812 0.021875
1 0.317188 0.047656 0.121875 0.095312
1 0.296094 0.148438 0.132812 0.150000
1 0.400781 0.151562 0.110937 0.125000
1 0.489063 0.151562 0.081250 0.109375
1 0.524219 0.044531 0.089063 0.089063
2 0.547656 0.086719 0.082812 0.073438
2 0.578125 0.039062 0.121875 0.078125
2 0.425000 0.247656 0.112500 0.126562
2 0.677344 0.223438 0.132812 0.168750
2 0.534375 0.221094 0.146875 0.098437
2 0.984375 0.169531 0.031250 0.098437
2 0.472656 0.292969 0.089063 0.126562
