1 0.343750 0.981250 0.084375 0.037500
1 0.459375 0.943750 0.178125 0.112500
1 0.956250 0.932813 0.087500 0.109375
1 0.821875 0.778125 0.140625 0.181250
1 0.538281 0.822656 0.160938 0.226562
1 0.505469 0.748437 0.132812 0.140625
1 0.436719 0.714844 0.064062 0.098437
1 0.641406 0.832812 0.079687 0.075000
1 0.934375 0.752344 0.131250 0.148438
2 0.760156 0.467969 0.229687 0.295312
1 0.743750 0.346094 0.156250 0.139063
1 0.665625 0.241406 0.153125 0.129688
1 0.663281 0.122656 0.189062 0.182812
1 0.551562 0.226562 0.121875 0.153125
1 0.620313 0.381250 0.153125 0.159375
1 0.500000 0.522656 0.150000 0.129688
1 0.485156 0.603906 0.167187 0.098437
1 0.367969 0.528125 0.151562 0.165625
1 0.917969 0.468750 0.164062 0.168750
1 0.493750 0.423438 0.128125 0.134375
1 0.410938 0.235937 0.115625 0.121875
1 0.307031 0.267969 0.139063 0.135937
1 0.235937 0.225000 0.159375 0.109375
1 0.137500 0.210938 0.103125 0.112500
4 0.114844 0.259375 0.157812 0.109375
2 0.535937 0.121094 0.112500 0.117188
2 0.500000 0.121875 0.075000 0.093750
1 0.370312 0.097656 0.237500 0.195312
1 0.315625 0.148438 0.178125 0.106250
4 0.893750 0.346094 0.156250 0.129688
4 0.835156 0.256250 0.101562 0.131250
1 0.728125 0.075781 0.175000 0.151562
4 0.528906 0.046875 0.135937 0.093750
5 0.009375 0.911719 0.018750 0.032813
5 0.023438 0.840625 0.046875 0.096875
5 0.005469 0.760156 0.010937 0.026562
2 0.793750 0.589063 0.162500 0.181250
1 0.119531 0.107813 0.239063 0.215625
1 0.032031 0.706250 0.064062 0.150000
4 0.258594 0.022656 0.064062 0.045312
