2 0.678906 0.053125 0.110937 0.106250
1 0.937500 0.039844 0.125000 0.079687
7 0.854688 0.050000 0.106250 0.100000
2 0.914062 0.109375 0.171875 0.140625
3 0.746094 0.115625 0.095312 0.087500
2 0.921094 0.230469 0.157812 0.182812
2 0.787500 0.226562 0.137500 0.121875
1 0.976562 0.500781 0.046875 0.101562
7 0.974219 0.580469 0.051562 0.120313
7 0.538281 0.554688 0.210938 0.203125
7 0.865625 0.593750 0.153125 0.118750
2 0.878906 0.493750 0.104688 0.096875
2 0.704688 0.475781 0.093750 0.082812
2 0.699219 0.421875 0.067187 0.046875
2 0.752344 0.454688 0.079687 0.043750
2 0.763281 0.415625 0.092188 0.075000
2 0.777344 0.360156 0.045312 0.045312
2 0.800781 0.307812 0.095312 0.075000
1 0.952344 0.806250 0.095312 0.181250
7 0.908594 0.717187 0.110937 0.131250
2 0.975000 0.981250 0.050000 0.037500
1 0.876563 0.926562 0.150000 0.146875
3 0.785156 0.555469 0.079687 0.089063
