1 0.237500 0.918750 0.150000 0.162500
2 0.078125 0.930469 0.134375 0.129688
2 0.319531 0.844531 0.173437 0.173437
1 0.414062 0.919531 0.184375 0.160938
1 0.549219 0.975000 0.176563 0.050000
2 0.010156 0.496875 0.020313 0.021875
2 0.000781 0.461719 0.001563 0.014063
2 0.000000 0.509375 0.000000 0.006250
2 0.026562 0.565625 0.053125 0.146875
2 0.024219 0.349219 0.048438 0.070312
3 0.135156 0.463281 0.129688 0.139063
4 0.078906 0.314844 0.151562 0.123438
4 0.040625 0.245312 0.059375 0.071875
1 0.971875 0.971875 0.056250 0.056250
2 0.087500 0.651563 0.106250 0.128125
1 0.785937 0.960938 0.081250 0.078125
1 0.689844 0.996875 0.010937 0.006250
1 0.730469 0.985156 0.057813 0.029687
1 0.738281 0.948438 0.167187 0.103125
1 0.914062 0.866406 0.168750 0.132812
2 0.963281 0.915625 0.073438 0.065625
1 0.972656 0.597656 0.054688 0.095312
1 0.314844 0.529687 0.120313 0.146875
2 0.572656 0.515625 0.101562 0.084375
2 0.516406 0.409375 0.079687 0.103125
1 0.314063 0.127344 0.118750 0.126562
2 0.494531 0.182812 0.154688 0.128125
2 0.050000 0.733594 0.100000 0.145313
2 0.216406 0.634375 0.176563 0.153125
2 0.096094 0.560937 0.117188 0.143750
1 0.237500 0.524219 0.115625 0.135937
2 0.220312 0.485938 0.134375 0.153125
2 0.291406 0.417187 0.167187 0.143750
2 0.447656 0.438281 0.076563 0.064062
1 0.965625 0.157812 0.068750 0.103125
2 0.963281 0.021875 0.073438 0.043750
6 0.537500 0.293750 0.031250 0.021875
1 0.660937 0.026562 0.096875 0.053125
2 0.376563 0.182812 0.112500 0.087500
3 0.070312 0.143750 0.109375 0.131250
2 0.214844 0.261719 0.054688 0.042188
2 0.219531 0.311719 0.060937 0.060937
2 0.253125 0.341406 0.096875 0.079687
2 0.475781 0.086719 0.167187 0.173437
2 0.253125 0.178906 0.040625 0.029687
2 0.269531 0.213281 0.039062 0.051562
2 0.307031 0.211719 0.076563 0.064062
2 0.242969 0.207031 0.032813 0.039062
2 0.400781 0.513281 0.095312 0.120313
2 0.871875 0.945312 0.131250 0.106250
2 0.000000 0.060937 0.000000 0.006250
2 0.001563 0.022656 0.003125 0.014063
2 0.557031 0.072656 0.092188 0.095312
2 0.592969 0.118750 0.067187 0.093750
1 0.907813 0.220312 0.125000 0.156250
