2 0.054688 0.997656 0.021875 0.004687
2 0.150000 0.986719 0.046875 0.026562
1 0.038281 0.905469 0.076563 0.189062
1 0.092188 0.871094 0.168750 0.257812
1 0.232031 0.959375 0.160938 0.081250
1 0.453906 0.955469 0.170313 0.089063
1 0.635156 0.945312 0.189062 0.109375
1 0.734375 0.888281 0.118750 0.126562
1 0.592969 0.867969 0.132812 0.129688
1 0.471875 0.881250 0.121875 0.115625
1 0.528125 0.792188 0.106250 0.121875
1 0.421094 0.839063 0.117188 0.128125
1 0.509375 0.698438 0.156250 0.175000
1 0.650000 0.644531 0.106250 0.135937
1 0.796875 0.703906 0.246875 0.170313
1 0.863281 0.598437 0.142187 0.109375
1 0.921094 0.730469 0.142187 0.189062
1 0.910937 0.878906 0.112500 0.117188
1 0.976562 0.812500 0.046875 0.087500
1 0.985938 0.894531 0.028125 0.064062
2 0.972656 0.958594 0.054688 0.082812
2 0.888281 0.950000 0.173437 0.100000
2 0.030469 0.056250 0.060937 0.112500
1 0.163281 0.145313 0.089063 0.093750
1 0.173437 0.260156 0.175000 0.167187
1 0.070312 0.221094 0.093750 0.132812
1 0.026562 0.181250 0.053125 0.118750
1 0.064062 0.353125 0.128125 0.159375
3 0.060156 0.565625 0.104688 0.115625
1 0.321875 0.634375 0.137500 0.109375
1 0.239844 0.715625 0.114062 0.146875
4 0.335156 0.745313 0.132812 0.156250
3 0.220312 0.638281 0.093750 0.089063
2 0.026562 0.461719 0.053125 0.117188
2 0.291406 0.342969 0.107813 0.123438
2 0.415625 0.278125 0.156250 0.134375
1 0.504687 0.228125 0.128125 0.100000
3 0.219531 0.128125 0.073438 0.078125
3 0.263281 0.157812 0.070312 0.075000
1 0.100781 0.025781 0.092188 0.051562
1 0.053906 0.017188 0.085938 0.034375
1 0.370312 0.475781 0.146875 0.120313
1 0.712500 0.378125 0.187500 0.134375
2 0.746875 0.561719 0.165625 0.154688
2 0.865625 0.449219 0.165625 0.160938
1 0.633594 0.514844 0.164062 0.157812
1 0.597656 0.284375 0.160938 0.115625
1 0.958594 0.534375 0.082812 0.159375
1 0.996875 0.453906 0.006250 0.007812
1 0.996875 0.403125 0.006250 0.018750
2 0.732031 0.200000 0.185938 0.165625
2 0.721875 0.064062 0.184375 0.128125
2 0.807031 0.039844 0.098437 0.079687
2 0.910156 0.021094 0.123438 0.042188
2 0.978125 0.026562 0.043750 0.053125
2 0.829688 0.221875 0.100000 0.143750
1 0.957812 0.211719 0.084375 0.107813
3 0.685156 0.002344 0.007812 0.004687
2 0.573438 0.042969 0.128125 0.085938
2 0.964844 0.289062 0.070312 0.068750
2 0.991406 0.311719 0.017188 0.057813
2 0.999219 0.281250 0.001563 0.000000
2 0.969531 0.408594 0.060937 0.123438
2 0.886719 0.297656 0.114062 0.120313
2 0.873437 0.227344 0.109375 0.073438
1 0.509375 0.117969 0.134375 0.132812
1 0.445312 0.057813 0.128125 0.115625
1 0.436719 0.007031 0.054688 0.014063
1 0.350000 0.029687 0.084375 0.059375
1 0.327344 0.050781 0.076563 0.076563
1 0.259375 0.085938 0.062500 0.062500
1 0.267188 0.019531 0.090625 0.039062
2 0.445312 0.216406 0.065625 0.057813
1 0.527344 0.502344 0.073438 0.089063
1 0.450000 0.517188 0.059375 0.078125
2 0.502344 0.523438 0.151562 0.184375
