1 0.017188 0.985938 0.034375 0.028125
1 0.860156 0.981250 0.082812 0.037500
1 0.948438 0.928125 0.103125 0.143750
1 0.954688 0.816406 0.090625 0.145313
2 0.857812 0.880469 0.153125 0.189062
2 0.074219 0.990625 0.098437 0.018750
1 0.205469 0.903906 0.251563 0.192188
2 0.309375 0.981250 0.109375 0.037500
2 0.539844 0.974219 0.135937 0.051562
2 0.561719 0.907813 0.110937 0.103125
1 0.707031 0.935937 0.167187 0.128125
1 0.992188 0.000000 0.000000 0.000000
2 0.910156 0.564063 0.107813 0.078125
2 0.950781 0.596875 0.098437 0.084375
4 0.985156 0.552344 0.029687 0.042188
4 0.854688 0.511719 0.090625 0.107813
4 0.773438 0.520312 0.118750 0.165625
1 0.640625 0.538281 0.121875 0.126562
2 0.756250 0.680469 0.159375 0.192188
1 0.496094 0.742188 0.282813 0.375000
6 0.925000 0.643750 0.065625 0.071875
1 0.860938 0.081250 0.278125 0.162500
1 0.942969 0.245312 0.114062 0.187500
3 0.983594 0.125781 0.032813 0.070312
2 0.964063 0.100781 0.059375 0.079687
2 0.830469 0.162500 0.135937 0.071875
4 0.769531 0.136719 0.101562 0.095312
2 0.720313 0.092188 0.128125 0.125000
2 0.677344 0.147656 0.089063 0.060937
2 0.475781 0.438281 0.314063 0.295312
1 0.435937 0.283594 0.218750 0.201563
2 0.671094 0.296875 0.198437 0.218750
2 0.621875 0.196094 0.109375 0.126562
4 0.651563 0.441406 0.056250 0.098437
4 0.703125 0.412500 0.068750 0.071875
4 0.759375 0.406250 0.059375 0.053125
2 0.811719 0.366406 0.098437 0.101562
1 0.818750 0.271094 0.162500 0.185938
3 0.354687 0.097656 0.115625 0.167187
3 0.445312 0.114062 0.078125 0.081250
1 0.351562 0.029687 0.112500 0.059375
1 0.521875 0.028125 0.071875 0.056250
2 0.473438 0.052344 0.075000 0.085938
2 0.441406 0.039844 0.089063 0.079687
2 0.215625 0.073438 0.196875 0.146875
2 0.310937 0.163281 0.056250 0.067187
3 0.281250 0.194531 0.093750 0.073438
3 0.127344 0.064062 0.070312 0.093750
3 0.082031 0.118750 0.082812 0.050000
1 0.158594 0.002344 0.042188 0.004687
1 0.058594 0.000000 0.014063 0.000000
1 0.042969 0.000000 0.004687 0.000000
1 0.251563 0.675781 0.121875 0.123438
1 0.236719 0.779687 0.126562 0.153125
1 0.357031 0.570312 0.189062 0.203125
1 0.147656 0.174219 0.185938 0.160938
3 0.249219 0.217969 0.067187 0.054688
3 0.268750 0.257031 0.059375 0.070312
3 0.236719 0.305469 0.060937 0.054688
3 0.230469 0.376563 0.129688 0.118750
3 0.188281 0.282031 0.110937 0.120313
3 0.153906 0.346094 0.064062 0.089063
2 0.303125 0.350781 0.087500 0.110937
2 0.096094 0.264844 0.095312 0.135937
2 0.043750 0.205469 0.087500 0.126562
2 0.028125 0.306250 0.056250 0.115625
2 0.067969 0.488281 0.135937 0.120313
2 0.075781 0.569531 0.132812 0.104688
2 0.150000 0.457031 0.106250 0.089063
2 0.042969 0.629687 0.085938 0.109375
2 0.030469 0.696875 0.060937 0.078125
2 0.124219 0.760938 0.157812 0.193750
6 0.119531 0.676562 0.135937 0.168750
2 0.060937 0.884375 0.121875 0.184375
1 0.018750 0.094531 0.037500 0.110937
2 0.039062 0.050781 0.078125 0.101562
1 0.003906 0.357812 0.007812 0.031250
