2 0.958594 0.442188 0.082812 0.084375
2 0.957031 0.514844 0.085938 0.095312
2 0.878125 0.484375 0.143750 0.193750
2 0.834375 0.611719 0.103125 0.107813
2 0.964063 0.645312 0.071875 0.140625
2 0.932031 0.605469 0.135937 0.145313
2 0.858594 0.371094 0.139063 0.167187
1 0.728125 0.495312 0.209375 0.278125
2 0.661719 0.421875 0.114062 0.168750
2 0.483594 0.415625 0.264062 0.196875
2 0.317188 0.217188 0.171875 0.175000
1 0.161719 0.147656 0.164062 0.189062
1 0.052344 0.162500 0.104688 0.200000
1 0.083594 0.250781 0.107813 0.110937
1 0.054688 0.323437 0.109375 0.131250
1 0.008594 0.272656 0.017188 0.089063
1 0.699219 0.209375 0.382812 0.275000
2 0.071094 0.435937 0.142187 0.178125
1 0.203125 0.422656 0.206250 0.160938
3 0.310937 0.521875 0.162500 0.118750
1 0.106250 0.568750 0.206250 0.125000
1 0.221875 0.622656 0.090625 0.076563
1 0.144531 0.689063 0.104688 0.156250
1 0.043750 0.677344 0.087500 0.117188
1 0.067969 0.789062 0.135937 0.162500
1 0.000781 0.786719 0.001563 0.010937
1 0.003906 0.738281 0.007812 0.020313
1 0.049219 0.908594 0.098437 0.117188
1 0.075781 0.979688 0.067187 0.040625
1 0.297656 0.667188 0.142187 0.137500
1 0.213281 0.749219 0.089063 0.101562
1 0.195312 0.831250 0.131250 0.146875
1 0.439844 0.511719 0.201563 0.107813
1 0.487500 0.621875 0.234375 0.187500
2 0.631250 0.553125 0.165625 0.146875
4 0.935156 0.783594 0.117188 0.098437
2 0.984375 0.807031 0.031250 0.085938
2 0.129688 0.921094 0.093750 0.157812
2 0.184375 0.949219 0.068750 0.085938
2 0.017969 0.966406 0.035937 0.067187
1 0.235937 0.926562 0.112500 0.146875
2 0.612500 0.928906 0.128125 0.142187
2 0.492188 0.932031 0.168750 0.135937
2 0.480469 0.970313 0.079687 0.059375
2 0.589063 0.995313 0.040625 0.009375
1 0.374219 0.981250 0.132812 0.037500
2 0.364844 0.960938 0.095312 0.050000
1 0.561719 0.797656 0.167187 0.170313
1 0.635938 0.821875 0.100000 0.081250
1 0.950781 0.892188 0.098437 0.140625
1 0.731250 0.949219 0.156250 0.101562
1 0.818750 0.939063 0.159375 0.121875
2 0.781250 0.850000 0.168750 0.106250
2 0.214062 0.260937 0.134375 0.093750
