5 0.914844 0.860938 0.170313 0.278125
1 0.734375 0.803125 0.143750 0.103125
1 0.743750 0.686719 0.165625 0.170313
1 0.802344 0.948438 0.117188 0.103125
1 0.717969 0.928906 0.120313 0.142187
1 0.908594 0.664062 0.164062 0.178125
1 0.986719 0.571875 0.026562 0.093750
1 0.660156 0.231250 0.223438 0.203125
2 0.535937 0.432031 0.128125 0.148438
2 0.653906 0.513281 0.151562 0.232813
1 0.553906 0.567187 0.142187 0.181250
1 0.767188 0.465625 0.193750 0.237500
1 0.946094 0.275781 0.101562 0.160938
2 0.847656 0.307031 0.123438 0.207813
1 0.078906 0.567187 0.157812 0.206250
1 0.234375 0.477344 0.200000 0.260937
1 0.458594 0.642969 0.182812 0.160938
1 0.532031 0.764844 0.079687 0.123438
1 0.429688 0.780469 0.153125 0.126562
1 0.381250 0.850000 0.125000 0.100000
1 0.109375 0.849219 0.218750 0.298438
2 0.120313 0.162500 0.096875 0.150000
2 0.115625 0.351562 0.093750 0.115625
2 0.152344 0.229687 0.085938 0.093750
3 0.185156 0.299219 0.117188 0.101562
2 0.507031 0.172656 0.104688 0.070312
2 0.450781 0.089063 0.098437 0.121875
2 0.690625 0.064844 0.156250 0.129688
2 0.750781 0.147656 0.101562 0.107813
1 0.641406 0.033594 0.132812 0.067187
1 0.553125 0.088281 0.175000 0.142187
2 0.218750 0.948438 0.196875 0.103125
2 0.296875 0.973437 0.112500 0.053125
2 0.483594 0.928125 0.270313 0.143750
2 0.983594 0.457813 0.032813 0.065625
3 0.148438 0.077344 0.100000 0.123438
1 0.967187 0.023438 0.065625 0.046875
1 0.820312 0.064062 0.178125 0.128125
1 0.804688 0.004687 0.037500 0.009375
2 0.785937 0.246875 0.143750 0.234375
1 0.302344 0.087500 0.232813 0.175000
1 0.353125 0.037500 0.228125 0.075000
2 0.082031 0.417969 0.164062 0.260937
6 0.356250 0.305469 0.087500 0.107813
6 0.284375 0.287500 0.137500 0.121875
2 0.048438 0.144531 0.096875 0.101562
2 0.817187 0.742969 0.096875 0.114062
6 0.642969 0.724219 0.057813 0.070312
2 0.612500 0.879687 0.165625 0.150000
1 0.252344 0.700781 0.232813 0.217188
2 0.407813 0.457031 0.150000 0.176563
