1 0.010937 0.950781 0.021875 0.095312
1 0.042969 0.451562 0.085938 0.171875
2 0.083594 0.313281 0.167187 0.204687
4 0.025781 0.007031 0.051562 0.014063
5 0.014063 0.229687 0.028125 0.037500
5 0.011719 0.142187 0.023438 0.071875
2 0.264062 0.004687 0.009375 0.009375
1 0.136719 0.040625 0.170313 0.081250
7 0.077344 0.000781 0.051562 0.001563
1 0.132031 0.157031 0.157812 0.176563
1 0.387500 0.047656 0.171875 0.095312
1 0.428125 0.117969 0.128125 0.160938
1 0.278125 0.304688 0.100000 0.084375
1 0.358594 0.270313 0.120313 0.131250
4 0.268750 0.141406 0.125000 0.107813
3 0.226562 0.216406 0.090625 0.089063
6 0.200781 0.272656 0.073438 0.085938
2 0.197656 0.350000 0.095312 0.075000
2 0.103906 0.678125 0.110937 0.115625
2 0.378125 0.635156 0.096875 0.167187
1 0.436719 0.711719 0.076563 0.139063
1 0.136719 0.475781 0.085938 0.098437
1 0.261719 0.589063 0.167187 0.203125
3 0.110156 0.592187 0.120313 0.106250
2 0.449219 0.353125 0.173437 0.143750
2 0.027344 0.645312 0.054688 0.118750
2 0.126562 0.767188 0.140625 0.075000
1 0.185156 0.692969 0.107813 0.151562
1 0.287500 0.750000 0.115625 0.137500
1 0.027344 0.810937 0.054688 0.109375
2 0.360156 0.783594 0.070312 0.082812
1 0.145313 0.902344 0.206250 0.195312
1 0.575000 0.906250 0.125000 0.153125
1 0.570312 0.753906 0.165625 0.164062
1 0.610156 0.987500 0.117188 0.025000
2 0.433594 0.910156 0.198437 0.179688
2 0.231250 0.990625 0.043750 0.018750
2 0.261719 0.835156 0.070312 0.035937
3 0.482812 0.850000 0.096875 0.181250
1 0.633594 0.821094 0.104688 0.101562
2 0.857812 0.074219 0.146875 0.148438
2 0.953906 0.080469 0.092188 0.160938
1 0.594531 0.082031 0.173437 0.164062
1 0.992969 0.314063 0.014063 0.087500
1 0.810937 0.100781 0.084375 0.085938
1 0.759375 0.031250 0.084375 0.062500
6 0.865625 0.264844 0.062500 0.070312
2 0.949219 0.296094 0.092188 0.098437
2 0.966406 0.429688 0.067187 0.143750
1 0.915625 0.515625 0.146875 0.165625
1 0.884375 0.379688 0.131250 0.150000
1 0.757812 0.370312 0.168750 0.259375
1 0.624219 0.384375 0.154688 0.215625
1 0.584375 0.469531 0.206250 0.207813
1 0.521875 0.583594 0.228125 0.257812
5 0.717969 0.666406 0.164062 0.185938
5 0.867969 0.846094 0.120313 0.164062
5 0.971875 0.716406 0.056250 0.135937
2 0.885938 0.603125 0.118750 0.175000
2 0.790625 0.592969 0.168750 0.179688
2 0.698438 0.957031 0.090625 0.076563
2 0.912500 0.947656 0.118750 0.104688
2 0.826562 0.970313 0.096875 0.059375
1 0.946094 0.887500 0.107813 0.187500
1 0.738281 0.868750 0.082812 0.075000
2 0.388281 0.733594 0.048438 0.079687
