2 0.929688 0.475000 0.140625 0.150000
1 0.963281 0.326562 0.073438 0.200000
2 0.904687 0.298438 0.115625 0.121875
2 0.616406 0.095312 0.120313 0.153125
2 0.575781 0.146094 0.089063 0.101562
1 0.822656 0.435937 0.135937 0.146875
1 0.907031 0.929688 0.185938 0.140625
1 0.789062 0.943750 0.090625 0.087500
2 0.742969 0.596875 0.195312 0.118750
1 0.378906 0.043750 0.145313 0.087500
1 0.106250 0.044531 0.193750 0.089063
1 0.433594 0.162500 0.107813 0.125000
5 0.110156 0.175000 0.220312 0.221875
2 0.496875 0.196094 0.115625 0.173437
2 0.534375 0.318750 0.112500 0.125000
2 0.588281 0.386719 0.129688 0.095312
2 0.580469 0.268750 0.132812 0.159375
2 0.781250 0.239063 0.153125 0.184375
2 0.667188 0.455469 0.075000 0.104688
2 0.419531 0.259375 0.082812 0.068750
6 0.967187 0.648438 0.065625 0.128125
2 0.972656 0.735938 0.054688 0.087500
2 0.883594 0.819531 0.129688 0.123438
2 0.192188 0.346094 0.184375 0.179688
2 0.087500 0.407031 0.175000 0.201563
1 0.041406 0.271094 0.082812 0.201563
2 0.692969 0.339062 0.139063 0.153125
1 0.289844 0.603125 0.339062 0.278125
1 0.361719 0.444531 0.098437 0.142187
2 0.085156 0.571094 0.120313 0.114062
2 0.079687 0.667969 0.137500 0.126562
2 0.077344 0.817969 0.154688 0.245312
1 0.536719 0.583594 0.182812 0.170313
1 0.508594 0.774219 0.220312 0.173437
2 0.424219 0.915625 0.204687 0.168750
2 0.163281 0.850000 0.085938 0.096875
6 0.249219 0.842187 0.120313 0.112500
6 0.601562 0.998437 0.003125 0.003125
6 0.535156 0.985938 0.114062 0.028125
2 0.311719 0.916406 0.095312 0.129688
2 0.338281 0.785156 0.107813 0.117188
1 0.027344 0.574219 0.054688 0.167187
1 0.039062 0.917188 0.078125 0.159375
