2 0.836719 0.014844 0.076563 0.029687
1 0.727344 0.006250 0.032813 0.012500
1 0.600781 0.024219 0.245312 0.048438
4 0.964844 0.047656 0.070312 0.095312
1 0.376563 0.001563 0.028125 0.003125
1 0.306250 0.004687 0.018750 0.009375
2 0.391406 0.114844 0.245312 0.229687
2 0.646094 0.089063 0.223438 0.175000
2 0.675000 0.355469 0.115625 0.129688
1 0.646875 0.213281 0.143750 0.154688
2 0.321875 0.321094 0.171875 0.270313
2 0.407813 0.496875 0.115625 0.143750
2 0.762500 0.402344 0.159375 0.179688
2 0.568750 0.360938 0.115625 0.112500
2 0.724219 0.504687 0.104688 0.087500
2 0.808594 0.586719 0.185938 0.223438
2 0.928125 0.444531 0.143750 0.248438
1 0.987500 0.517969 0.025000 0.123438
2 0.577344 0.472656 0.167187 0.095312
1 0.482812 0.595313 0.150000 0.221875
1 0.639844 0.628125 0.204687 0.256250
6 0.978906 0.978125 0.042188 0.043750
1 0.585938 0.774219 0.137500 0.110937
1 0.697656 0.889062 0.160938 0.190625
1 0.550000 0.866406 0.118750 0.126562
1 0.525000 0.945312 0.190625 0.109375
1 0.903125 0.975781 0.125000 0.048438
1 0.810156 0.959375 0.139063 0.081250
4 0.845313 0.442188 0.078125 0.096875
1 0.423438 0.817969 0.250000 0.248438
4 0.385937 0.627344 0.121875 0.176563
1 0.265625 0.700781 0.203125 0.270313
3 0.308594 0.865625 0.060937 0.093750
3 0.293750 0.951562 0.121875 0.096875
1 0.411719 0.979688 0.095312 0.040625
1 0.153125 0.114062 0.237500 0.228125
2 0.210938 0.036719 0.128125 0.073438
2 0.129688 0.000781 0.009375 0.001563
2 0.050000 0.029687 0.100000 0.059375
2 0.238281 0.000781 0.004687 0.001563
2 0.007812 0.074219 0.015625 0.057813
2 0.119531 0.392969 0.176563 0.251563
2 0.028906 0.360156 0.057813 0.157812
1 0.125781 0.736719 0.142187 0.164062
4 0.045312 0.169531 0.090625 0.154688
2 0.214062 0.335938 0.143750 0.140625
2 0.017969 0.467969 0.035937 0.079687
2 0.063281 0.598437 0.126562 0.200000
6 0.141406 0.560937 0.079687 0.078125
1 0.036719 0.950781 0.073438 0.098437
3 0.073438 0.906250 0.115625 0.096875
2 0.030469 0.804688 0.060937 0.134375
1 0.000000 0.872656 0.000000 0.001563
4 0.209375 0.951562 0.134375 0.096875
3 0.089844 0.975781 0.076563 0.048438
