6 0.421094 0.459375 0.042188 0.106250
7 0.602344 0.489844 0.082812 0.082812
7 0.609375 0.561719 0.078125 0.082812
7 0.518750 0.502344 0.131250 0.170313
7 0.803125 0.550781 0.065625 0.089063
2 0.979688 0.542969 0.040625 0.060937
7 0.369531 0.504687 0.142187 0.150000
2 0.390625 0.425781 0.053125 0.039062
1 0.939063 0.423438 0.121875 0.162500
2 0.732031 0.257031 0.085938 0.089063
1 0.292969 0.014063 0.076563 0.028125
1 0.555469 0.003125 0.026562 0.006250
1 0.621875 0.023438 0.081250 0.046875
1 0.492969 0.000000 0.001563 0.000000
1 0.948438 0.028125 0.103125 0.056250
2 0.970313 0.092969 0.059375 0.107813
2 0.927344 0.142969 0.054688 0.067187
2 0.966406 0.169531 0.067187 0.076563
2 0.838281 0.056250 0.098437 0.065625
2 0.713281 0.009375 0.051562 0.018750
2 0.812500 0.377344 0.093750 0.085938
2 0.765625 0.314844 0.068750 0.098437
2 0.723437 0.337500 0.062500 0.059375
1 0.667969 0.109375 0.145313 0.184375
1 0.598437 0.114062 0.115625 0.162500
1 0.564063 0.239844 0.165625 0.148438
2 0.588281 0.384375 0.082812 0.065625
2 0.670312 0.383594 0.040625 0.032813
2 0.488281 0.038281 0.048438 0.048438
2 0.421875 0.084375 0.093750 0.090625
1 0.833594 0.297656 0.107813 0.129688
2 0.394531 0.039844 0.139063 0.079687
2 0.854688 0.108594 0.071875 0.051562
