1 0.909375 0.905469 0.181250 0.189062
1 0.996094 0.861719 0.007812 0.020313
1 0.999219 0.836719 0.001563 0.001563
1 0.553906 0.932031 0.120313 0.123438
1 0.684375 0.922656 0.209375 0.154688
1 0.686719 0.735938 0.189062 0.162500
1 0.728125 0.835156 0.206250 0.104688
4 0.767969 0.900781 0.104688 0.060937
2 0.945312 0.739062 0.109375 0.171875
2 0.882031 0.729688 0.173437 0.165625
2 0.978906 0.622656 0.042188 0.073438
1 0.780469 0.439063 0.220312 0.259375
2 0.554688 0.574219 0.100000 0.117188
1 0.578906 0.417187 0.239063 0.168750
1 0.692187 0.307812 0.125000 0.103125
1 0.982031 0.406250 0.035937 0.103125
1 0.839063 0.625781 0.281250 0.210938
2 0.620313 0.218750 0.184375 0.143750
2 0.803906 0.249219 0.185938 0.126562
2 0.792969 0.135156 0.179688 0.164062
2 0.969531 0.050781 0.060937 0.101562
1 0.954688 0.204687 0.090625 0.103125
3 0.928906 0.335938 0.129688 0.081250
1 0.903125 0.291406 0.103125 0.089063
2 0.668750 0.130469 0.090625 0.079687
4 0.999219 0.000000 0.001563 0.000000
4 0.975781 0.021875 0.045312 0.043750
4 0.940625 0.025781 0.065625 0.051562
1 0.864844 0.036719 0.123438 0.073438
6 0.410156 0.460938 0.035937 0.065625
2 0.346875 0.403906 0.181250 0.129688
1 0.471875 0.220312 0.118750 0.140625
3 0.473438 0.278906 0.128125 0.082812
1 0.335938 0.209375 0.178125 0.112500
2 0.296094 0.121875 0.092188 0.075000
4 0.521875 0.168750 0.075000 0.087500
1 0.687500 0.000000 0.006250 0.000000
1 0.638281 0.000000 0.001563 0.000000
1 0.200000 0.975781 0.093750 0.048438
1 0.119531 0.958594 0.085938 0.082812
1 0.296094 0.763281 0.110937 0.101562
1 0.241406 0.650781 0.114062 0.151562
1 0.133594 0.750000 0.229687 0.268750
6 0.425000 0.725000 0.062500 0.053125
6 0.438281 0.803125 0.089063 0.106250
6 0.268750 0.896875 0.168750 0.175000
1 0.003906 0.958594 0.007812 0.035937
1 0.007031 0.917969 0.014063 0.029687
1 0.079687 0.485938 0.159375 0.290625
2 0.037500 0.163281 0.075000 0.160938
2 0.339062 0.310156 0.106250 0.101562
