1 0.999219 0.759375 0.001563 0.003125
1 0.997656 0.734375 0.004687 0.009375
2 0.385156 0.987500 0.095312 0.025000
1 0.384375 0.934375 0.156250 0.109375
1 0.531250 0.953125 0.218750 0.093750
1 0.242188 0.989062 0.062500 0.021875
1 0.690625 0.904687 0.146875 0.156250
2 0.924219 0.642969 0.151562 0.248438
2 0.796875 0.658594 0.115625 0.132812
2 0.718750 0.735938 0.118750 0.118750
2 0.706250 0.641406 0.081250 0.092188
2 0.951562 0.790625 0.096875 0.140625
2 0.632031 0.860938 0.110937 0.146875
1 0.528125 0.832031 0.150000 0.148438
1 0.602344 0.741406 0.129688 0.132812
1 0.508594 0.686719 0.176563 0.179688
1 0.628125 0.673438 0.103125 0.103125
1 0.634375 0.564063 0.165625 0.131250
1 0.671875 0.492969 0.175000 0.132812
1 0.788281 0.542188 0.164062 0.187500
1 0.103906 0.915625 0.207813 0.168750
1 0.184375 0.879687 0.168750 0.193750
1 0.323437 0.784375 0.287500 0.200000
1 0.007812 0.848437 0.015625 0.059375
1 0.003125 0.809375 0.006250 0.015625
1 0.065625 0.744531 0.131250 0.157812
2 0.049219 0.637500 0.098437 0.112500
4 0.088281 0.583594 0.064062 0.048438
4 0.135156 0.578125 0.070312 0.062500
2 0.194531 0.691406 0.110937 0.164062
1 0.124219 0.652344 0.101562 0.107813
1 0.007031 0.651563 0.014063 0.034375
1 0.025781 0.571094 0.051562 0.101562
1 0.330469 0.541406 0.167187 0.192188
1 0.447656 0.505469 0.098437 0.160938
4 0.225000 0.617969 0.146875 0.167187
1 0.192188 0.484375 0.181250 0.184375
1 0.017188 0.397656 0.034375 0.132812
4 0.089063 0.551562 0.118750 0.071875
4 0.085938 0.496875 0.050000 0.062500
4 0.039062 0.491406 0.078125 0.089063
2 0.072656 0.399219 0.142187 0.157812
1 0.732031 0.322656 0.220312 0.235937
1 0.999219 0.512500 0.001563 0.012500
1 0.987500 0.487500 0.025000 0.025000
1 0.929688 0.535156 0.140625 0.154688
2 0.842969 0.454688 0.132812 0.096875
1 0.989844 0.273438 0.020313 0.046875
1 0.910156 0.386719 0.179688 0.201563
2 0.050000 0.225781 0.065625 0.076563
2 0.059375 0.118750 0.118750 0.162500
2 0.178906 0.135937 0.154688 0.159375
2 0.139844 0.301563 0.089063 0.121875
1 0.382031 0.421094 0.095312 0.092188
2 0.046875 0.301563 0.062500 0.075000
1 0.223438 0.346094 0.153125 0.110937
1 0.296875 0.404687 0.103125 0.146875
1 0.302344 0.289844 0.182812 0.151562
4 0.398438 0.269531 0.071875 0.117188
6 0.508594 0.389062 0.117188 0.153125
2 0.555469 0.333594 0.098437 0.107813
1 0.829688 0.153906 0.187500 0.201563
1 0.761719 0.100000 0.139063 0.125000
4 0.644531 0.246875 0.167187 0.118750
1 0.227344 0.244531 0.101562 0.129688
1 0.342969 0.160156 0.154688 0.160938
1 0.410156 0.124219 0.167187 0.154688
1 0.352344 0.040625 0.085938 0.065625
1 0.453906 0.059375 0.139063 0.118750
1 0.514062 0.034375 0.121875 0.068750
6 0.664062 0.142187 0.093750 0.159375
3 0.500000 0.201563 0.090625 0.090625
1 0.525000 0.100000 0.078125 0.043750
2 0.581250 0.055469 0.103125 0.110937
2 0.817187 0.005469 0.037500 0.010937
2 0.746875 0.027344 0.078125 0.054688
2 0.667188 0.039844 0.087500 0.079687
1 0.646875 0.017969 0.071875 0.035937
2 0.882031 0.000781 0.010937 0.001563
2 0.864844 0.000781 0.007812 0.001563
1 0.932031 0.053906 0.101562 0.101562
1 0.961719 0.038281 0.076563 0.076563
2 0.382812 0.008594 0.056250 0.017188
2 0.344531 0.002344 0.014063 0.004687
