1 0.235156 0.978125 0.101562 0.043750
2 0.342969 0.984375 0.117188 0.031250
2 0.717187 0.925000 0.118750 0.096875
2 0.715625 0.861719 0.071875 0.079687
2 0.538281 0.920312 0.154688 0.137500
2 0.895312 0.932031 0.121875 0.107813
2 0.960156 0.862500 0.079687 0.109375
1 0.451562 0.825000 0.243750 0.246875
1 0.283594 0.881250 0.117188 0.159375
1 0.195312 0.864844 0.093750 0.151562
2 0.005469 0.991406 0.010937 0.017188
2 0.111719 0.896094 0.104688 0.104688
2 0.042188 0.856250 0.084375 0.134375
2 0.298438 0.753125 0.134375 0.125000
2 0.228125 0.775781 0.081250 0.048438
2 0.004687 0.774219 0.009375 0.032813
2 0.126562 0.760156 0.196875 0.173437
2 0.092188 0.699219 0.131250 0.126562
2 0.172656 0.621875 0.085938 0.093750
2 0.075781 0.610938 0.142187 0.131250
2 0.000000 0.748437 0.000000 0.003125
2 0.003906 0.725781 0.007812 0.017188
1 0.305469 0.652344 0.245312 0.220312
2 0.431250 0.435156 0.087500 0.104688
2 0.367188 0.389844 0.103125 0.089063
1 0.116406 0.447656 0.170313 0.117188
1 0.108594 0.328906 0.142187 0.148438
1 0.335156 0.478906 0.110937 0.160938
1 0.252344 0.441406 0.095312 0.114062
1 0.488281 0.563281 0.210938 0.276562
1 0.464062 0.359375 0.096875 0.093750
1 0.602344 0.475781 0.179688 0.204687
2 0.224219 0.345313 0.095312 0.096875
1 0.308594 0.310937 0.164062 0.109375
1 0.246094 0.538281 0.139063 0.114062
1 0.220312 0.264844 0.090625 0.085938
2 0.302344 0.220312 0.095312 0.100000
2 0.398438 0.254688 0.118750 0.081250
2 0.471875 0.208594 0.112500 0.082812
1 0.552344 0.349219 0.117188 0.135937
1 0.610156 0.359375 0.048438 0.062500
1 0.517969 0.180469 0.070312 0.079687
6 0.370312 0.206250 0.050000 0.046875
6 0.475000 0.268750 0.081250 0.071875
1 0.176563 0.140625 0.218750 0.193750
1 0.223438 0.069531 0.206250 0.139063
4 0.310937 0.117969 0.046875 0.045312
2 0.695312 0.193750 0.075000 0.087500
1 0.927344 0.142969 0.107813 0.135937
1 0.978906 0.171094 0.042188 0.110937
1 0.986719 0.031250 0.026562 0.062500
2 0.750781 0.038281 0.151562 0.076563
1 0.544531 0.059375 0.082812 0.090625
