2 0.845313 0.698438 0.084375 0.065625
6 0.721094 0.717187 0.132812 0.190625
6 0.500000 0.955469 0.078125 0.076563
3 0.007812 0.857812 0.015625 0.046875
3 0.056250 0.885156 0.112500 0.117188
2 0.055469 0.778125 0.110937 0.165625
1 0.174219 0.707812 0.167187 0.162500
6 0.000000 0.560937 0.000000 0.006250
6 0.040625 0.478125 0.081250 0.153125
2 0.074219 0.060937 0.148438 0.121875
6 0.142187 0.000000 0.003125 0.000000
6 0.287500 0.045312 0.096875 0.090625
1 0.966406 0.971094 0.067187 0.057813
2 0.786719 0.015625 0.104688 0.031250
2 0.696094 0.010156 0.057813 0.020313
2 0.640625 0.074219 0.193750 0.148438
2 0.500000 0.110937 0.103125 0.087500
6 0.533594 0.233594 0.070312 0.051562
2 0.755469 0.357812 0.351562 0.284375
1 0.883594 0.528906 0.214062 0.260937
2 0.935937 0.585938 0.128125 0.262500
1 0.950000 0.728906 0.100000 0.182812
1 0.979688 0.888281 0.040625 0.135937
2 0.911719 0.951562 0.110937 0.096875
2 0.888281 0.007812 0.026562 0.015625
2 0.840625 0.024219 0.056250 0.048438
2 0.397656 0.043750 0.157812 0.087500
2 0.206250 0.142969 0.237500 0.157812
2 0.721094 0.906250 0.301563 0.187500
2 0.053125 0.157031 0.106250 0.142187
2 0.004687 0.078906 0.009375 0.007812
2 0.014844 0.060156 0.029687 0.020313
2 0.410156 0.633594 0.267188 0.192188
1 0.965625 0.309375 0.068750 0.134375
2 0.964844 0.400781 0.070312 0.126562
2 0.621875 0.764062 0.134375 0.143750
2 0.483594 0.417187 0.126562 0.115625
