2 0.031250 0.981250 0.062500 0.037500
1 0.065625 0.996875 0.018750 0.006250
1 0.128125 0.986719 0.103125 0.026562
3 0.040625 0.886719 0.081250 0.089063
2 0.731250 0.997656 0.015625 0.004687
2 0.676562 0.982031 0.084375 0.035937
1 0.544531 0.990625 0.045312 0.018750
1 0.409375 0.979688 0.106250 0.040625
1 0.498437 0.940625 0.134375 0.118750
1 0.378125 0.880469 0.196875 0.220312
1 0.414062 0.675781 0.218750 0.235937
1 0.469531 0.800000 0.079687 0.106250
1 0.527344 0.775781 0.120313 0.195312
1 0.157031 0.945312 0.129688 0.109375
2 0.233594 0.960938 0.095312 0.078125
3 0.028125 0.810937 0.056250 0.106250
3 0.059375 0.774219 0.087500 0.135937
3 0.116406 0.746875 0.082812 0.059375
3 0.134375 0.807813 0.103125 0.115625
1 0.250781 0.787500 0.160938 0.190625
1 0.207813 0.638281 0.250000 0.204687
1 0.359375 0.620313 0.081250 0.090625
1 0.195312 0.507812 0.103125 0.134375
1 0.135937 0.574219 0.118750 0.151562
1 0.049219 0.585938 0.095312 0.134375
1 0.018750 0.410938 0.037500 0.090625
1 0.059375 0.503125 0.118750 0.175000
1 0.519531 0.596875 0.095312 0.109375
1 0.581250 0.499219 0.165625 0.170313
3 0.611719 0.972656 0.117188 0.054688
2 0.632812 0.842969 0.162500 0.235937
1 0.826562 0.999219 0.000000 0.001563
1 0.874219 0.969531 0.082812 0.060937
1 0.787500 0.891406 0.240625 0.195312
1 0.569531 0.693750 0.098437 0.100000
1 0.963281 0.748437 0.073438 0.337500
1 0.884375 0.702344 0.178125 0.245312
1 0.710938 0.701562 0.287500 0.253125
1 0.762500 0.501563 0.240625 0.212500
4 0.990625 0.864844 0.018750 0.089063
2 0.431250 0.421094 0.265625 0.220312
1 0.668750 0.360156 0.196875 0.179688
1 0.539844 0.332813 0.164062 0.200000
1 0.280469 0.310937 0.176563 0.131250
6 0.914844 0.334375 0.092188 0.106250
2 0.103125 0.245312 0.206250 0.128125
2 0.071875 0.358594 0.143750 0.114062
2 0.105469 0.136719 0.210938 0.185938
1 0.022656 0.097656 0.045312 0.126562
3 0.475000 0.277344 0.071875 0.085938
2 0.669531 0.208594 0.239063 0.151562
1 0.559375 0.162500 0.150000 0.159375
2 0.682031 0.080469 0.317188 0.160938
6 0.091406 0.300781 0.135937 0.107813
1 0.028125 0.025781 0.056250 0.051562
1 0.092188 0.022656 0.137500 0.045312
2 0.231250 0.019531 0.037500 0.039062
1 0.385156 0.105469 0.207813 0.210938
3 0.245312 0.422656 0.106250 0.067187
1 0.488281 0.051562 0.151562 0.103125
1 0.409375 0.000781 0.006250 0.001563
2 0.390625 0.274219 0.118750 0.085938
