4 0.999219 0.999219 0.001563 0.001563
4 0.921875 0.989062 0.021875 0.021875
1 0.973437 0.975781 0.053125 0.048438
1 0.987500 0.904687 0.025000 0.090625
1 0.789844 0.951562 0.170313 0.096875
1 0.665625 0.961719 0.121875 0.076563
1 0.571875 0.853125 0.181250 0.215625
1 0.858594 0.874219 0.192188 0.210938
1 0.868750 0.768750 0.209375 0.171875
1 0.718750 0.774219 0.178125 0.204687
1 0.895312 0.650781 0.209375 0.189062
2 0.343750 0.998437 0.009375 0.003125
2 0.575781 0.673438 0.192188 0.162500
1 0.014063 0.950000 0.028125 0.062500
1 0.063281 0.876563 0.126562 0.109375
1 0.228125 0.802344 0.146875 0.148438
1 0.138281 0.725000 0.226562 0.290625
1 0.035156 0.724219 0.070312 0.139063
1 0.039062 0.619531 0.078125 0.098437
1 0.241406 0.577344 0.232813 0.154688
1 0.609375 0.467969 0.246875 0.273438
1 0.100000 0.292969 0.196875 0.210938
4 0.756250 0.506250 0.118750 0.081250
4 0.659375 0.557813 0.050000 0.065625
4 0.692969 0.558594 0.060937 0.054688
4 0.817969 0.490625 0.154688 0.150000
4 0.553125 0.402344 0.093750 0.070312
1 0.872656 0.291406 0.254688 0.289062
2 0.441406 0.159375 0.151562 0.112500
1 0.051562 0.171094 0.103125 0.232813
1 0.181250 0.073438 0.143750 0.146875
2 0.374219 0.044531 0.157812 0.089063
4 0.849219 0.000781 0.004687 0.001563
4 0.842187 0.000000 0.006250 0.000000
4 0.807031 0.006250 0.010937 0.012500
2 0.990625 0.001563 0.012500 0.003125
1 0.025000 0.034375 0.050000 0.068750
