2 0.184375 0.996094 0.046875 0.007812
1 0.053906 0.996094 0.017188 0.007812
2 0.117188 0.933594 0.209375 0.132812
1 0.242188 0.889844 0.175000 0.132812
1 0.025781 0.868750 0.051562 0.112500
7 0.282813 0.982812 0.125000 0.034375
7 0.385937 0.973437 0.109375 0.053125
1 0.635156 0.782031 0.126562 0.148438
1 0.462500 0.708594 0.090625 0.132812
1 0.341406 0.691406 0.173437 0.123438
7 0.581250 0.656250 0.093750 0.084375
7 0.698438 0.692969 0.125000 0.098437
6 0.222656 0.647656 0.117188 0.110937
2 0.176563 0.502344 0.118750 0.157812
2 0.743750 0.580469 0.175000 0.142187
7 0.803906 0.529687 0.085938 0.078125
7 0.821875 0.478906 0.081250 0.089063
7 0.897656 0.496094 0.092188 0.114062
7 0.717969 0.465625 0.107813 0.109375
7 0.957031 0.427344 0.082812 0.070312
7 0.811719 0.346094 0.101562 0.120313
7 0.859375 0.274219 0.103125 0.123438
7 0.936719 0.253125 0.110937 0.109375
7 0.830469 0.149219 0.098437 0.092188
7 0.743750 0.188281 0.118750 0.104688
7 0.669531 0.160156 0.142187 0.104688
7 0.570312 0.439063 0.096875 0.078125
7 0.528125 0.495312 0.075000 0.071875
1 0.846094 0.005469 0.007812 0.010937
1 0.797656 0.003906 0.014063 0.007812
1 0.893750 0.042969 0.096875 0.085938
1 0.980469 0.007812 0.039062 0.015625
1 0.929688 0.072656 0.140625 0.126562
1 0.967187 0.179688 0.065625 0.128125
6 0.537500 0.002344 0.003125 0.004687
6 0.525000 0.003906 0.006250 0.007812
2 0.494531 0.053125 0.229687 0.106250
2 0.523438 0.203906 0.175000 0.164062
2 0.407031 0.229687 0.292187 0.203125
2 0.390625 0.350781 0.265625 0.167187
1 0.346875 0.485156 0.081250 0.085938
2 0.052344 0.310156 0.104688 0.123438
1 0.010937 0.516406 0.021875 0.026562
1 0.021875 0.482812 0.043750 0.062500
2 0.062500 0.778125 0.125000 0.128125
2 0.019531 0.612500 0.039062 0.084375
6 0.375000 0.095312 0.140625 0.153125
2 0.043750 0.025000 0.087500 0.050000
2 0.035156 0.689063 0.070312 0.078125
6 0.109375 0.703125 0.096875 0.118750
