2 0.047656 0.926562 0.095312 0.131250
1 0.357031 0.441406 0.148438 0.135937
2 0.362500 0.535937 0.125000 0.115625
2 0.448437 0.389062 0.103125 0.109375
2 0.589063 0.032813 0.078125 0.065625
1 0.640625 0.007812 0.065625 0.015625
1 0.474219 0.035156 0.114062 0.070312
1 0.974219 0.946094 0.051562 0.107813
2 0.928906 0.085156 0.142187 0.170313
1 0.972656 0.029687 0.054688 0.059375
1 0.875781 0.037500 0.095312 0.075000
1 0.792188 0.021094 0.103125 0.042188
6 0.802344 0.103906 0.026562 0.064062
3 0.723437 0.120313 0.125000 0.146875
6 0.576562 0.136719 0.037500 0.039062
6 0.748437 0.310937 0.037500 0.050000
1 0.496875 0.328125 0.078125 0.078125
1 0.592187 0.382812 0.112500 0.115625
1 0.614062 0.496094 0.100000 0.126562
2 0.535937 0.471094 0.125000 0.126562
1 0.198437 0.674219 0.153125 0.132812
1 0.139063 0.776563 0.209375 0.200000
1 0.932031 0.417187 0.135937 0.190625
1 0.507031 0.889844 0.123438 0.076563
1 0.000781 0.032813 0.001563 0.021875
2 0.999219 0.831250 0.001563 0.006250
2 0.989844 0.787500 0.020313 0.034375
1 0.913281 0.890625 0.104688 0.128125
2 0.661719 0.254688 0.160938 0.150000
2 0.717187 0.350000 0.193750 0.109375
2 0.778125 0.253125 0.115625 0.134375
3 0.847656 0.213281 0.114062 0.179688
2 0.832812 0.357812 0.096875 0.131250
2 0.922656 0.329688 0.129688 0.118750
2 0.539062 0.029687 0.062500 0.059375
2 0.824219 0.235937 0.057813 0.090625
2 0.743750 0.203906 0.131250 0.070312
2 0.953906 0.285156 0.092188 0.092188
