1 0.528125 0.989844 0.059375 0.020313
1 0.014063 0.628906 0.028125 0.117188
1 0.046875 0.792188 0.093750 0.225000
5 0.184375 0.784375 0.171875 0.162500
5 0.166406 0.929688 0.185938 0.140625
1 0.726562 0.112500 0.093750 0.075000
1 0.803906 0.046875 0.101562 0.093750
5 0.224219 0.079687 0.220312 0.159375
6 0.027344 0.120313 0.054688 0.053125
2 0.069531 0.057031 0.139063 0.114062
1 0.460156 0.740625 0.217188 0.237500
1 0.298438 0.748437 0.150000 0.150000
1 0.273438 0.627344 0.237500 0.142187
1 0.264062 0.541406 0.328125 0.135937
1 0.150000 0.580469 0.168750 0.135937
2 0.124219 0.705469 0.195312 0.195312
2 0.051562 0.969531 0.103125 0.060937
