1 0.060937 0.551562 0.115625 0.100000
1 0.085938 0.713281 0.171875 0.170313
1 0.136719 0.875000 0.145313 0.165625
1 0.173437 0.759375 0.084375 0.084375
1 0.031250 0.807813 0.062500 0.112500
1 0.224219 0.709375 0.220312 0.203125
1 0.300000 0.589063 0.134375 0.137500
6 0.220312 0.482031 0.075000 0.092188
6 0.349219 0.926562 0.107813 0.115625
2 0.300781 0.961719 0.132812 0.076563
3 0.379688 0.389062 0.137500 0.106250
2 0.178906 0.960156 0.114062 0.079687
1 0.210938 0.386719 0.156250 0.135937
1 0.738281 0.378125 0.232813 0.259375
1 0.733594 0.200781 0.176563 0.154688
1 0.508594 0.298438 0.151562 0.131250
2 0.375000 0.349219 0.065625 0.064062
2 0.283594 0.860156 0.185938 0.145313
1 0.014063 0.989062 0.028125 0.021875
1 0.629687 0.028125 0.081250 0.056250
1 0.425781 0.559375 0.145313 0.137500
1 0.513281 0.536719 0.160938 0.167187
2 0.596875 0.423438 0.121875 0.093750
2 0.595313 0.320312 0.134375 0.159375
2 0.476562 0.439063 0.131250 0.128125
2 0.150000 0.560937 0.128125 0.109375
2 0.129688 0.485156 0.134375 0.120313
4 0.363281 0.474219 0.089063 0.042188
2 0.450000 0.705469 0.184375 0.204687
2 0.542188 0.766406 0.087500 0.095312
1 0.047656 0.932031 0.095312 0.135937
