1 0.383594 0.928906 0.139063 0.142187
1 0.420312 0.715625 0.165625 0.184375
1 0.324219 0.790625 0.170313 0.184375
1 0.228125 0.866406 0.171875 0.198437
2 0.312500 0.572656 0.140625 0.092188
2 0.453906 0.461719 0.114062 0.164062
2 0.404687 0.547656 0.112500 0.070312
1 0.349219 0.463281 0.217188 0.154688
1 0.532813 0.496875 0.140625 0.165625
1 0.644531 0.451562 0.073438 0.109375
2 0.603906 0.727344 0.248438 0.279687
2 0.471875 0.651563 0.096875 0.128125
1 0.069531 0.939063 0.139063 0.121875
1 0.117188 0.990625 0.075000 0.018750
1 0.537500 0.939063 0.131250 0.121875
1 0.442969 0.891406 0.164062 0.160938
3 0.608594 0.955469 0.117188 0.089063
2 0.982031 0.952344 0.035937 0.095312
2 0.982812 0.999219 0.003125 0.001563
2 0.781250 0.806250 0.090625 0.106250
2 0.701562 0.812500 0.109375 0.109375
1 0.046094 0.472656 0.092188 0.148438
1 0.721094 0.667188 0.104688 0.118750
2 0.885938 0.493750 0.165625 0.090625
1 0.642969 0.150781 0.151562 0.157812
1 0.559375 0.162500 0.084375 0.115625
1 0.460938 0.117188 0.162500 0.162500
1 0.471875 0.234375 0.106250 0.112500
2 0.542188 0.070312 0.121875 0.137500
2 0.530469 0.005469 0.023438 0.010937
1 0.371875 0.360938 0.175000 0.131250
1 0.362500 0.132031 0.093750 0.132812
1 0.282031 0.206250 0.267188 0.265625
1 0.217969 0.369531 0.185938 0.185938
1 0.309375 0.057031 0.165625 0.114062
1 0.937500 0.064844 0.125000 0.129688
2 0.852344 0.799219 0.076563 0.095312
2 0.794531 0.916406 0.110937 0.117188
2 0.566406 0.272656 0.214062 0.145313
2 0.515625 0.376563 0.190625 0.168750
2 0.615625 0.358594 0.156250 0.123438
2 0.003906 0.267188 0.007812 0.053125
2 0.007812 0.200000 0.015625 0.043750
2 0.714844 0.535156 0.107813 0.057813
2 0.217188 0.493750 0.103125 0.096875
