2 0.996875 0.428125 0.006250 0.012500
2 0.992188 0.396875 0.015625 0.025000
2 0.997656 0.367188 0.004687 0.009375
2 0.897656 0.478906 0.098437 0.114062
1 0.955469 0.536719 0.089063 0.114062
2 0.874219 0.567187 0.104688 0.106250
2 0.764062 0.603125 0.165625 0.146875
2 0.702344 0.998437 0.004687 0.003125
2 0.603906 0.939844 0.182812 0.120313
1 0.919531 0.983594 0.117188 0.032813
2 0.903906 0.320312 0.192188 0.175000
1 0.733594 0.424219 0.154688 0.170313
1 0.595313 0.384375 0.118750 0.143750
1 0.661719 0.353125 0.120313 0.115625
1 0.529687 0.442188 0.128125 0.146875
1 0.457813 0.471094 0.103125 0.132812
2 0.471094 0.360156 0.089063 0.079687
2 0.659375 0.253906 0.159375 0.120313
1 0.767969 0.732812 0.126562 0.150000
2 0.485938 0.544531 0.121875 0.104688
2 0.602344 0.525000 0.073438 0.093750
2 0.367188 0.785156 0.221875 0.201563
2 0.296094 0.377344 0.232813 0.179688
2 0.208594 0.509375 0.192188 0.168750
1 0.278906 0.472656 0.154688 0.173437
1 0.421875 0.958594 0.212500 0.082812
1 0.048438 0.935156 0.096875 0.129688
1 0.092969 0.935156 0.089063 0.120313
6 0.186719 0.903906 0.079687 0.060937
1 0.185156 0.757031 0.160938 0.154688
1 0.201563 0.633594 0.175000 0.132812
6 0.045312 0.790625 0.075000 0.071875
1 0.071094 0.525781 0.142187 0.151562
4 0.021875 0.219531 0.043750 0.070312
4 0.068750 0.242969 0.093750 0.101562
4 0.203906 0.207813 0.132812 0.109375
1 0.770312 0.272656 0.134375 0.101562
1 0.839063 0.015625 0.115625 0.031250
2 0.942187 0.071875 0.115625 0.143750
2 0.998437 0.219531 0.003125 0.007812
2 0.998437 0.201563 0.003125 0.006250
3 0.950000 0.213281 0.100000 0.095312
6 0.080469 0.684375 0.142187 0.175000
