1 0.082812 0.946094 0.165625 0.107813
1 0.098437 0.875781 0.168750 0.139063
2 0.121875 0.789844 0.175000 0.085938
1 0.425000 0.998437 0.025000 0.003125
1 0.342969 0.817969 0.095312 0.092188
1 0.244531 0.840625 0.104688 0.068750
1 0.281250 0.767188 0.100000 0.121875
1 0.642188 0.940625 0.106250 0.118750
1 0.539844 0.947656 0.129688 0.104688
1 0.960938 0.498437 0.078125 0.200000
1 0.958594 0.661719 0.082812 0.107813
1 0.969531 0.594531 0.060937 0.067187
1 0.870313 0.559375 0.131250 0.153125
1 0.784375 0.473438 0.165625 0.168750
2 0.680469 0.467969 0.085938 0.120313
6 0.646094 0.554688 0.054688 0.037500
6 0.917969 0.485156 0.048438 0.057813
2 0.753125 0.260156 0.146875 0.217188
2 0.837500 0.044531 0.059375 0.089063
2 0.774219 0.062500 0.076563 0.093750
1 0.528125 0.667969 0.121875 0.126562
1 0.360156 0.510156 0.170313 0.185938
1 0.353125 0.392188 0.131250 0.115625
1 0.455469 0.464062 0.135937 0.159375
1 0.558594 0.485938 0.110937 0.109375
4 0.538281 0.578906 0.120313 0.082812
6 0.648438 0.342969 0.071875 0.089063
1 0.478906 0.292969 0.139063 0.185938
2 0.393750 0.242969 0.146875 0.170313
1 0.892969 0.100781 0.129688 0.201563
1 0.994531 0.006250 0.010937 0.012500
1 0.921875 0.000781 0.009375 0.001563
2 0.000781 0.639062 0.001563 0.006250
2 0.023438 0.808594 0.046875 0.107813
1 0.087500 0.678125 0.175000 0.143750
1 0.044531 0.284375 0.089063 0.137500
1 0.049219 0.516406 0.098437 0.182812
1 0.175781 0.221875 0.114062 0.096875
2 0.264844 0.288281 0.151562 0.114062
1 0.200781 0.461719 0.104688 0.089063
2 0.138281 0.517969 0.082812 0.092188
1 0.073438 0.410938 0.096875 0.112500
2 0.025000 0.387500 0.050000 0.093750
1 0.818750 0.737500 0.165625 0.171875
1 0.982812 0.357031 0.034375 0.042188
1 0.999219 0.319531 0.001563 0.001563
4 0.555469 0.039062 0.039062 0.078125
1 0.292969 0.142969 0.101562 0.160938
1 0.334375 0.032813 0.150000 0.065625
2 0.722656 0.139063 0.073438 0.078125
2 0.795312 0.166406 0.084375 0.104688
6 0.895312 0.828906 0.062500 0.079687
6 0.843750 0.959375 0.021875 0.015625
3 0.936719 0.863281 0.095312 0.089063
2 0.426563 0.789062 0.125000 0.125000
2 0.467969 0.025781 0.164062 0.051562
2 0.371875 0.112500 0.234375 0.165625
2 0.681250 0.007031 0.046875 0.014063
2 0.750000 0.034375 0.103125 0.068750
2 0.621875 0.060937 0.125000 0.121875
3 0.982031 0.843750 0.035937 0.071875
3 0.958594 0.730469 0.082812 0.104688
2 0.572656 0.162500 0.251563 0.268750
6 0.526563 0.267188 0.034375 0.062500
2 0.453125 0.964844 0.153125 0.070312
5 0.335156 0.930469 0.245312 0.139063
3 0.726562 0.978906 0.078125 0.042188
1 0.603125 0.614844 0.087500 0.070312
1 0.643750 0.694531 0.143750 0.145313
1 0.696875 0.664062 0.131250 0.121875
2 0.831250 0.872656 0.121875 0.123438
1 0.776563 0.843750 0.065625 0.112500
1 0.721875 0.843750 0.084375 0.106250
2 0.609375 0.822656 0.165625 0.129688
2 0.514844 0.775000 0.079687 0.100000
1 0.775000 0.611719 0.178125 0.079687
2 0.930469 0.742969 0.104688 0.123438
2 0.840625 0.980469 0.134375 0.039062
2 0.008594 0.732031 0.017188 0.064062
2 0.966406 0.035937 0.067187 0.071875
