1 0.054688 0.010156 0.109375 0.020313
5 0.110156 0.176563 0.220312 0.271875
1 0.020313 0.323437 0.040625 0.078125
7 0.133594 0.335156 0.135937 0.098437
2 0.067187 0.057031 0.134375 0.076563
1 0.221094 0.543750 0.195312 0.159375
1 0.250000 0.666406 0.178125 0.129688
1 0.269531 0.093750 0.160938 0.187500
1 0.485938 0.357031 0.140625 0.148438
6 0.056250 0.850000 0.037500 0.128125
6 0.007031 0.897656 0.014063 0.017188
6 0.006250 0.836719 0.012500 0.017188
1 0.694531 0.170313 0.170313 0.162500
2 0.757812 0.267969 0.096875 0.098437
1 0.816406 0.092969 0.139063 0.170313
2 0.371875 0.042969 0.100000 0.085938
1 0.875000 0.002344 0.021875 0.004687
1 0.759375 0.018750 0.131250 0.037500
2 0.931250 0.440625 0.100000 0.106250
2 0.632812 0.003906 0.009375 0.007812
5 0.986719 0.071094 0.026562 0.095312
2 0.972656 0.367188 0.054688 0.137500
2 0.965625 0.489844 0.068750 0.104688
2 0.555469 0.311719 0.192188 0.154688
2 0.572656 0.208594 0.132812 0.101562
2 0.451562 0.202344 0.150000 0.242188
6 0.983594 0.254688 0.032813 0.075000
1 0.841406 0.312500 0.242188 0.187500
1 0.810156 0.416406 0.173437 0.126562
1 0.650781 0.381250 0.214062 0.178125
1 0.714063 0.482812 0.137500 0.112500
1 0.562500 0.971875 0.128125 0.056250
2 0.636719 0.992188 0.042188 0.015625
1 0.492188 0.997656 0.012500 0.004687
1 0.429688 0.997656 0.015625 0.004687
2 0.281250 0.200000 0.128125 0.090625
2 0.997656 0.652344 0.004687 0.020313
2 0.988281 0.580469 0.023438 0.082812
1 0.842969 0.950781 0.198437 0.098437
1 0.778906 0.905469 0.139063 0.148438
1 0.892188 0.856250 0.115625 0.115625
1 0.867969 0.802344 0.126562 0.132812
1 0.952344 0.759375 0.095312 0.115625
1 0.746875 0.614062 0.406250 0.312500
1 0.966406 0.975000 0.067187 0.050000
1 0.957031 0.868750 0.085938 0.153125
1 0.317188 0.998437 0.009375 0.003125
1 0.203906 0.959375 0.207813 0.081250
1 0.133594 0.865625 0.104688 0.125000
2 0.385156 0.899219 0.082812 0.085938
1 0.497656 0.867188 0.151562 0.118750
1 0.469531 0.791406 0.092188 0.132812
1 0.355469 0.757812 0.098437 0.131250
1 0.334375 0.850000 0.090625 0.096875
1 0.252344 0.870313 0.092188 0.087500
2 0.603906 0.867969 0.135937 0.170313
2 0.659375 0.810156 0.096875 0.095312
2 0.562500 0.741406 0.103125 0.139063
1 0.477344 0.649219 0.148438 0.176563
2 0.532031 0.476562 0.082812 0.131250
2 0.435937 0.475781 0.131250 0.117188
2 0.489063 0.557813 0.081250 0.087500
2 0.414844 0.562500 0.098437 0.071875
6 0.410156 0.598437 0.101562 0.071875
2 0.368750 0.366406 0.087500 0.089063
2 0.175000 0.454688 0.115625 0.093750
2 0.065625 0.404687 0.056250 0.068750
3 0.023438 0.417187 0.046875 0.118750
2 0.069531 0.533594 0.129688 0.132812
1 0.035156 0.714063 0.070312 0.153125
1 0.101562 0.727344 0.090625 0.129688
2 0.059375 0.615625 0.118750 0.078125
1 0.044531 0.996875 0.020313 0.006250
1 0.109375 0.980469 0.084375 0.039062
1 0.210938 0.712500 0.178125 0.118750
