1 0.284375 0.978906 0.078125 0.042188
1 0.925000 0.042188 0.150000 0.084375
7 0.769531 0.975000 0.076563 0.050000
1 0.945312 0.984375 0.087500 0.031250
1 0.925781 0.890625 0.148438 0.162500
1 0.965625 0.804688 0.068750 0.143750
7 0.764844 0.823438 0.098437 0.090625
1 0.700000 0.682031 0.125000 0.126562
1 0.471094 0.829688 0.154688 0.187500
1 0.408594 0.806250 0.139063 0.159375
1 0.090625 0.018750 0.090625 0.037500
2 0.044531 0.256250 0.089063 0.109375
2 0.015625 0.309375 0.031250 0.046875
2 0.014844 0.339844 0.029687 0.029687
2 0.012500 0.368750 0.025000 0.037500
2 0.036719 0.401562 0.073438 0.062500
2 0.072656 0.317188 0.092188 0.090625
2 0.207813 0.353125 0.162500 0.087500
2 0.181250 0.021875 0.109375 0.043750
1 0.378906 0.014063 0.060937 0.028125
2 0.714844 0.007812 0.076563 0.015625
1 0.314844 0.069531 0.139063 0.139063
2 0.425781 0.060937 0.129688 0.121875
2 0.534375 0.082812 0.081250 0.096875
2 0.615625 0.042188 0.125000 0.084375
2 0.475781 0.145313 0.157812 0.112500
2 0.507031 0.210156 0.107813 0.070312
2 0.397656 0.207813 0.089063 0.093750
1 0.475781 0.296094 0.132812 0.117188
1 0.824219 0.163281 0.073438 0.076563
2 0.607031 0.186719 0.107813 0.104688
2 0.900000 0.169531 0.100000 0.079687
1 0.996094 0.204687 0.007812 0.015625
1 0.992969 0.186719 0.014063 0.014063
1 0.999219 0.171094 0.001563 0.004687
1 0.996875 0.165625 0.006250 0.003125
1 0.991406 0.148438 0.017188 0.021875
1 0.995313 0.131250 0.009375 0.006250
1 0.999219 0.121875 0.001563 0.009375
1 0.837500 0.260937 0.084375 0.100000
1 0.854688 0.341406 0.100000 0.095312
1 0.927344 0.322656 0.085938 0.095312
2 0.762500 0.266406 0.096875 0.170313
2 0.076563 0.403906 0.078125 0.070312
2 0.059375 0.479687 0.078125 0.093750
1 0.005469 0.457813 0.010937 0.062500
2 0.062500 0.362500 0.053125 0.031250
2 0.032031 0.625781 0.064062 0.135937
2 0.155469 0.692187 0.098437 0.131250
1 0.025000 0.728906 0.050000 0.101562
1 0.204687 0.853906 0.096875 0.123438
1 0.053125 0.928906 0.106250 0.142187
1 0.150781 0.432812 0.101562 0.112500
2 0.248438 0.439844 0.043750 0.060937
2 0.331250 0.361719 0.081250 0.101562
2 0.292969 0.485156 0.073438 0.067187
2 0.196875 0.306250 0.050000 0.031250
2 0.238281 0.580469 0.101562 0.120313
2 0.301563 0.595313 0.081250 0.121875
2 0.335938 0.566406 0.065625 0.067187
2 0.367188 0.509375 0.087500 0.068750
2 0.405469 0.470313 0.135937 0.062500
1 0.309375 0.787500 0.071875 0.159375
2 0.229687 0.749219 0.131250 0.110937
2 0.299219 0.875000 0.098437 0.053125
2 0.329688 0.933594 0.093750 0.123438
2 0.403906 0.684375 0.082812 0.103125
2 0.498437 0.671875 0.128125 0.087500
2 0.578125 0.693750 0.100000 0.128125
2 0.614062 0.607812 0.090625 0.062500
2 0.578125 0.848437 0.084375 0.131250
2 0.657813 0.842969 0.087500 0.095312
2 0.725000 0.887500 0.096875 0.090625
2 0.767188 0.921094 0.112500 0.085938
2 0.675781 0.936719 0.057813 0.054688
6 0.214844 0.691406 0.035937 0.060937
2 0.621875 0.670312 0.071875 0.071875
1 0.696094 0.589844 0.104688 0.076563
1 0.452344 0.553125 0.173437 0.146875
1 0.604688 0.528125 0.106250 0.150000
1 0.704688 0.485156 0.178125 0.176563
1 0.814063 0.407813 0.078125 0.078125
1 0.600781 0.412500 0.067187 0.062500
1 0.664062 0.305469 0.109375 0.107813
1 0.667969 0.374219 0.089063 0.089063
1 0.772656 0.586719 0.139063 0.173437
1 0.887500 0.603906 0.162500 0.182812
1 0.992188 0.520312 0.015625 0.068750
1 0.992969 0.573438 0.014063 0.021875
2 0.957812 0.444531 0.084375 0.079687
2 0.999219 0.476562 0.001563 0.003125
2 0.770312 0.758594 0.153125 0.089063
2 0.796875 0.704688 0.096875 0.075000
2 0.921094 0.726562 0.101562 0.090625
2 0.958594 0.682813 0.082812 0.090625
2 0.894531 0.812500 0.085938 0.100000
2 0.855469 0.839063 0.079687 0.075000
2 0.888281 0.463281 0.098437 0.092188
2 0.711719 0.975000 0.054688 0.050000
1 0.434375 0.947656 0.131250 0.104688
1 0.385156 0.987500 0.051562 0.025000
2 0.508594 0.975781 0.060937 0.048438
2 0.096875 0.986719 0.065625 0.026562
7 0.666406 0.124219 0.101562 0.101562
1 0.019531 0.819531 0.039062 0.082812
1 0.347656 0.146094 0.104688 0.098437
