1 0.137500 0.952344 0.150000 0.095312
7 0.988281 0.963281 0.023438 0.073438
1 0.967969 0.991406 0.060937 0.017188
1 0.971875 0.847656 0.056250 0.139063
1 0.885938 0.703125 0.228125 0.215625
3 0.983594 0.376563 0.032813 0.075000
1 0.804688 0.503906 0.225000 0.198437
1 0.696875 0.542969 0.128125 0.148438
2 0.857031 0.812500 0.085938 0.109375
2 0.791406 0.900781 0.154688 0.129688
2 0.742188 0.848437 0.175000 0.187500
1 0.847656 0.994531 0.010937 0.010937
1 0.875000 0.934375 0.109375 0.131250
2 0.403906 0.901563 0.251563 0.196875
1 0.590625 0.790625 0.168750 0.171875
2 0.759375 0.711719 0.109375 0.142187
2 0.288281 0.769531 0.242188 0.220312
2 0.189062 0.888281 0.156250 0.151562
1 0.540625 0.628125 0.253125 0.306250
6 0.681250 0.678125 0.087500 0.103125
2 0.364844 0.642969 0.142187 0.114062
2 0.382031 0.496094 0.185938 0.239063
1 0.189844 0.620313 0.260937 0.253125
1 0.329688 0.430469 0.187500 0.201563
1 0.546094 0.413281 0.214062 0.192188
1 0.246094 0.353125 0.110937 0.112500
2 0.047656 0.626563 0.095312 0.250000
1 0.047656 0.893750 0.095312 0.100000
2 0.550000 0.928906 0.165625 0.142187
1 0.951562 0.298438 0.096875 0.115625
2 0.957031 0.186719 0.085938 0.139063
2 0.925000 0.099219 0.150000 0.192188
4 0.850000 0.236719 0.096875 0.089063
3 0.769531 0.170313 0.139063 0.131250
3 0.667969 0.150781 0.104688 0.117188
4 0.737500 0.276562 0.134375 0.140625
1 0.791406 0.070312 0.185938 0.140625
1 0.918750 0.035937 0.162500 0.071875
1 0.389062 0.276562 0.156250 0.200000
1 0.315625 0.182031 0.225000 0.198437
1 0.253125 0.086719 0.171875 0.173437
1 0.092969 0.143750 0.185938 0.268750
4 0.597656 0.151562 0.070312 0.093750
4 0.511719 0.220312 0.157812 0.159375
4 0.602344 0.091406 0.085938 0.079687
1 0.600781 0.007812 0.035937 0.015625
2 0.309375 0.016406 0.068750 0.032813
6 0.078906 0.406250 0.117188 0.178125
6 0.193750 0.417969 0.025000 0.023438
1 0.101562 0.000000 0.009375 0.000000
1 0.044531 0.042969 0.089063 0.085938
3 0.691406 0.993750 0.032813 0.012500
