1 0.014063 0.004687 0.028125 0.009375
1 0.427344 0.031250 0.145313 0.062500
1 0.481250 0.061719 0.109375 0.095312
2 0.021094 0.184375 0.042188 0.068750
6 0.132031 0.430469 0.098437 0.070312
2 0.153125 0.218750 0.162500 0.175000
6 0.697656 0.421875 0.089063 0.075000
1 0.673438 0.535937 0.137500 0.121875
1 0.713281 0.614844 0.095312 0.070312
1 0.579688 0.603125 0.265625 0.256250
2 0.403125 0.685156 0.156250 0.142187
1 0.475781 0.782813 0.139063 0.178125
7 0.182812 0.517969 0.100000 0.092188
2 0.183594 0.627344 0.110937 0.135937
1 0.274219 0.577344 0.176563 0.207813
6 0.291406 0.917969 0.067187 0.051562
1 0.224219 0.813281 0.207813 0.189062
1 0.232031 0.687500 0.101562 0.128125
1 0.327344 0.784375 0.104688 0.221875
1 0.941406 0.033594 0.110937 0.067187
1 0.879687 0.081250 0.143750 0.162500
1 0.967969 0.117969 0.064062 0.129688
2 0.974219 0.292187 0.051562 0.121875
2 0.993750 0.224219 0.012500 0.017188
2 0.950000 0.326562 0.090625 0.071875
2 0.886719 0.228125 0.129688 0.125000
2 0.782031 0.181250 0.160938 0.087500
1 0.774219 0.304688 0.154688 0.200000
2 0.860156 0.378906 0.135937 0.129688
7 0.800000 0.553125 0.118750 0.100000
7 0.789844 0.849219 0.120313 0.139063
6 0.833594 0.967187 0.098437 0.065625
1 0.943750 0.917969 0.112500 0.164062
1 0.877344 0.880469 0.142187 0.170313
7 0.775000 0.994531 0.034375 0.010937
1 0.977344 0.760938 0.045312 0.106250
7 0.699219 0.698438 0.114062 0.112500
7 0.725781 0.730469 0.151562 0.182812
2 0.066406 0.652344 0.132812 0.089063
1 0.044531 0.790625 0.089063 0.112500
1 0.064844 0.931250 0.129688 0.137500
1 0.028125 0.889062 0.056250 0.103125
1 0.000781 0.821875 0.001563 0.006250
1 0.669531 0.922656 0.176563 0.154688
1 0.596094 0.879687 0.148438 0.121875
1 0.555469 0.935156 0.154688 0.129688
7 0.749219 0.920312 0.095312 0.125000
7 0.167969 0.951562 0.145313 0.096875
1 0.441406 0.878906 0.089063 0.101562
2 0.405469 0.938281 0.167187 0.123438
2 0.262500 0.988281 0.046875 0.023438
2 0.326562 0.981250 0.056250 0.037500
6 0.248438 0.973437 0.034375 0.021875
1 0.571875 0.177344 0.281250 0.220312
