1 0.569531 0.963281 0.117188 0.073438
7 0.501563 0.950781 0.059375 0.060937
1 0.523438 0.885938 0.053125 0.062500
1 0.390625 0.961719 0.046875 0.045312
2 0.967187 0.899219 0.065625 0.064062
7 0.729688 0.617969 0.068750 0.067187
1 0.899219 0.684375 0.107813 0.125000
1 0.970313 0.656250 0.059375 0.153125
7 0.844531 0.600000 0.060937 0.071875
2 0.644531 0.439063 0.067187 0.043750
2 0.795312 0.460938 0.056250 0.065625
6 0.805469 0.567969 0.054688 0.039062
1 0.523438 0.564844 0.190625 0.176563
2 0.125781 0.835938 0.098437 0.078125
2 0.090625 0.716406 0.078125 0.076563
2 0.115625 0.682813 0.078125 0.068750
7 0.282031 0.604688 0.085938 0.075000
2 0.037500 0.900781 0.043750 0.054688
7 0.191406 0.384375 0.082812 0.100000
7 0.226562 0.437500 0.096875 0.100000
7 0.300781 0.514844 0.092188 0.098437
7 0.332813 0.441406 0.093750 0.092188
1 0.385937 0.528125 0.103125 0.128125
7 0.398438 0.365625 0.100000 0.109375
7 0.239063 0.300781 0.084375 0.089063
7 0.020313 0.295312 0.040625 0.068750
2 0.528125 0.327344 0.100000 0.114062
7 0.230469 0.176563 0.067187 0.062500
7 0.261719 0.032031 0.070312 0.064062
7 0.224219 0.037500 0.070312 0.075000
2 0.067969 0.228125 0.045312 0.040625
7 0.002344 0.222656 0.004687 0.029687
7 0.022656 0.152344 0.045312 0.060937
7 0.037500 0.083594 0.075000 0.085938
7 0.182031 0.099219 0.079687 0.085938
7 0.111719 0.117188 0.073438 0.056250
1 0.014063 0.026562 0.028125 0.037500
1 0.914062 0.144531 0.125000 0.123438
7 0.688281 0.028906 0.070312 0.057813
7 0.773438 0.182031 0.090625 0.107813
1 0.559375 0.297656 0.090625 0.120313
1 0.650000 0.232031 0.112500 0.132812
7 0.771875 0.532031 0.065625 0.079687
1 0.914844 0.492188 0.076563 0.078125
1 0.852344 0.483594 0.079687 0.085938
1 0.828125 0.409375 0.112500 0.106250
2 0.971875 0.485938 0.056250 0.125000
1 0.999219 0.732812 0.001563 0.000000
2 0.971875 0.958594 0.056250 0.067187
1 0.825000 0.316406 0.143750 0.101562
1 0.938281 0.360938 0.123438 0.121875
7 0.985156 0.025781 0.029687 0.051562
7 0.091406 0.076563 0.051562 0.056250
7 0.172656 0.007812 0.060937 0.015625
6 0.247656 0.125000 0.076563 0.068750
7 0.815625 0.128906 0.096875 0.132812
