1 0.908594 0.332031 0.182812 0.207813
1 0.993750 0.396875 0.012500 0.015625
1 0.921875 0.454688 0.156250 0.118750
2 0.765625 0.339844 0.162500 0.157812
1 0.792188 0.208594 0.121875 0.126562
1 0.675781 0.171875 0.179688 0.231250
2 0.864062 0.161719 0.140625 0.135937
2 0.620313 0.289062 0.212500 0.212500
1 0.564844 0.365625 0.173437 0.175000
1 0.460156 0.191406 0.164062 0.139063
1 0.412500 0.289844 0.209375 0.192188
2 0.437500 0.412500 0.150000 0.146875
2 0.635938 0.565625 0.128125 0.125000
2 0.710156 0.494531 0.160938 0.117188
2 0.958594 0.599219 0.082812 0.095312
1 0.972656 0.722656 0.054688 0.135937
1 0.721875 0.604688 0.162500 0.115625
2 0.972656 0.927344 0.054688 0.145313
2 0.781250 0.415625 0.150000 0.121875
2 0.366406 0.756250 0.220312 0.190625
1 0.446875 0.639062 0.178125 0.168750
2 0.789844 0.847656 0.114062 0.160938
2 0.647656 0.892969 0.204687 0.182812
2 0.580469 0.773438 0.214062 0.131250
2 0.679688 0.739844 0.112500 0.114062
2 0.751563 0.729688 0.081250 0.106250
2 0.671875 0.955469 0.128125 0.089063
2 0.914062 0.975781 0.162500 0.048438
2 0.492188 0.918750 0.171875 0.121875
1 0.430469 0.953906 0.179688 0.092188
2 0.267969 0.278906 0.114062 0.117188
2 0.220312 0.207031 0.143750 0.157812
2 0.242969 0.361719 0.089063 0.070312
2 0.287500 0.428125 0.100000 0.118750
2 0.204687 0.447656 0.100000 0.151562
2 0.136719 0.517188 0.195312 0.237500
2 0.164062 0.646875 0.275000 0.212500
2 0.064844 0.479687 0.126562 0.131250
2 0.024219 0.434375 0.048438 0.084375
2 0.033594 0.522656 0.067187 0.098437
2 0.028906 0.638281 0.057813 0.145313
2 0.000000 0.577344 0.000000 0.004687
2 0.090625 0.785156 0.181250 0.157812
2 0.075781 0.922656 0.151562 0.123438
2 0.090625 0.981250 0.121875 0.037500
4 0.189844 0.910156 0.104688 0.123438
2 0.235937 0.857031 0.134375 0.135937
1 0.296875 0.927344 0.156250 0.145313
2 0.183594 0.947656 0.107813 0.104688
2 0.959375 0.806250 0.081250 0.078125
2 0.765625 0.943750 0.109375 0.112500
1 0.021875 0.905469 0.043750 0.114062
