1 0.061719 0.940625 0.123438 0.118750
1 0.102344 0.999219 0.001563 0.001563
1 0.175000 0.932813 0.150000 0.134375
1 0.333594 0.948438 0.132812 0.103125
1 0.525781 0.870313 0.151562 0.165625
1 0.625000 0.903125 0.100000 0.125000
4 0.278125 0.976562 0.109375 0.046875
2 0.258594 0.896875 0.157812 0.118750
2 0.716406 0.978125 0.098437 0.043750
2 0.860938 0.954688 0.125000 0.090625
2 0.795312 0.924219 0.109375 0.117188
1 0.960156 0.973437 0.079687 0.053125
1 0.047656 0.692969 0.095312 0.185938
1 0.125000 0.658594 0.178125 0.154688
1 0.094531 0.549219 0.189062 0.139063
1 0.167187 0.755469 0.184375 0.195312
2 0.417187 0.843750 0.193750 0.218750
2 0.264062 0.750781 0.075000 0.079687
1 0.507031 0.694531 0.195312 0.207813
1 0.328906 0.532031 0.145313 0.151562
1 0.411719 0.439063 0.160938 0.187500
1 0.263281 0.376563 0.164062 0.184375
2 0.433594 0.367969 0.192188 0.135937
3 0.368750 0.626563 0.131250 0.121875
3 0.553906 0.584375 0.114062 0.096875
3 0.160156 0.348438 0.114062 0.093750
2 0.017969 0.165625 0.035937 0.062500
1 0.037500 0.357812 0.075000 0.090625
1 0.145313 0.214844 0.090625 0.123438
1 0.716406 0.807813 0.095312 0.131250
3 0.800781 0.638281 0.095312 0.098437
3 0.752344 0.575000 0.082812 0.087500
3 0.864844 0.657031 0.067187 0.085938
3 0.724219 0.646875 0.082812 0.078125
3 0.842969 0.739844 0.076563 0.092188
3 0.704688 0.682813 0.071875 0.034375
3 0.677344 0.714844 0.067187 0.070312
3 0.752344 0.724219 0.085938 0.070312
3 0.863281 0.578906 0.089063 0.076563
3 0.900781 0.657813 0.076563 0.125000
3 0.662500 0.570312 0.134375 0.150000
3 0.717187 0.504687 0.059375 0.050000
3 0.500781 0.458594 0.064062 0.092188
3 0.636719 0.469531 0.082812 0.104688
1 0.798438 0.467969 0.156250 0.154688
1 0.565625 0.296094 0.112500 0.170313
1 0.623437 0.368750 0.100000 0.075000
1 0.689063 0.271875 0.143750 0.156250
3 0.834375 0.205469 0.121875 0.114062
2 0.770312 0.299219 0.106250 0.135937
2 0.961719 0.289062 0.076563 0.087500
3 0.988281 0.920312 0.023438 0.093750
2 0.985156 0.762500 0.029687 0.059375
1 0.971875 0.696875 0.056250 0.084375
1 0.961719 0.617188 0.076563 0.093750
1 0.996094 0.579688 0.007812 0.025000
1 0.975781 0.454688 0.048438 0.137500
3 0.867969 0.422656 0.042188 0.064062
3 0.903906 0.426563 0.039062 0.093750
3 0.935937 0.055469 0.112500 0.110937
3 0.996094 0.107031 0.007812 0.017188
3 0.998437 0.076563 0.003125 0.003125
3 0.986719 0.034375 0.026562 0.068750
4 0.929688 0.133594 0.096875 0.064062
2 0.885938 0.172656 0.112500 0.114062
4 0.990625 0.333594 0.018750 0.048438
3 0.818750 0.528125 0.075000 0.053125
1 0.517969 0.163281 0.182812 0.126562
4 0.861719 0.028125 0.042188 0.056250
3 0.596875 0.421875 0.050000 0.053125
3 0.672656 0.422656 0.067187 0.057813
4 0.262500 0.586719 0.078125 0.070312
4 0.243750 0.546875 0.081250 0.062500
3 0.432812 0.535156 0.084375 0.092188
3 0.625781 0.671875 0.089063 0.071875
3 0.627344 0.733594 0.057813 0.085938
1 0.911719 0.765625 0.092188 0.087500
1 0.941406 0.831250 0.073438 0.084375
3 0.759375 0.790625 0.096875 0.118750
2 0.893750 0.894531 0.121875 0.070312
3 0.610156 0.782813 0.057813 0.071875
3 0.657813 0.785156 0.078125 0.064062
3 0.653906 0.832031 0.060937 0.042188
4 0.092969 0.881250 0.120313 0.134375
4 0.360156 0.714063 0.095312 0.087500
2 0.000000 0.427344 0.000000 0.001563
2 0.026562 0.454688 0.053125 0.062500
1 0.160156 0.489844 0.101562 0.098437
2 0.346875 0.219531 0.171875 0.207813
4 0.072656 0.461719 0.073438 0.073438
2 0.006250 0.576562 0.012500 0.037500
2 0.013281 0.514844 0.026562 0.048438
1 0.353125 0.051562 0.203125 0.103125
1 0.246875 0.001563 0.025000 0.003125
3 0.150000 0.014063 0.078125 0.028125
2 0.308594 0.095312 0.176563 0.103125
