1 0.519531 0.964063 0.139063 0.071875
1 0.287500 0.993750 0.065625 0.012500
1 0.010156 0.994531 0.014063 0.010937
2 0.058594 0.826562 0.117188 0.228125
1 0.943750 0.953906 0.084375 0.092188
1 0.898438 0.896875 0.106250 0.103125
2 0.979688 0.963281 0.040625 0.073438
2 0.933594 0.641406 0.132812 0.273438
2 0.764844 0.873437 0.092188 0.100000
1 0.773438 0.754687 0.109375 0.125000
1 0.822656 0.711719 0.145313 0.123438
1 0.839063 0.600000 0.090625 0.140625
3 0.960938 0.407031 0.078125 0.201563
3 0.755469 0.552344 0.129688 0.120313
3 0.660937 0.499219 0.112500 0.139063
3 0.346875 0.548438 0.112500 0.143750
3 0.418750 0.551562 0.093750 0.128125
1 0.541406 0.353125 0.217188 0.175000
1 0.550000 0.202344 0.240625 0.251563
1 0.458594 0.467969 0.098437 0.114062
1 0.134375 0.435937 0.128125 0.109375
1 0.083594 0.499219 0.117188 0.132812
1 0.046875 0.403906 0.093750 0.098437
1 0.020313 0.496875 0.040625 0.146875
1 0.153125 0.582812 0.159375 0.175000
1 0.271875 0.432812 0.106250 0.131250
4 0.408594 0.385156 0.082812 0.104688
1 0.050781 0.007812 0.101562 0.015625
1 0.052344 0.042969 0.104688 0.085938
2 0.029687 0.113281 0.059375 0.079687
4 0.057813 0.367969 0.100000 0.057813
4 0.092188 0.095312 0.159375 0.118750
1 0.163281 0.000781 0.007812 0.001563
1 0.105469 0.001563 0.004687 0.003125
1 0.355469 0.007031 0.045312 0.014063
4 0.317969 0.028906 0.110937 0.057813
1 0.393750 0.123438 0.109375 0.100000
4 0.292187 0.268750 0.081250 0.062500
2 0.721094 0.230469 0.132812 0.110937
2 0.691406 0.123438 0.145313 0.156250
2 0.721875 0.028125 0.100000 0.056250
1 0.871094 0.215625 0.120313 0.121875
1 0.864844 0.111719 0.117188 0.107813
2 0.858594 0.035156 0.132812 0.070312
1 0.958594 0.028125 0.082812 0.056250
1 0.953125 0.089844 0.093750 0.123438
1 0.950000 0.192188 0.096875 0.103125
1 0.967187 0.159375 0.065625 0.090625
4 0.530469 0.057031 0.095312 0.095312
