1 0.850000 0.658594 0.156250 0.176563
1 0.942969 0.618750 0.114062 0.206250
2 0.578125 0.519531 0.162500 0.164062
1 0.811719 0.378125 0.117188 0.118750
1 0.900781 0.500000 0.126562 0.159375
1 0.708594 0.485938 0.145313 0.115625
2 0.992188 0.510156 0.015625 0.023438
2 0.990625 0.478906 0.018750 0.026562
1 0.650781 0.356250 0.173437 0.171875
1 0.694531 0.249219 0.076563 0.079687
1 0.769531 0.272656 0.095312 0.123438
1 0.955469 0.028906 0.082812 0.057813
1 0.985938 0.212500 0.028125 0.109375
1 0.910937 0.138281 0.087500 0.073438
1 0.951562 0.208594 0.071875 0.085938
1 0.864844 0.264062 0.120313 0.134375
1 0.895312 0.337500 0.062500 0.056250
2 0.924219 0.325000 0.151562 0.150000
