7 0.553906 0.947656 0.189062 0.104688
7 0.576562 0.878906 0.178125 0.182812
7 0.214844 0.994531 0.029687 0.010937
1 0.764062 0.917188 0.175000 0.165625
1 0.817187 0.838281 0.237500 0.195312
1 0.622656 0.761719 0.173437 0.179688
1 0.525781 0.674219 0.104688 0.114062
1 0.725000 0.698438 0.140625 0.193750
1 0.697656 0.524219 0.220312 0.198437
2 0.932031 0.614844 0.135937 0.132812
1 0.999219 0.618750 0.001563 0.003125
1 0.985938 0.575000 0.028125 0.056250
1 0.964844 0.512500 0.070312 0.087500
1 0.949219 0.297656 0.101562 0.223438
1 0.692969 0.370312 0.182812 0.159375
1 0.838281 0.358594 0.179688 0.173437
1 0.956250 0.433594 0.087500 0.076563
1 0.830469 0.249219 0.139063 0.114062
1 0.814063 0.151562 0.109375 0.153125
1 0.929688 0.164062 0.140625 0.159375
1 0.936719 0.065625 0.089063 0.093750
1 0.858594 0.063281 0.101562 0.126562
1 0.589844 0.285938 0.189062 0.200000
1 0.664062 0.129688 0.140625 0.168750
1 0.556250 0.110937 0.143750 0.150000
1 0.709375 0.042969 0.093750 0.085938
1 0.771875 0.009375 0.109375 0.018750
1 0.959375 0.025781 0.081250 0.051562
2 0.641406 0.014844 0.079687 0.029687
2 0.564063 0.015625 0.084375 0.031250
2 0.502344 0.002344 0.017188 0.004687
1 0.078906 0.737500 0.157812 0.165625
7 0.092188 0.626563 0.150000 0.125000
1 0.248438 0.612500 0.200000 0.193750
2 0.121094 0.489063 0.210938 0.225000
2 0.011719 0.627344 0.023438 0.048438
1 0.266406 0.478906 0.132812 0.164062
2 0.364063 0.448437 0.115625 0.206250
2 0.296875 0.403125 0.068750 0.053125
2 0.442969 0.469531 0.092188 0.226562
1 0.551562 0.476562 0.171875 0.134375
2 0.525781 0.378125 0.173437 0.121875
2 0.421875 0.260937 0.153125 0.112500
1 0.302344 0.224219 0.126562 0.167187
1 0.414062 0.110937 0.159375 0.162500
2 0.410938 0.203906 0.128125 0.085938
1 0.282813 0.072656 0.134375 0.145313
1 0.460156 0.010156 0.054688 0.020313
2 0.149219 0.109375 0.154688 0.181250
1 0.121094 0.007812 0.039062 0.015625
2 0.200000 0.007031 0.084375 0.014063
2 0.037500 0.318750 0.075000 0.103125
2 0.018750 0.377344 0.037500 0.054688
2 0.092969 0.281250 0.067187 0.100000
6 0.227344 0.282813 0.054688 0.056250
2 0.064844 0.050781 0.129688 0.101562
6 0.000000 0.742969 0.000000 0.001563
2 0.894531 0.757031 0.120313 0.182812
