2 0.920312 0.003906 0.025000 0.007812
2 0.749219 0.125000 0.114062 0.146875
1 0.997656 0.001563 0.004687 0.003125
1 0.966406 0.012500 0.060937 0.025000
2 0.674219 0.998437 0.010937 0.003125
1 0.888281 0.993750 0.042188 0.012500
1 0.910156 0.945312 0.179688 0.109375
2 0.984375 0.989062 0.031250 0.021875
1 0.735156 0.910937 0.160938 0.171875
1 0.628906 0.847656 0.210938 0.235937
1 0.471875 0.894531 0.184375 0.210938
1 0.325000 0.998437 0.009375 0.003125
1 0.039062 0.970313 0.065625 0.059375
1 0.013281 0.868750 0.026562 0.096875
1 0.309375 0.939844 0.115625 0.120313
1 0.202344 0.960156 0.185938 0.079687
1 0.198437 0.836719 0.171875 0.195312
2 0.066406 0.902344 0.101562 0.117188
4 0.082031 0.579688 0.092188 0.093750
4 0.121094 0.626563 0.114062 0.075000
4 0.042969 0.643750 0.085938 0.100000
2 0.145313 0.700781 0.162500 0.132812
6 0.194531 0.658594 0.048438 0.057813
1 0.350781 0.828125 0.148438 0.231250
2 0.330469 0.678125 0.076563 0.093750
2 0.319531 0.579688 0.126562 0.134375
1 0.402344 0.640625 0.117188 0.103125
1 0.495312 0.575781 0.253125 0.260937
1 0.651563 0.592187 0.175000 0.156250
1 0.800000 0.600000 0.150000 0.150000
1 0.464844 0.414844 0.135937 0.110937
2 0.351562 0.425000 0.121875 0.125000
2 0.289844 0.479687 0.126562 0.121875
2 0.175000 0.495312 0.140625 0.175000
2 0.106250 0.384375 0.134375 0.096875
2 0.053906 0.455469 0.107813 0.120313
2 0.858594 0.478906 0.179688 0.160938
2 0.370312 0.328125 0.131250 0.100000
2 0.185156 0.234375 0.148438 0.181250
2 0.107813 0.310937 0.115625 0.096875
2 0.168750 0.063281 0.137500 0.126562
2 0.125000 0.175781 0.128125 0.129688
1 0.098437 0.101562 0.096875 0.103125
1 0.311719 0.097656 0.164062 0.173437
1 0.382031 0.155469 0.092188 0.098437
1 0.425000 0.169531 0.187500 0.204687
1 0.275000 0.031250 0.143750 0.062500
2 0.465625 0.069531 0.106250 0.101562
1 0.711719 0.021875 0.060937 0.043750
1 0.647656 0.017969 0.089063 0.035937
1 0.548438 0.032031 0.118750 0.064062
2 0.560937 0.439063 0.090625 0.112500
4 0.604688 0.404687 0.062500 0.071875
2 0.745313 0.523438 0.084375 0.078125
4 0.481250 0.312500 0.159375 0.156250
2 0.525781 0.128906 0.129688 0.123438
7 0.989062 0.469531 0.003125 0.001563
7 0.954688 0.365625 0.090625 0.206250
2 0.010937 0.439063 0.021875 0.025000
6 0.106250 0.498437 0.050000 0.075000
2 0.575781 0.110937 0.110937 0.115625
2 0.637500 0.067969 0.125000 0.129688
6 0.663281 0.728906 0.145313 0.079687
