1 0.246875 0.942969 0.168750 0.114062
1 0.042969 0.950000 0.085938 0.100000
6 0.019531 0.074219 0.039062 0.048438
1 0.164062 0.081250 0.165625 0.162500
6 0.549219 0.149219 0.054688 0.064062
1 0.637500 0.120313 0.121875 0.106250
1 0.592187 0.075781 0.062500 0.073438
2 0.568750 0.180469 0.087500 0.098437
1 0.643750 0.251563 0.162500 0.150000
2 0.501563 0.264844 0.115625 0.120313
1 0.793750 0.421094 0.134375 0.107813
1 0.767188 0.330469 0.137500 0.132812
2 0.704688 0.299219 0.090625 0.098437
2 0.661719 0.418750 0.123438 0.118750
2 0.610938 0.328125 0.165625 0.131250
2 0.529687 0.366406 0.165625 0.126562
3 0.432812 0.731250 0.090625 0.096875
3 0.531250 0.681250 0.065625 0.065625
1 0.149219 0.953125 0.076563 0.093750
1 0.509375 0.996875 0.012500 0.006250
3 0.663281 0.960938 0.110937 0.078125
4 0.573438 0.884375 0.050000 0.062500
3 0.694531 0.063281 0.095312 0.104688
1 0.725781 0.002344 0.010937 0.004687
1 0.701562 0.007031 0.028125 0.014063
2 0.787500 0.138281 0.215625 0.276562
1 0.888281 0.029687 0.117188 0.059375
1 0.997656 0.512500 0.004687 0.009375
2 0.849219 0.267188 0.070312 0.150000
2 0.909375 0.340625 0.134375 0.109375
6 0.966406 0.545312 0.067187 0.065625
1 0.928125 0.408594 0.143750 0.189062
1 0.347656 0.989844 0.120313 0.020313
1 0.707812 0.779687 0.134375 0.137500
1 0.796875 0.974219 0.115625 0.051562
3 0.730469 0.982031 0.048438 0.035937
2 0.969531 0.846094 0.060937 0.092188
2 0.983594 0.783594 0.032813 0.085938
2 0.935937 0.753906 0.100000 0.145313
2 0.970313 0.038281 0.059375 0.076563
1 0.990625 0.266406 0.018750 0.076563
1 0.922656 0.276562 0.154688 0.121875
1 0.919531 0.139063 0.160938 0.218750
1 0.950000 0.674219 0.100000 0.148438
2 0.992969 0.592969 0.014063 0.048438
2 0.938281 0.541406 0.123438 0.142187
2 0.865625 0.553906 0.100000 0.132812
2 0.618750 0.678906 0.115625 0.085938
2 0.681250 0.639062 0.156250 0.156250
2 0.588281 0.557031 0.217188 0.179688
2 0.696875 0.498437 0.146875 0.143750
1 0.364063 0.015625 0.075000 0.031250
1 0.446875 0.048438 0.134375 0.096875
2 0.431250 0.103906 0.125000 0.120313
1 0.267188 0.064062 0.118750 0.128125
3 0.703906 0.983594 0.039062 0.032813
3 0.592969 0.990625 0.048438 0.018750
3 0.602344 0.942969 0.089063 0.101562
3 0.025000 0.028125 0.050000 0.056250
1 0.575781 0.025000 0.170313 0.050000
2 0.775000 0.002344 0.009375 0.004687
2 0.379688 0.961719 0.109375 0.076563
1 0.265625 0.849219 0.153125 0.101562
2 0.645312 0.882031 0.128125 0.095312
2 0.953906 0.948438 0.092188 0.103125
2 0.855469 0.906250 0.189062 0.187500
2 0.824219 0.665625 0.160938 0.165625
2 0.825000 0.769531 0.181250 0.123438
2 0.000781 0.987500 0.001563 0.003125
2 0.090625 0.960156 0.078125 0.079687
