2 0.967969 0.995313 0.017188 0.009375
1 0.990625 0.737500 0.018750 0.081250
2 0.992188 0.891406 0.015625 0.060937
2 0.971094 0.807031 0.057813 0.101562
1 0.629687 0.975781 0.112500 0.048438
4 0.903906 0.852344 0.082812 0.139063
4 0.942969 0.818750 0.114062 0.146875
1 0.451562 0.842187 0.246875 0.253125
1 0.157031 0.960156 0.179688 0.079687
1 0.289844 0.989844 0.054688 0.020313
2 0.082812 0.621094 0.165625 0.207813
2 0.042969 0.751563 0.085938 0.143750
2 0.149219 0.867969 0.220312 0.160938
2 0.231250 0.729688 0.256250 0.187500
2 0.312500 0.832812 0.153125 0.143750
2 0.423438 0.596094 0.118750 0.129688
1 0.520312 0.556250 0.121875 0.209375
1 0.764062 0.673438 0.121875 0.056250
2 0.889062 0.682813 0.178125 0.140625
1 0.942187 0.618750 0.115625 0.162500
1 0.984375 0.542188 0.031250 0.028125
2 0.086719 0.813281 0.067187 0.054688
2 0.020313 0.825781 0.040625 0.035937
2 0.021094 0.888281 0.042188 0.107813
4 0.018750 0.966406 0.037500 0.064062
1 0.625781 0.350781 0.214062 0.207813
1 0.782031 0.197656 0.179688 0.220312
1 0.429688 0.285938 0.218750 0.218750
1 0.778906 0.058594 0.164062 0.117188
1 0.650000 0.119531 0.171875 0.204687
1 0.558594 0.185156 0.239063 0.235937
2 0.920312 0.212500 0.128125 0.168750
1 0.974219 0.196875 0.051562 0.109375
1 0.831250 0.028125 0.125000 0.056250
1 0.906250 0.109375 0.103125 0.084375
1 0.925781 0.051562 0.145313 0.103125
1 0.042188 0.262500 0.084375 0.081250
4 0.020313 0.107813 0.040625 0.075000
1 0.467969 0.091406 0.104688 0.148438
1 0.373437 0.099219 0.134375 0.189062
1 0.453906 0.021875 0.135937 0.043750
1 0.365625 0.000000 0.003125 0.000000
1 0.017188 0.436719 0.034375 0.089063
1 0.987500 0.012500 0.025000 0.025000
4 0.548438 0.042188 0.131250 0.084375
