1 0.152344 0.984375 0.129688 0.031250
1 0.698438 0.934375 0.125000 0.131250
2 0.803125 0.994531 0.025000 0.010937
1 0.889062 0.975000 0.115625 0.050000
2 0.914844 0.934375 0.110937 0.100000
2 0.292187 0.613281 0.134375 0.126562
6 0.446875 0.296094 0.068750 0.057813
2 0.367188 0.376563 0.131250 0.118750
3 0.820312 0.373437 0.146875 0.084375
2 0.625000 0.796094 0.106250 0.092188
1 0.852344 0.716406 0.170313 0.176563
1 0.742188 0.623437 0.159375 0.125000
2 0.696094 0.710938 0.145313 0.115625
2 0.975000 0.941406 0.050000 0.085938
1 0.667188 0.104688 0.143750 0.128125
1 0.832812 0.570312 0.165625 0.121875
1 0.920312 0.589063 0.159375 0.153125
1 0.842969 0.480469 0.114062 0.089063
2 0.094531 0.510938 0.157812 0.159375
1 0.002344 0.763281 0.004687 0.010937
1 0.022656 0.636719 0.045312 0.051562
1 0.052344 0.567187 0.104688 0.137500
1 0.957031 0.153125 0.085938 0.134375
2 0.967187 0.982812 0.050000 0.034375
1 0.998437 0.986719 0.003125 0.004687
1 0.743750 0.758594 0.115625 0.057813
1 0.184375 0.850781 0.153125 0.145313
2 0.941406 0.851562 0.117188 0.137500
3 0.960156 0.789844 0.079687 0.101562
2 0.984375 0.771094 0.031250 0.051562
2 0.953906 0.713281 0.092188 0.095312
2 0.970313 0.645312 0.059375 0.134375
2 0.251563 0.345313 0.165625 0.150000
2 0.385937 0.764062 0.068750 0.093750
2 0.328906 0.696875 0.123438 0.112500
2 0.318750 0.790625 0.100000 0.115625
1 0.376563 0.960156 0.106250 0.079687
1 0.442188 0.988281 0.084375 0.023438
1 0.259375 0.956250 0.143750 0.087500
2 0.319531 0.892969 0.157812 0.139063
3 0.021875 0.975781 0.043750 0.048438
1 0.572656 0.928906 0.182812 0.142187
2 0.640625 0.872656 0.093750 0.104688
2 0.787500 0.960156 0.071875 0.079687
2 0.782031 0.882812 0.151562 0.084375
2 0.935156 0.453906 0.110937 0.060937
1 0.897656 0.226562 0.151562 0.143750
2 0.813281 0.932813 0.098437 0.071875
1 0.065625 0.046094 0.131250 0.092188
6 0.295312 0.061719 0.084375 0.123438
1 0.217188 0.000000 0.012500 0.000000
2 0.287500 0.167969 0.184375 0.126562
1 0.425000 0.080469 0.118750 0.160938
2 0.366406 0.253125 0.132812 0.112500
2 0.459375 0.203125 0.115625 0.093750
2 0.546875 0.083594 0.131250 0.164062
2 0.558594 0.258594 0.123438 0.073438
3 0.503906 0.238281 0.060937 0.060937
1 0.997656 0.439063 0.004687 0.015625
1 0.960938 0.303906 0.078125 0.179688
2 0.614062 0.024219 0.112500 0.048438
