1 0.864844 0.980469 0.117188 0.039062
1 0.953125 0.963281 0.093750 0.073438
1 0.738281 0.974219 0.123438 0.051562
1 0.906250 0.932031 0.093750 0.070312
1 0.798438 0.896875 0.178125 0.206250
1 0.671875 0.897656 0.175000 0.114062
1 0.660937 0.788281 0.175000 0.151562
1 0.486719 0.818750 0.167187 0.137500
1 0.731250 0.656250 0.171875 0.165625
1 0.466406 0.938281 0.164062 0.123438
1 0.509375 0.695312 0.128125 0.150000
1 0.826562 0.664062 0.203125 0.171875
2 0.493750 0.989062 0.050000 0.021875
2 0.403125 0.985156 0.031250 0.029687
4 0.364063 0.959375 0.090625 0.081250
1 0.898438 0.078906 0.140625 0.139063
1 0.838281 0.032813 0.139063 0.065625
1 0.828125 0.255469 0.131250 0.107813
1 0.682813 0.221875 0.106250 0.128125
1 0.655469 0.135156 0.126562 0.185938
1 0.565625 0.577344 0.200000 0.173437
1 0.610938 0.685937 0.096875 0.087500
2 0.763281 0.818750 0.070312 0.087500
2 0.560937 0.849219 0.090625 0.120313
1 0.265625 0.721094 0.115625 0.129688
2 0.380469 0.563281 0.189062 0.217188
1 0.156250 0.700000 0.137500 0.100000
3 0.186719 0.620313 0.135937 0.103125
2 0.196875 0.382031 0.218750 0.170313
2 0.169531 0.492188 0.082812 0.081250
4 0.437500 0.381250 0.146875 0.156250
4 0.415625 0.460938 0.156250 0.100000
4 0.301563 0.444531 0.109375 0.085938
4 0.289062 0.633594 0.068750 0.092188
4 0.120313 0.442188 0.078125 0.071875
4 0.291406 0.503906 0.070312 0.082812
1 0.136719 0.159375 0.129688 0.153125
1 0.260156 0.186719 0.167187 0.151562
3 0.232813 0.294531 0.068750 0.045312
4 0.376563 0.285156 0.090625 0.054688
2 0.470313 0.094531 0.287500 0.189062
2 0.039844 0.064062 0.079687 0.128125
1 0.318750 0.002344 0.015625 0.004687
1 0.678125 0.000781 0.009375 0.001563
1 0.635156 0.014063 0.032813 0.028125
1 0.592187 0.995313 0.065625 0.009375
1 0.740625 0.023438 0.103125 0.046875
