1 0.832812 0.076563 0.190625 0.153125
1 0.935937 0.145313 0.128125 0.184375
1 0.867969 0.245312 0.129688 0.143750
2 0.956250 0.039844 0.087500 0.079687
1 0.999219 0.262500 0.001563 0.006250
1 0.554688 0.011719 0.062500 0.023438
1 0.162500 0.018750 0.131250 0.037500
1 0.316406 0.063281 0.214062 0.126562
2 0.526563 0.057813 0.162500 0.096875
1 0.488281 0.178906 0.179688 0.185938
1 0.720313 0.214062 0.225000 0.231250
1 0.639844 0.132812 0.145313 0.137500
1 0.614844 0.298438 0.189062 0.200000
1 0.243750 0.090625 0.168750 0.118750
1 0.189062 0.125781 0.168750 0.123438
1 0.183594 0.215625 0.195312 0.156250
1 0.338281 0.215625 0.145313 0.159375
1 0.385156 0.291406 0.173437 0.173437
1 0.384375 0.117188 0.121875 0.100000
3 0.145313 0.306250 0.087500 0.090625
2 0.135937 0.434375 0.162500 0.175000
2 0.209375 0.348438 0.068750 0.093750
2 0.587500 0.610938 0.293750 0.240625
2 0.927344 0.591406 0.145313 0.154688
2 0.812500 0.659375 0.212500 0.228125
2 0.495312 0.736719 0.184375 0.164062
2 0.681250 0.799219 0.290625 0.267188
4 0.507812 0.372656 0.078125 0.067187
4 0.558594 0.399219 0.070312 0.082812
4 0.469531 0.446875 0.145313 0.096875
1 0.207031 0.615625 0.242188 0.215625
1 0.456250 0.552344 0.115625 0.145313
2 0.335156 0.660937 0.104688 0.112500
2 0.324219 0.764062 0.095312 0.106250
1 0.175781 0.794531 0.214062 0.157812
1 0.159375 0.921875 0.190625 0.156250
6 0.379688 0.869531 0.075000 0.076563
6 0.284375 0.770312 0.037500 0.037500
2 0.291406 0.879687 0.107813 0.121875
1 0.918750 0.340625 0.109375 0.121875
2 0.972656 0.305469 0.054688 0.126562
4 0.968750 0.455469 0.062500 0.126562
4 0.998437 0.387500 0.003125 0.006250
1 0.909375 0.793750 0.162500 0.143750
1 0.839063 0.876563 0.090625 0.118750
6 0.981250 0.720313 0.037500 0.100000
3 0.441406 0.967187 0.110937 0.065625
1 0.592969 0.983594 0.085938 0.032813
1 0.866406 0.964844 0.098437 0.070312
2 0.667969 0.957031 0.120313 0.082812
2 0.768750 0.975000 0.203125 0.050000
1 0.972656 0.952344 0.054688 0.095312
2 0.052344 0.989062 0.092188 0.021875
3 0.944531 0.957812 0.076563 0.084375
3 0.384375 0.955469 0.115625 0.089063
2 0.288281 0.982031 0.123438 0.035937
2 0.282031 0.955469 0.082812 0.060937
6 0.014063 0.983594 0.028125 0.032813
2 0.053906 0.757031 0.107813 0.242188
1 0.025781 0.607812 0.051562 0.271875
2 0.053125 0.366406 0.106250 0.101562
2 0.050781 0.246875 0.101562 0.175000
1 0.023438 0.193750 0.046875 0.090625
1 0.003906 0.136719 0.007812 0.023438
3 0.087500 0.110156 0.081250 0.095312
1 0.035156 0.020313 0.070312 0.040625
1 0.018750 0.085938 0.037500 0.093750
