1 0.996875 0.001563 0.006250 0.003125
2 0.363281 0.042969 0.207813 0.085938
1 0.187500 0.060156 0.087500 0.092188
3 0.098437 0.078125 0.121875 0.131250
3 0.256250 0.195312 0.118750 0.096875
3 0.018750 0.208594 0.037500 0.098437
4 0.047656 0.914062 0.095312 0.140625
1 0.007812 0.788281 0.015625 0.079687
1 0.133594 0.792188 0.229687 0.268750
6 0.117188 0.974219 0.096875 0.051562
3 0.396094 0.968750 0.132812 0.062500
2 0.481250 0.842187 0.203125 0.218750
2 0.260156 0.807031 0.064062 0.120313
2 0.232813 0.992188 0.059375 0.015625
2 0.606250 0.932031 0.209375 0.135937
1 0.777344 0.817187 0.132812 0.134375
1 0.667188 0.819531 0.143750 0.117188
1 0.707031 0.729688 0.129688 0.103125
1 0.820312 0.647656 0.168750 0.117188
1 0.389844 0.714844 0.126562 0.135937
1 0.317969 0.647656 0.114062 0.085938
1 0.537500 0.733594 0.087500 0.095312
6 0.589844 0.671094 0.145313 0.151562
6 0.467969 0.577344 0.054688 0.039062
6 0.289844 0.773438 0.032813 0.040625
2 0.432812 0.523438 0.087500 0.096875
2 0.425000 0.615625 0.128125 0.096875
2 0.543750 0.492969 0.209375 0.207813
2 0.651563 0.574219 0.093750 0.160938
2 0.609375 0.444531 0.137500 0.132812
2 0.466406 0.332813 0.120313 0.137500
2 0.308594 0.289844 0.079687 0.107813
3 0.396094 0.275781 0.085938 0.101562
1 0.749219 0.407813 0.270313 0.243750
1 0.876563 0.496094 0.103125 0.132812
1 0.960156 0.527344 0.079687 0.089063
1 0.899219 0.342187 0.089063 0.134375
1 0.946875 0.409375 0.106250 0.100000
1 0.951562 0.306250 0.096875 0.150000
1 0.924219 0.157031 0.151562 0.204687
1 0.980469 0.060156 0.039062 0.104688
2 0.926562 0.857031 0.106250 0.085938
2 0.966406 0.905469 0.067187 0.073438
1 0.735938 0.568750 0.109375 0.125000
