2 0.618750 0.132031 0.190625 0.164062
2 0.750000 0.257031 0.178125 0.182812
2 0.850781 0.820312 0.098437 0.106250
1 0.510938 0.756250 0.190625 0.228125
6 0.432812 0.919531 0.121875 0.085938
1 0.179688 0.754687 0.109375 0.134375
2 0.128906 0.310937 0.154688 0.165625
2 0.081250 0.403906 0.162500 0.223438
2 0.048438 0.613281 0.096875 0.117188
1 0.124219 0.554688 0.173437 0.218750
1 0.299219 0.558594 0.229687 0.123438
1 0.259375 0.660937 0.190625 0.162500
1 0.395313 0.507031 0.256250 0.198437
1 0.307812 0.389844 0.218750 0.235937
6 0.080469 0.998437 0.007812 0.003125
2 0.067187 0.932813 0.134375 0.134375
2 0.525000 0.189844 0.093750 0.160938
2 0.611719 0.350000 0.173437 0.137500
2 0.577344 0.530469 0.260937 0.235937
2 0.807031 0.580469 0.114062 0.089063
4 0.627344 0.929688 0.104688 0.078125
5 0.822656 0.954688 0.179688 0.090625
2 0.761719 0.952344 0.095312 0.095312
4 0.782031 0.890625 0.057813 0.068750
6 0.981250 0.996875 0.037500 0.006250
6 0.957031 0.975000 0.085938 0.050000
2 0.590625 0.991406 0.081250 0.017188
2 0.449219 0.957812 0.204687 0.084375
2 0.185938 0.965625 0.115625 0.068750
2 0.252344 0.996094 0.064062 0.007812
2 0.204687 0.857031 0.118750 0.129688
2 0.230469 0.792188 0.001563 0.000000
2 0.227344 0.791406 0.004687 0.001563
2 0.121875 0.903906 0.118750 0.154688
1 0.325000 0.733594 0.203125 0.192188
2 0.393750 0.617969 0.106250 0.104688
1 0.333594 0.889062 0.242188 0.159375
2 0.848437 0.019531 0.100000 0.039062
1 0.300000 0.182031 0.331250 0.273438
1 0.257031 0.051562 0.245312 0.103125
2 0.623437 0.036719 0.268750 0.073438
2 0.503125 0.049219 0.100000 0.098437
