2 0.944531 0.941406 0.110937 0.117188
2 0.996875 0.928906 0.006250 0.032813
2 0.732812 0.805469 0.218750 0.182812
2 0.789062 0.906250 0.128125 0.143750
2 0.995313 0.665625 0.009375 0.034375
7 0.864844 0.617188 0.157812 0.153125
7 0.942969 0.484375 0.114062 0.168750
1 0.024219 0.995313 0.035937 0.009375
1 0.061719 0.989844 0.035937 0.020313
1 0.153906 0.951562 0.160938 0.096875
1 0.178906 0.866406 0.126562 0.107813
1 0.250781 0.773438 0.173437 0.212500
1 0.062500 0.933594 0.125000 0.101562
2 0.013281 0.719531 0.026562 0.039062
2 0.469531 0.741406 0.164062 0.142187
7 0.025000 0.295312 0.050000 0.109375
1 0.324219 0.528125 0.120313 0.118750
7 0.333594 0.446875 0.123438 0.096875
1 0.450781 0.422656 0.107813 0.101562
1 0.613281 0.451562 0.195312 0.203125
1 0.632031 0.727344 0.145313 0.139063
6 0.700781 0.528125 0.073438 0.081250
1 0.899219 0.342187 0.120313 0.159375
1 0.656250 0.237500 0.118750 0.162500
7 0.421875 0.253125 0.137500 0.115625
7 0.476562 0.221094 0.087500 0.089063
7 0.051562 0.137500 0.103125 0.171875
7 0.026562 0.064844 0.053125 0.092188
2 0.796094 0.495312 0.129688 0.153125
7 0.128125 0.183594 0.134375 0.148438
2 0.385156 0.048438 0.142187 0.096875
7 0.877344 0.182812 0.117188 0.131250
7 0.732031 0.128906 0.107813 0.085938
6 0.935937 0.075781 0.053125 0.048438
2 0.215625 0.010156 0.081250 0.020313
1 0.318750 0.264844 0.090625 0.110937
2 0.362500 0.096094 0.081250 0.085938
6 0.473438 0.000000 0.000000 0.000000
6 0.453906 0.013281 0.010937 0.026562
6 0.343750 0.154688 0.025000 0.037500
7 0.945312 0.010937 0.093750 0.021875
7 0.975781 0.321094 0.048438 0.042188
2 0.748437 0.568750 0.103125 0.059375
