1 0.032031 0.059375 0.064062 0.118750
1 0.060156 0.221875 0.120313 0.190625
1 0.062500 0.339062 0.125000 0.125000
1 0.110937 0.282031 0.125000 0.151562
2 0.328125 0.007031 0.034375 0.014063
1 0.172656 0.001563 0.042188 0.003125
1 0.103125 0.000781 0.003125 0.001563
1 0.256250 0.039062 0.128125 0.078125
1 0.460156 0.043750 0.204687 0.087500
1 0.428125 0.146875 0.184375 0.162500
1 0.524219 0.123438 0.160938 0.184375
1 0.609375 0.194531 0.118750 0.098437
6 0.553125 0.271875 0.153125 0.159375
1 0.075781 0.455469 0.151562 0.198437
1 0.169531 0.446875 0.098437 0.196875
1 0.010937 0.478125 0.021875 0.134375
1 0.117188 0.613281 0.234375 0.198437
2 0.242969 0.723437 0.264062 0.268750
2 0.076563 0.746094 0.109375 0.160938
1 0.012500 0.688281 0.025000 0.067187
1 0.002344 0.632812 0.004687 0.018750
2 0.243750 0.895312 0.231250 0.140625
1 0.400781 0.969531 0.195312 0.060937
2 0.623437 0.925781 0.128125 0.148438
1 0.396094 0.771875 0.179688 0.143750
1 0.539844 0.774219 0.148438 0.170313
2 0.986719 0.989062 0.026562 0.021875
1 0.775000 0.665625 0.165625 0.121875
2 0.772656 0.377344 0.142187 0.164062
2 0.878125 0.463281 0.084375 0.120313
2 0.878125 0.357812 0.143750 0.109375
2 0.182031 0.083594 0.239063 0.167187
