2 0.064062 0.997656 0.015625 0.004687
2 0.146875 0.970313 0.143750 0.059375
2 0.246094 0.939844 0.129688 0.120313
1 0.351562 0.956250 0.109375 0.087500
7 0.990625 0.978906 0.018750 0.042188
2 0.463281 0.947656 0.101562 0.104688
2 0.527344 0.973437 0.054688 0.053125
2 0.568750 0.991406 0.043750 0.017188
1 0.418750 0.997656 0.021875 0.004687
1 0.503125 0.867969 0.134375 0.107813
2 0.891406 0.707031 0.070312 0.085938
2 0.928906 0.651563 0.035937 0.040625
2 0.830469 0.992188 0.042188 0.015625
2 0.936719 0.948438 0.067187 0.071875
2 0.885156 0.990625 0.073438 0.018750
2 0.853906 0.963281 0.082812 0.067187
2 0.507812 0.791406 0.071875 0.082812
1 0.955469 0.839844 0.089063 0.129688
1 0.867188 0.767969 0.096875 0.101562
2 0.967969 0.671875 0.064062 0.106250
2 0.938281 0.619531 0.064062 0.048438
2 0.942969 0.585156 0.060937 0.073438
2 0.967969 0.576562 0.048438 0.068750
2 0.703125 0.777344 0.043750 0.073438
2 0.846094 0.842969 0.076563 0.098437
2 0.850781 0.919531 0.032813 0.051562
2 0.833594 0.928906 0.048438 0.073438
2 0.794531 0.676562 0.039062 0.059375
2 0.767969 0.686719 0.054688 0.054688
2 0.748437 0.716406 0.056250 0.064062
2 0.589063 0.765625 0.059375 0.081250
6 0.653125 0.746875 0.056250 0.040625
2 0.521094 0.667188 0.145313 0.100000
2 0.636719 0.469531 0.079687 0.067187
2 0.663281 0.422656 0.060937 0.054688
1 0.630469 0.643750 0.139063 0.156250
1 0.661719 0.564844 0.076563 0.085938
1 0.691406 0.511719 0.110937 0.089063
1 0.721875 0.604688 0.078125 0.100000
1 0.748437 0.471094 0.096875 0.098437
6 0.526563 0.705469 0.125000 0.082812
2 0.780469 0.611719 0.054688 0.082812
2 0.766406 0.548438 0.076563 0.125000
2 0.405469 0.750000 0.073438 0.084375
1 0.330469 0.763281 0.101562 0.164062
2 0.275781 0.700781 0.064062 0.095312
2 0.253906 0.796875 0.101562 0.090625
2 0.221875 0.718750 0.100000 0.059375
2 0.211719 0.765625 0.073438 0.056250
2 0.033594 0.728125 0.067187 0.109375
2 0.069531 0.763281 0.076563 0.070312
2 0.208594 0.656250 0.101562 0.087500
2 0.070312 0.663281 0.059375 0.057813
2 0.157812 0.932031 0.043750 0.051562
2 0.111719 0.860938 0.173437 0.153125
2 0.147656 0.757812 0.114062 0.109375
2 0.083594 0.957031 0.054688 0.064062
2 0.025000 0.847656 0.050000 0.142187
2 0.019531 0.977344 0.039062 0.045312
2 0.471094 0.502344 0.104688 0.095312
2 0.365625 0.496094 0.084375 0.082812
2 0.700000 0.345313 0.059375 0.065625
2 0.734375 0.377344 0.062500 0.079687
2 0.934375 0.175781 0.093750 0.076563
1 0.903125 0.360156 0.134375 0.095312
1 0.948438 0.291406 0.103125 0.117188
1 0.824219 0.458594 0.064062 0.060937
2 0.866406 0.451562 0.073438 0.078125
2 0.882031 0.482031 0.054688 0.076563
2 0.905469 0.486719 0.042188 0.070312
2 0.989062 0.465625 0.021875 0.046875
2 0.999219 0.441406 0.001563 0.001563
2 0.994531 0.420312 0.010937 0.037500
6 0.615625 0.271875 0.053125 0.059375
1 0.440625 0.423438 0.090625 0.071875
1 0.682813 0.206250 0.081250 0.100000
1 0.247656 0.595313 0.089063 0.100000
1 0.260937 0.537500 0.096875 0.056250
1 0.230469 0.422656 0.073438 0.104688
2 0.132031 0.649219 0.060937 0.042188
2 0.097656 0.293750 0.085938 0.053125
1 0.209375 0.238281 0.093750 0.107813
1 0.128906 0.228125 0.082812 0.109375
1 0.039062 0.235937 0.078125 0.106250
2 0.115625 0.338281 0.071875 0.060937
2 0.191406 0.174219 0.076563 0.045312
2 0.138281 0.164062 0.079687 0.106250
2 0.237500 0.300000 0.056250 0.075000
1 0.294531 0.368750 0.082812 0.075000
1 0.058594 0.471094 0.117188 0.135937
2 0.183594 0.425781 0.064062 0.095312
2 0.268750 0.450781 0.056250 0.048438
2 0.171875 0.482812 0.031250 0.040625
2 0.010156 0.154688 0.020313 0.056250
1 0.245312 0.072656 0.075000 0.114062
2 0.028906 0.152344 0.057813 0.089063
1 0.277344 0.128125 0.054688 0.112500
2 0.013281 0.557031 0.026562 0.048438
2 0.105469 0.604688 0.042188 0.062500
2 0.002344 0.649219 0.004687 0.023438
1 0.165625 0.582031 0.115625 0.114062
1 0.260156 0.016406 0.073438 0.032813
2 0.331250 0.040625 0.103125 0.081250
2 0.627344 0.103906 0.132812 0.123438
1 0.735156 0.053125 0.101562 0.106250
1 0.546094 0.017969 0.092188 0.035937
2 0.974219 0.423438 0.051562 0.065625
2 0.951562 0.497656 0.081250 0.110937
2 0.914844 0.020313 0.057813 0.040625
2 0.950781 0.017188 0.048438 0.034375
2 0.981250 0.019531 0.037500 0.039062
2 0.842969 0.142969 0.098437 0.051562
2 0.696875 0.139063 0.065625 0.053125
