1 0.492188 0.038281 0.090625 0.076563
2 0.297656 0.057031 0.129688 0.114062
2 0.371094 0.012500 0.079687 0.025000
1 0.170313 0.015625 0.103125 0.031250
1 0.093750 0.048438 0.125000 0.096875
2 0.182812 0.382031 0.125000 0.117188
1 0.212500 0.498437 0.106250 0.112500
2 0.389844 0.626563 0.157812 0.209375
6 0.381250 0.703906 0.021875 0.014063
1 0.255469 0.998437 0.035937 0.003125
1 0.383594 0.919531 0.164062 0.114062
1 0.022656 0.560156 0.045312 0.123438
2 0.607031 0.773438 0.117188 0.115625
1 0.866406 0.933594 0.104688 0.117188
2 0.803125 0.833594 0.100000 0.082812
1 0.866406 0.760156 0.067187 0.079687
1 0.916406 0.315625 0.167187 0.321875
1 0.473438 0.994531 0.015625 0.010937
1 0.577344 0.916406 0.267188 0.167187
1 0.683594 0.857031 0.192188 0.182812
1 0.775000 0.716406 0.225000 0.167187
2 0.352344 0.410156 0.051562 0.089063
6 0.621094 0.004687 0.010937 0.009375
1 0.737500 0.159375 0.134375 0.190625
1 0.367969 0.192188 0.164062 0.165625
2 0.412500 0.110937 0.096875 0.159375
2 0.616406 0.212500 0.120313 0.115625
2 0.607031 0.121094 0.135937 0.092188
2 0.550000 0.066406 0.150000 0.132812
2 0.526563 0.155469 0.115625 0.101562
1 0.754687 0.939844 0.106250 0.120313
6 0.888281 0.797656 0.029687 0.023438
2 0.821094 0.006250 0.014063 0.012500
2 0.860938 0.023438 0.050000 0.046875
2 0.509375 0.753906 0.175000 0.117188
6 0.611719 0.682813 0.057813 0.068750
6 0.638281 0.646094 0.045312 0.051562
1 0.586719 0.547656 0.117188 0.135937
1 0.489844 0.539062 0.120313 0.150000
1 0.403906 0.489063 0.101562 0.081250
1 0.535156 0.397656 0.139063 0.148438
1 0.767969 0.313281 0.185938 0.160938
1 0.610938 0.388281 0.128125 0.179688
1 0.679688 0.460938 0.200000 0.171875
2 0.475000 0.384375 0.187500 0.156250
2 0.289062 0.369531 0.021875 0.026562
2 0.332813 0.346875 0.034375 0.043750
2 0.978906 0.461719 0.042188 0.117188
2 0.920312 0.531250 0.109375 0.090625
2 0.958594 0.645312 0.082812 0.078125
2 0.869531 0.607812 0.110937 0.109375
1 0.978125 0.750000 0.043750 0.056250
2 0.982812 0.702344 0.034375 0.057813
1 0.811719 0.385937 0.092188 0.093750
2 0.488281 0.193750 0.098437 0.087500
