1 0.934375 0.885156 0.115625 0.129688
1 0.900781 0.516406 0.123438 0.123438
1 0.930469 0.582812 0.139063 0.106250
2 0.842969 0.614062 0.098437 0.075000
2 0.816406 0.571094 0.089063 0.042188
2 0.730469 0.800000 0.176563 0.121875
2 0.603906 0.932813 0.114062 0.134375
2 0.539062 0.807031 0.150000 0.117188
7 0.561719 0.947656 0.139063 0.104688
7 0.693750 0.998437 0.006250 0.003125
2 0.201563 0.830469 0.087500 0.142187
1 0.221875 0.746094 0.090625 0.104688
1 0.171094 0.906250 0.132812 0.118750
2 0.482031 0.222656 0.132812 0.145313
1 0.371875 0.197656 0.143750 0.114062
1 0.249219 0.097656 0.192188 0.154688
1 0.291406 0.061719 0.285938 0.123438
1 0.417969 0.005469 0.045312 0.010937
2 0.819531 0.926562 0.167187 0.146875
6 0.990625 0.086719 0.018750 0.035937
2 0.971875 0.182031 0.056250 0.107813
2 0.978125 0.434375 0.043750 0.121875
5 0.841406 0.407813 0.129688 0.121875
5 0.782031 0.353906 0.164062 0.123438
2 0.120313 0.053125 0.103125 0.106250
1 0.066406 0.288281 0.132812 0.204687
2 0.027344 0.404687 0.054688 0.087500
2 0.928906 0.109375 0.142187 0.100000
2 0.796875 0.095312 0.118750 0.153125
1 0.160938 0.636719 0.156250 0.151562
1 0.034375 0.651563 0.068750 0.134375
2 0.023438 0.854688 0.046875 0.081250
2 0.029687 0.920312 0.059375 0.050000
2 0.077344 0.930469 0.095312 0.104688
2 0.105469 0.975781 0.104688 0.048438
2 0.028125 0.970313 0.056250 0.059375
2 0.014844 0.732812 0.029687 0.031250
2 0.023438 0.775000 0.046875 0.059375
2 0.108594 0.460938 0.210938 0.212500
2 0.050781 0.546875 0.101562 0.137500
2 0.230469 0.449219 0.098437 0.107813
1 0.583594 0.512500 0.139063 0.112500
2 0.609375 0.605469 0.175000 0.110937
2 0.710938 0.646875 0.087500 0.050000
1 0.623437 0.700000 0.096875 0.118750
2 0.707812 0.688281 0.071875 0.051562
2 0.796875 0.647656 0.081250 0.057813
