2 0.794531 0.920312 0.210938 0.159375
1 0.783594 0.758594 0.242188 0.214062
2 0.956250 0.578125 0.087500 0.168750
2 0.960156 0.438281 0.079687 0.173437
4 0.967187 0.675000 0.065625 0.068750
4 0.991406 0.628125 0.017188 0.018750
6 0.636719 0.392188 0.223438 0.234375
2 0.888281 0.162500 0.223438 0.190625
2 0.987500 0.230469 0.025000 0.023438
2 0.985938 0.198437 0.028125 0.021875
2 0.998437 0.168750 0.003125 0.003125
2 0.944531 0.097656 0.110937 0.129688
2 0.996094 0.080469 0.007812 0.032813
2 0.999219 0.046094 0.001563 0.001563
2 0.965625 0.022656 0.068750 0.045312
4 0.923438 0.003125 0.015625 0.006250
4 0.810156 0.045312 0.204687 0.090625
4 0.699219 0.005469 0.014063 0.010937
1 0.527344 0.682031 0.304688 0.270313
2 0.713281 0.525000 0.114062 0.115625
2 0.619531 0.592187 0.123438 0.109375
2 0.158594 0.000000 0.001563 0.000000
2 0.610156 0.055469 0.139063 0.110937
3 0.743750 0.114844 0.096875 0.095312
2 0.483594 0.073438 0.151562 0.146875
1 0.282031 0.084375 0.257812 0.168750
1 0.138281 0.092969 0.160938 0.185938
1 0.160156 0.221094 0.082812 0.120313
2 0.038281 0.085938 0.076563 0.171875
2 0.075000 0.235937 0.150000 0.171875
2 0.096094 0.153906 0.085938 0.076563
2 0.007031 0.276562 0.014063 0.034375
2 0.006250 0.233594 0.012500 0.048438
1 0.078125 0.360938 0.156250 0.131250
4 0.277344 0.326562 0.273438 0.175000
1 0.273438 0.435937 0.178125 0.218750
1 0.386719 0.445312 0.173437 0.243750
1 0.477344 0.511719 0.098437 0.085938
1 0.350000 0.611719 0.221875 0.160938
1 0.340625 0.734375 0.103125 0.118750
4 0.028125 0.428906 0.056250 0.120313
2 0.091406 0.572656 0.182812 0.229687
2 0.232813 0.528125 0.153125 0.150000
1 0.310156 0.800781 0.107813 0.101562
1 0.208594 0.856250 0.142187 0.125000
1 0.082031 0.904687 0.164062 0.190625
1 0.021094 0.971094 0.042188 0.057813
1 0.324219 0.919531 0.351562 0.160938
1 0.539844 0.821094 0.204687 0.173437
6 0.387500 0.853906 0.071875 0.073438
2 0.604688 0.919531 0.203125 0.160938
