1 0.717187 0.332031 0.115625 0.095312
1 0.996094 0.248438 0.007812 0.018750
1 0.859375 0.421875 0.206250 0.143750
1 0.937500 0.778906 0.125000 0.151562
1 0.956250 0.656250 0.087500 0.143750
2 0.785156 0.962500 0.073438 0.075000
1 0.710156 0.646875 0.223438 0.190625
1 0.512500 0.397656 0.140625 0.142187
6 0.054688 0.128906 0.059375 0.070312
4 0.016406 0.136719 0.032813 0.076563
4 0.000000 0.079687 0.000000 0.012500
3 0.003125 0.196875 0.006250 0.018750
3 0.006250 0.167969 0.012500 0.020313
5 0.050781 0.348438 0.101562 0.143750
1 0.035937 0.576562 0.071875 0.165625
2 0.764844 0.789062 0.098437 0.084375
2 0.750000 0.894531 0.156250 0.148438
1 0.722656 0.983594 0.057813 0.032813
2 0.176563 0.082812 0.159375 0.143750
1 0.429688 0.437500 0.165625 0.250000
3 0.037500 0.238281 0.075000 0.095312
2 0.507812 0.220312 0.071875 0.068750
2 0.470313 0.285938 0.118750 0.093750
3 0.377344 0.302344 0.098437 0.098437
4 0.297656 0.266406 0.095312 0.179688
3 0.389062 0.217188 0.184375 0.131250
1 0.117188 0.291406 0.153125 0.170313
1 0.204687 0.372656 0.112500 0.142187
6 0.092969 0.039062 0.035937 0.078125
2 0.108594 0.012500 0.048438 0.025000
2 0.043750 0.048438 0.087500 0.096875
1 0.061719 0.460938 0.123438 0.121875
1 0.107031 0.521875 0.129688 0.184375
2 0.252344 0.515625 0.198437 0.196875
3 0.291406 0.403906 0.095312 0.085938
5 0.814844 0.105469 0.229687 0.210938
2 0.727344 0.014844 0.026562 0.029687
6 0.967969 0.010937 0.064062 0.021875
4 0.951562 0.038281 0.062500 0.057813
4 0.965625 0.086719 0.068750 0.064062
2 0.611719 0.093750 0.239063 0.187500
1 0.607812 0.226562 0.246875 0.209375
2 0.378125 0.140625 0.206250 0.109375
2 0.451562 0.072656 0.196875 0.145313
2 0.164062 0.013281 0.112500 0.026562
2 0.249219 0.035156 0.098437 0.070312
1 0.899219 0.270313 0.176563 0.237500
1 0.792969 0.284375 0.173437 0.168750
3 0.843750 0.683594 0.128125 0.073438
1 0.052344 0.820312 0.104688 0.184375
1 0.124219 0.722656 0.248438 0.245312
1 0.340625 0.756250 0.184375 0.146875
2 0.480469 0.748437 0.126562 0.125000
6 0.503125 0.660156 0.178125 0.107813
2 0.547656 0.717969 0.110937 0.151562
2 0.616406 0.743750 0.092188 0.100000
2 0.850781 0.542969 0.151562 0.164062
2 0.935937 0.584375 0.128125 0.150000
2 0.621094 0.953125 0.135937 0.093750
1 0.636719 0.889062 0.123438 0.156250
1 0.515625 0.891406 0.296875 0.217188
1 0.458594 0.999219 0.001563 0.001563
1 0.373437 0.968750 0.121875 0.062500
2 0.182812 0.953906 0.118750 0.092188
1 0.310156 0.865625 0.157812 0.162500
1 0.225781 0.883594 0.201563 0.232813
2 0.402344 0.619531 0.110937 0.110937
2 0.394531 0.672656 0.179688 0.120313
2 0.680469 0.743750 0.073438 0.090625
