2 0.129688 0.956250 0.146875 0.087500
2 0.068750 0.953125 0.087500 0.093750
2 0.063281 0.548438 0.126562 0.150000
2 0.336719 0.958594 0.104688 0.082812
2 0.200000 0.928125 0.075000 0.109375
7 0.396094 0.206250 0.114062 0.187500
7 0.478906 0.228125 0.092188 0.131250
2 0.343750 0.279687 0.096875 0.081250
2 0.300000 0.259375 0.090625 0.090625
2 0.013281 0.371094 0.026562 0.045312
2 0.018750 0.334375 0.037500 0.062500
2 0.003906 0.287500 0.007812 0.031250
2 0.068750 0.253125 0.137500 0.190625
2 0.106250 0.339844 0.168750 0.135937
2 0.334375 0.160938 0.084375 0.062500
2 0.369531 0.344531 0.145313 0.120313
2 0.437500 0.439844 0.165625 0.148438
2 0.417969 0.539844 0.139063 0.085938
7 0.309375 0.422656 0.112500 0.132812
2 0.452344 0.721875 0.151562 0.137500
2 0.369531 0.671094 0.095312 0.067187
2 0.281250 0.525781 0.106250 0.107813
2 0.241406 0.502344 0.076563 0.070312
7 0.441406 0.628125 0.085938 0.093750
7 0.482031 0.607812 0.064062 0.062500
7 0.538281 0.587500 0.085938 0.112500
7 0.135937 0.516406 0.075000 0.085938
2 0.494531 0.171094 0.123438 0.129688
2 0.599219 0.111719 0.092188 0.082812
7 0.746875 0.144531 0.193750 0.195312
2 0.675781 0.250781 0.195312 0.101562
2 0.899219 0.177344 0.157812 0.129688
7 0.850781 0.234375 0.114062 0.081250
6 0.830469 0.282813 0.110937 0.081250
2 0.996094 0.307031 0.007812 0.051562
2 0.559375 0.331250 0.159375 0.134375
2 0.714063 0.414062 0.131250 0.118750
2 0.567187 0.955469 0.165625 0.089063
7 0.476562 0.815625 0.093750 0.087500
2 0.218750 0.767969 0.153125 0.089063
7 0.013281 0.640625 0.026562 0.062500
7 0.532813 0.483594 0.068750 0.064062
2 0.677344 0.669531 0.198437 0.245312
2 0.926562 0.701562 0.146875 0.284375
2 0.763281 0.571094 0.192188 0.167187
2 0.567969 0.385937 0.089063 0.050000
2 0.832031 0.479687 0.104688 0.137500
2 0.992188 0.403125 0.015625 0.018750
7 0.960938 0.376563 0.078125 0.103125
7 0.963281 0.419531 0.060937 0.054688
7 0.957812 0.483594 0.084375 0.089063
6 0.978906 0.277344 0.042188 0.082812
2 0.307812 0.208594 0.084375 0.073438
2 0.242188 0.215625 0.075000 0.106250
