3 0.174219 0.022656 0.079687 0.045312
3 0.323437 0.025000 0.128125 0.050000
3 0.740625 0.034375 0.168750 0.068750
3 0.883594 0.022656 0.123438 0.045312
3 0.242188 0.085156 0.128125 0.114062
3 0.117188 0.142187 0.143750 0.150000
3 0.149219 0.277344 0.151562 0.129688
3 0.293750 0.205469 0.162500 0.173437
3 0.414844 0.128906 0.173437 0.189062
3 0.510938 0.064844 0.143750 0.129688
3 0.671094 0.157031 0.220312 0.220312
3 0.594531 0.050781 0.082812 0.101562
3 0.972656 0.045312 0.054688 0.090625
3 0.897656 0.177344 0.189062 0.164062
3 0.774219 0.398438 0.207813 0.200000
3 0.539062 0.361719 0.140625 0.126562
3 0.420312 0.290625 0.096875 0.100000
3 0.485156 0.511719 0.151562 0.164062
3 0.271875 0.310937 0.084375 0.062500
3 0.340625 0.407031 0.150000 0.139063
3 0.592187 0.589844 0.109375 0.104688
3 0.514844 0.677344 0.117188 0.101562
3 0.482031 0.281250 0.042188 0.046875
3 0.868750 0.525781 0.100000 0.104688
3 0.934375 0.374219 0.093750 0.089063
3 0.937500 0.297656 0.125000 0.089063
3 0.995313 0.431250 0.009375 0.031250
3 0.999219 0.388281 0.001563 0.007812
