2 0.031250 0.789062 0.062500 0.125000
1 0.093750 0.943750 0.168750 0.112500
1 0.122656 0.813281 0.151562 0.148438
3 0.040625 0.650781 0.081250 0.089063
1 0.889844 0.964063 0.157812 0.071875
1 0.978906 0.968750 0.042188 0.062500
3 0.335156 0.970313 0.079687 0.059375
3 0.396875 0.945312 0.075000 0.109375
3 0.454688 0.959375 0.075000 0.081250
2 0.697656 0.843750 0.214062 0.228125
3 0.332813 0.920312 0.118750 0.087500
3 0.378125 0.873437 0.075000 0.053125
1 0.515625 0.826562 0.134375 0.162500
1 0.423438 0.790625 0.140625 0.134375
1 0.498437 0.715625 0.134375 0.140625
1 0.377344 0.646094 0.198437 0.220312
1 0.413281 0.441406 0.220312 0.235937
1 0.468750 0.565625 0.081250 0.106250
1 0.527344 0.541406 0.120313 0.195312
1 0.156250 0.710938 0.131250 0.112500
2 0.232813 0.742188 0.093750 0.112500
3 0.027344 0.576562 0.054688 0.106250
3 0.058594 0.539844 0.085938 0.135937
3 0.114844 0.510938 0.082812 0.059375
3 0.133594 0.573438 0.104688 0.115625
1 0.250781 0.553125 0.160938 0.190625
1 0.207813 0.403125 0.250000 0.203125
1 0.357812 0.384375 0.081250 0.090625
1 0.193750 0.271875 0.103125 0.134375
1 0.135156 0.339062 0.120313 0.153125
1 0.049219 0.350781 0.095312 0.135937
1 0.018750 0.175781 0.037500 0.089063
1 0.059375 0.267969 0.118750 0.176563
1 0.519531 0.360938 0.095312 0.109375
1 0.579688 0.264062 0.165625 0.168750
3 0.611719 0.750000 0.117188 0.078125
2 0.632812 0.607031 0.162500 0.235937
1 0.846875 0.823438 0.087500 0.118750
1 0.874219 0.748437 0.082812 0.087500
1 0.787500 0.656250 0.240625 0.196875
1 0.568750 0.458594 0.100000 0.101562
1 0.962500 0.512500 0.075000 0.337500
1 0.883594 0.467187 0.176563 0.243750
1 0.710156 0.466406 0.289062 0.251563
1 0.760938 0.265625 0.240625 0.212500
4 0.989844 0.629687 0.020313 0.090625
2 0.429688 0.185938 0.265625 0.221875
1 0.668750 0.125781 0.196875 0.179688
1 0.539062 0.098437 0.165625 0.196875
1 0.279687 0.075000 0.175000 0.131250
6 0.914844 0.099219 0.092188 0.104688
2 0.103125 0.036719 0.206250 0.073438
2 0.071875 0.123438 0.143750 0.112500
3 0.474219 0.042969 0.070312 0.085938
2 0.665625 0.024219 0.234375 0.048438
1 0.542969 0.003125 0.023438 0.006250
6 0.090625 0.065625 0.137500 0.106250
3 0.244531 0.187500 0.107813 0.068750
2 0.389844 0.040625 0.120313 0.081250
