1 0.015625 0.869531 0.031250 0.107813
1 0.063281 0.916406 0.126562 0.167187
2 0.096094 0.987500 0.032813 0.025000
2 0.129688 0.952344 0.090625 0.095312
2 0.021094 0.694531 0.042188 0.082812
2 0.061719 0.653125 0.123438 0.103125
2 0.099219 0.792969 0.082812 0.070312
1 0.010937 0.596094 0.021875 0.073438
1 0.010156 0.077344 0.020313 0.054688
1 0.116406 0.063281 0.092188 0.107813
1 0.211719 0.075000 0.114062 0.134375
2 0.139063 0.027344 0.093750 0.054688
2 0.092188 0.249219 0.134375 0.182812
1 0.017969 0.125781 0.035937 0.060937
2 0.032813 0.409375 0.065625 0.103125
2 0.221094 0.551562 0.151562 0.153125
2 0.289844 0.620313 0.139063 0.159375
1 0.422656 0.613281 0.160938 0.157812
1 0.190625 0.978125 0.090625 0.043750
2 0.260937 0.978125 0.059375 0.043750
2 0.353125 0.903906 0.103125 0.073438
1 0.446094 0.458594 0.126562 0.123438
2 0.548438 0.450000 0.093750 0.084375
2 0.553906 0.375000 0.085938 0.046875
2 0.514062 0.196875 0.075000 0.078125
2 0.307031 0.171094 0.151562 0.192188
1 0.424219 0.142969 0.142187 0.167187
1 0.425000 0.034375 0.078125 0.062500
1 0.288281 0.021094 0.073438 0.042188
1 0.346875 0.012500 0.046875 0.025000
1 0.710156 0.010937 0.057813 0.021875
1 0.637500 0.023438 0.084375 0.046875
1 0.758594 0.978906 0.064062 0.042188
1 0.957031 0.962500 0.085938 0.075000
2 0.937500 0.830469 0.125000 0.220312
2 0.829688 0.808594 0.093750 0.123438
4 0.829688 0.938281 0.131250 0.123438
1 0.707812 0.830469 0.187500 0.189062
1 0.632812 0.907813 0.190625 0.159375
2 0.682031 0.710938 0.232813 0.131250
1 0.569531 0.653906 0.123438 0.114062
3 0.805469 0.696875 0.120313 0.140625
2 0.386719 0.386719 0.092188 0.098437
2 0.503906 0.027344 0.060937 0.054688
2 0.744531 0.267969 0.067187 0.082812
2 0.632031 0.277344 0.148438 0.114062
1 0.822656 0.261719 0.107813 0.107813
2 0.851562 0.325781 0.078125 0.057813
2 0.763281 0.322656 0.079687 0.082812
2 0.893750 0.270313 0.046875 0.053125
3 0.979688 0.262500 0.040625 0.075000
3 0.640625 0.450000 0.068750 0.071875
6 0.816406 0.497656 0.148438 0.129688
1 0.717969 0.573438 0.135937 0.134375
3 0.784375 0.594531 0.071875 0.085938
7 0.741406 0.410156 0.089063 0.092188
3 0.871875 0.123438 0.050000 0.043750
3 0.814063 0.064844 0.093750 0.060937
6 0.998437 0.392969 0.003125 0.017188
6 0.995313 0.361719 0.009375 0.017188
7 0.020313 0.251563 0.040625 0.125000
1 0.509375 0.498437 0.000000 0.000000
1 0.510156 0.497656 0.001563 0.001563
1 0.592187 0.533594 0.203125 0.160938
