1 0.158594 0.996875 0.023438 0.006250
2 0.134375 0.935156 0.118750 0.129688
2 0.259375 0.971875 0.100000 0.050000
1 0.492188 0.697656 0.168750 0.201563
2 0.634375 0.725781 0.159375 0.157812
1 0.764844 0.996094 0.039062 0.007812
4 0.067187 0.794531 0.115625 0.076563
2 0.871094 0.942187 0.104688 0.087500
1 0.136719 0.249219 0.192188 0.142187
3 0.177344 0.124219 0.201563 0.189062
3 0.137500 0.030469 0.128125 0.060937
2 0.279687 0.174219 0.187500 0.204687
1 0.363281 0.225781 0.120313 0.123438
3 0.557813 0.414062 0.215625 0.212500
3 0.426563 0.364844 0.121875 0.132812
2 0.615625 0.213281 0.218750 0.245312
1 0.783594 0.203125 0.229687 0.184375
1 0.863281 0.789844 0.139063 0.170313
1 0.833594 0.670312 0.117188 0.184375
1 0.867188 0.540625 0.140625 0.112500
1 0.805469 0.388281 0.248438 0.248438
1 0.880469 0.291406 0.220312 0.223438
1 0.938281 0.410156 0.123438 0.154688
1 0.968750 0.476562 0.062500 0.093750
1 0.992969 0.322656 0.014063 0.095312
2 0.718750 0.891406 0.190625 0.195312
1 0.765625 0.599219 0.159375 0.251563
1 0.703906 0.719531 0.089063 0.101562
1 0.506250 0.942969 0.109375 0.114062
1 0.013281 0.622656 0.026562 0.089063
1 0.040625 0.532813 0.081250 0.112500
1 0.109375 0.592187 0.143750 0.150000
1 0.085156 0.706250 0.142187 0.118750
1 0.313281 0.651563 0.076563 0.100000
1 0.210156 0.624219 0.067187 0.082812
1 0.382812 0.963281 0.146875 0.073438
1 0.012500 0.996094 0.025000 0.007812
1 0.044531 0.994531 0.039062 0.010937
2 0.009375 0.841406 0.018750 0.039062
2 0.010937 0.789844 0.021875 0.073438
1 0.589844 0.921875 0.120313 0.137500
1 0.558594 0.999219 0.001563 0.001563
1 0.581250 0.997656 0.018750 0.004687
2 0.774219 0.942187 0.123438 0.115625
2 0.970313 0.904687 0.059375 0.134375
3 0.971875 0.982031 0.056250 0.035937
3 0.896875 0.984375 0.056250 0.031250
1 0.985938 0.784375 0.028125 0.068750
2 0.025781 0.271875 0.051562 0.112500
1 0.054688 0.096875 0.109375 0.193750
1 0.091406 0.424219 0.182812 0.176563
2 0.010937 0.353125 0.021875 0.071875
2 0.245312 0.025000 0.143750 0.050000
2 0.401562 0.251563 0.218750 0.218750
2 0.449219 0.096875 0.248438 0.193750
2 0.629687 0.049219 0.218750 0.098437
2 0.578906 0.128906 0.076563 0.120313
