1 0.279687 0.956250 0.143750 0.087500
1 0.445312 0.969531 0.203125 0.060937
2 0.716406 0.627344 0.135937 0.082812
2 0.475000 0.661719 0.143750 0.120313
2 0.349219 0.696094 0.170313 0.242188
2 0.565625 0.564844 0.125000 0.092188
2 0.593750 0.432031 0.181250 0.198437
2 0.804688 0.496875 0.212500 0.225000
2 0.689063 0.543750 0.103125 0.115625
2 0.763281 0.374219 0.101562 0.101562
2 0.694531 0.396094 0.082812 0.164062
2 0.918750 0.600781 0.134375 0.148438
2 0.971094 0.563281 0.057813 0.082812
7 0.926562 0.748437 0.146875 0.146875
6 0.903906 0.371094 0.101562 0.104688
2 0.867188 0.114062 0.125000 0.106250
2 0.849219 0.210156 0.135937 0.126562
2 0.931250 0.166406 0.078125 0.051562
2 0.593750 0.063281 0.228125 0.126562
1 0.596875 0.181250 0.193750 0.187500
1 0.923438 0.054688 0.103125 0.109375
2 0.957031 0.142187 0.085938 0.062500
2 0.963281 0.087500 0.073438 0.106250
7 0.791406 0.270313 0.170313 0.140625
7 0.454688 0.391406 0.175000 0.207813
1 0.225000 0.540625 0.196875 0.250000
1 0.251563 0.368750 0.228125 0.243750
2 0.397656 0.203906 0.220312 0.201563
1 0.415625 0.046875 0.209375 0.093750
1 0.167969 0.850781 0.245312 0.267188
2 0.001563 0.605469 0.003125 0.023438
1 0.066406 0.597656 0.132812 0.126562
1 0.035937 0.503906 0.071875 0.114062
1 0.094531 0.254688 0.154688 0.171875
1 0.043750 0.283594 0.087500 0.207813
1 0.000000 0.444531 0.000000 0.014063
1 0.024219 0.139844 0.048438 0.092188
1 0.039844 0.035156 0.079687 0.070312
2 0.943750 0.229687 0.112500 0.131250
2 0.681250 0.269531 0.071875 0.073438
2 0.350000 0.527344 0.112500 0.157812
