7 0.741406 0.996875 0.014063 0.006250
1 0.999219 0.996094 0.001563 0.001563
1 0.994531 0.953906 0.010937 0.045312
1 0.896875 0.968750 0.081250 0.062500
1 0.941406 0.826562 0.114062 0.134375
7 0.808594 0.964844 0.126562 0.070312
7 0.826562 0.894531 0.059375 0.079687
7 0.717969 0.975781 0.051562 0.048438
7 0.697656 0.949219 0.039062 0.054688
7 0.670312 0.977344 0.050000 0.045312
7 0.773438 0.912500 0.065625 0.075000
7 0.611719 0.890625 0.048438 0.075000
1 0.677344 0.591406 0.048438 0.032813
1 0.720313 0.585938 0.056250 0.043750
7 0.950000 0.308594 0.100000 0.095312
7 0.877344 0.635156 0.051562 0.064062
1 0.875781 0.910937 0.067187 0.071875
7 0.981250 0.742188 0.037500 0.078125
6 0.580469 0.762500 0.054688 0.053125
