1 0.112500 0.998437 0.009375 0.003125
1 0.043750 0.989062 0.068750 0.021875
1 0.209375 0.930469 0.146875 0.139063
1 0.340625 0.953906 0.153125 0.092188
1 0.278125 0.921094 0.078125 0.085938
1 0.450000 0.975781 0.081250 0.048438
1 0.993750 0.769531 0.012500 0.051562
1 0.989062 0.721875 0.021875 0.040625
2 0.942969 0.635156 0.114062 0.123438
2 0.988281 0.310156 0.023438 0.079687
2 0.946875 0.332813 0.106250 0.156250
2 0.970313 0.041406 0.059375 0.082812
6 0.938281 0.767969 0.123438 0.132812
1 0.747656 0.631250 0.254688 0.293750
1 0.614062 0.679688 0.146875 0.121875
1 0.575781 0.593750 0.135937 0.134375
1 0.589063 0.489063 0.162500 0.106250
1 0.793750 0.508594 0.115625 0.098437
1 0.468750 0.632812 0.109375 0.100000
1 0.434375 0.519531 0.187500 0.173437
2 0.873437 0.553906 0.159375 0.151562
2 0.620313 0.364844 0.200000 0.185938
1 0.714844 0.471875 0.114062 0.068750
1 0.700781 0.407031 0.126562 0.123438
1 0.775781 0.422656 0.060937 0.085938
1 0.767188 0.350000 0.090625 0.081250
1 0.865625 0.303906 0.159375 0.179688
1 0.758594 0.283594 0.110937 0.114062
2 0.739062 0.229687 0.115625 0.100000
2 0.864062 0.171094 0.153125 0.154688
2 0.817969 0.096094 0.098437 0.092188
3 0.725000 0.121094 0.153125 0.142187
1 0.657813 0.045312 0.162500 0.090625
1 0.486719 0.061719 0.201563 0.123438
2 0.381250 0.014844 0.034375 0.029687
2 0.343750 0.012500 0.018750 0.025000
2 0.461719 0.748437 0.195312 0.156250
2 0.572656 0.889062 0.198437 0.221875
2 0.142187 0.822656 0.115625 0.114062
2 0.199219 0.754687 0.198437 0.178125
6 0.109375 0.869531 0.131250 0.085938
1 0.123438 0.544531 0.190625 0.210938
1 0.209375 0.398438 0.178125 0.156250
1 0.241406 0.510156 0.101562 0.135937
1 0.334375 0.458594 0.156250 0.176563
1 0.343750 0.190625 0.221875 0.193750
1 0.404687 0.292187 0.137500 0.196875
1 0.508594 0.331250 0.098437 0.150000
2 0.550000 0.138281 0.121875 0.120313
1 0.079687 0.294531 0.153125 0.164062
1 0.117188 0.141406 0.196875 0.214062
1 0.037500 0.094531 0.075000 0.079687
2 0.074219 0.039062 0.148438 0.078125
6 0.588281 0.230469 0.210938 0.170313
2 0.027344 0.357031 0.054688 0.142187
2 0.227344 0.053125 0.123438 0.106250
1 0.000781 0.789062 0.001563 0.021875
2 0.643750 0.171875 0.093750 0.096875
1 0.020313 0.221875 0.040625 0.146875
7 0.022656 0.503125 0.045312 0.128125
1 0.732031 0.035156 0.076563 0.070312
1 0.839063 0.041406 0.093750 0.082812
