1 0.193750 0.048438 0.143750 0.096875
1 0.250781 0.028906 0.076563 0.057813
3 0.074219 0.058594 0.079687 0.117188
2 0.242969 0.145313 0.167187 0.203125
2 0.333594 0.007812 0.042188 0.015625
1 0.157812 0.199219 0.118750 0.129688
2 0.153906 0.560156 0.307812 0.282813
2 0.034375 0.430469 0.068750 0.117188
2 0.086719 0.710938 0.107813 0.112500
2 0.205469 0.846875 0.264062 0.231250
2 0.064844 0.853125 0.089063 0.125000
6 0.025781 0.896094 0.051562 0.101562
7 0.334375 0.997656 0.015625 0.004687
7 0.402344 0.960156 0.120313 0.079687
2 0.527344 0.862500 0.179688 0.218750
6 0.686719 0.968750 0.092188 0.062500
2 0.753906 0.953906 0.092188 0.092188
1 0.761719 0.882031 0.070312 0.079687
1 0.451562 0.826562 0.037500 0.046875
2 0.359375 0.728906 0.243750 0.289062
2 0.151562 0.410938 0.081250 0.087500
1 0.809375 0.440625 0.096875 0.181250
2 0.511719 0.022656 0.142187 0.045312
2 0.928125 0.082812 0.143750 0.165625
2 0.964063 0.003125 0.021875 0.006250
2 0.914062 0.001563 0.065625 0.003125
5 0.986719 0.013281 0.026562 0.026562
2 0.961719 0.467969 0.076563 0.104688
2 0.966406 0.399219 0.067187 0.070312
3 0.914062 0.355469 0.171875 0.154688
6 0.967969 0.211719 0.064062 0.117188
6 0.916406 0.566406 0.051562 0.064062
2 0.876563 0.811719 0.059375 0.073438
2 0.820312 0.777344 0.184375 0.157812
1 0.945312 0.837500 0.109375 0.121875
1 0.957812 0.725781 0.084375 0.085938
1 0.869531 0.945312 0.160938 0.109375
1 0.985938 0.949219 0.028125 0.101562
2 0.795312 0.634375 0.131250 0.096875
2 0.863281 0.620313 0.139063 0.131250
