1 0.003125 0.822656 0.006250 0.051562
1 0.009375 0.756250 0.018750 0.068750
2 0.387500 0.929688 0.231250 0.140625
6 0.048438 0.896094 0.096875 0.073438
6 0.110156 0.890625 0.095312 0.106250
1 0.200781 0.671094 0.151562 0.139063
1 0.413281 0.637500 0.107813 0.106250
1 0.396094 0.562500 0.073438 0.087500
1 0.315625 0.572656 0.096875 0.089063
2 0.314844 0.614844 0.164062 0.107813
1 0.482812 0.438281 0.181250 0.176563
2 0.014844 0.539062 0.029687 0.043750
2 0.000781 0.498437 0.001563 0.012500
6 0.001563 0.677344 0.003125 0.004687
1 0.056250 0.133594 0.112500 0.145313
2 0.127344 0.053906 0.170313 0.107813
2 0.046094 0.007031 0.020313 0.014063
2 0.017969 0.036719 0.035937 0.054688
2 0.142969 0.464844 0.126562 0.154688
6 0.001563 0.367969 0.003125 0.020313
1 0.274219 0.487500 0.114062 0.143750
1 0.352344 0.432812 0.067187 0.115625
2 0.338281 0.230469 0.064062 0.114062
6 0.279687 0.199219 0.103125 0.070312
2 0.396094 0.062500 0.132812 0.125000
2 0.317969 0.028125 0.070312 0.056250
1 0.514844 0.987500 0.067187 0.025000
1 0.558594 0.895312 0.173437 0.209375
2 0.835938 0.882031 0.190625 0.167187
1 0.982812 0.957031 0.034375 0.085938
2 0.729688 0.951562 0.231250 0.096875
1 0.678906 0.846875 0.167187 0.156250
1 0.928906 0.827344 0.139063 0.126562
1 0.770312 0.765625 0.084375 0.140625
1 0.840625 0.751563 0.093750 0.112500
1 0.902344 0.665625 0.195312 0.209375
1 0.697656 0.584375 0.217188 0.209375
1 0.578906 0.621094 0.114062 0.129688
1 0.673438 0.718750 0.184375 0.134375
2 0.966406 0.749219 0.067187 0.114062
2 0.986719 0.651563 0.026562 0.078125
2 0.667969 0.387500 0.214062 0.200000
1 0.797656 0.325000 0.126562 0.103125
1 0.822656 0.396094 0.060937 0.070312
1 0.879687 0.384375 0.071875 0.084375
1 0.899219 0.443750 0.110937 0.137500
2 0.572656 0.042969 0.160938 0.085938
1 0.624219 0.092969 0.135937 0.110937
6 0.149219 0.167969 0.073438 0.089063
1 0.925000 0.174219 0.150000 0.220312
1 0.971094 0.383594 0.057813 0.201563
