1 0.007812 0.329688 0.015625 0.056250
1 0.003906 0.265625 0.007812 0.034375
1 0.013281 0.421875 0.026562 0.096875
1 0.064062 0.405469 0.128125 0.151562
6 0.617969 0.382031 0.064062 0.060937
2 0.790625 0.110156 0.168750 0.148438
1 0.872656 0.149219 0.151562 0.126562
2 0.562500 0.059375 0.171875 0.118750
2 0.682031 0.063281 0.129688 0.126562
1 0.606250 0.010937 0.068750 0.021875
2 0.996875 0.229687 0.006250 0.015625
2 0.400781 0.035937 0.185938 0.071875
2 0.425781 0.142969 0.229687 0.176563
2 0.599219 0.176563 0.170313 0.184375
1 0.244531 0.080469 0.198437 0.160938
2 0.746875 0.466406 0.178125 0.151562
1 0.400781 0.299219 0.170313 0.220312
1 0.540625 0.338281 0.218750 0.207813
2 0.639062 0.381250 0.006250 0.003125
2 0.659375 0.317969 0.121875 0.132812
2 0.712500 0.231250 0.071875 0.096875
2 0.763281 0.239844 0.104688 0.126562
