1 0.978906 0.549219 0.042188 0.107813
1 0.970313 0.428125 0.059375 0.165625
2 0.974219 0.258594 0.051562 0.170313
2 0.950781 0.704688 0.098437 0.225000
2 0.915625 0.885938 0.168750 0.150000
2 0.992188 0.796094 0.015625 0.023438
2 0.350000 0.868750 0.165625 0.153125
2 0.860938 0.459375 0.165625 0.125000
1 0.783594 0.360938 0.135937 0.168750
1 0.796875 0.221094 0.187500 0.135937
1 0.675781 0.303906 0.145313 0.154688
2 0.620313 0.416406 0.193750 0.189062
2 0.671094 0.525000 0.117188 0.081250
1 0.454688 0.590625 0.206250 0.259375
3 0.889062 0.281250 0.081250 0.053125
2 0.482031 0.885938 0.173437 0.215625
6 0.011719 0.960938 0.023438 0.046875
6 0.051562 0.901563 0.103125 0.068750
4 0.058594 0.975781 0.117188 0.048438
4 0.334375 0.721094 0.109375 0.170313
1 0.202344 0.285938 0.135937 0.150000
1 0.299219 0.347656 0.089063 0.082812
1 0.190625 0.476562 0.153125 0.150000
1 0.230469 0.422656 0.073438 0.064062
2 0.146094 0.353125 0.139063 0.171875
2 0.072656 0.300781 0.110937 0.132812
2 0.444531 0.232813 0.270313 0.253125
2 0.287500 0.088281 0.162500 0.157812
2 0.107813 0.157812 0.171875 0.178125
2 0.041406 0.203125 0.082812 0.093750
2 0.163281 0.013281 0.070312 0.026562
1 0.225781 0.038281 0.110937 0.076563
1 0.062500 0.060937 0.125000 0.121875
2 0.410156 0.091406 0.120313 0.067187
1 0.743750 0.138281 0.131250 0.135937
2 0.769531 0.056250 0.164062 0.112500
2 0.653125 0.074219 0.106250 0.076563
2 0.573438 0.152344 0.081250 0.082812
2 0.660156 0.029687 0.120313 0.059375
4 0.946094 0.220312 0.073438 0.068750
1 0.837500 0.150000 0.084375 0.078125
1 0.917969 0.108594 0.164062 0.217188
