7 0.075000 0.878906 0.087500 0.104688
7 0.030469 0.796094 0.060937 0.095312
7 0.020313 0.928125 0.040625 0.103125
7 0.035156 0.653906 0.070312 0.114062
2 0.008594 0.457813 0.017188 0.040625
7 0.196094 0.175781 0.060937 0.089063
2 0.007031 0.255469 0.014063 0.070312
1 0.060156 0.300781 0.120313 0.148438
2 0.017969 0.196875 0.035937 0.068750
2 0.139063 0.259375 0.106250 0.078125
2 0.149219 0.205469 0.073438 0.057813
2 0.084375 0.188281 0.103125 0.110937
1 0.035156 0.103906 0.070312 0.207813
1 0.072656 0.063281 0.110937 0.126562
2 0.556250 0.137500 0.059375 0.053125
4 0.020313 0.582812 0.040625 0.040625
1 0.292969 0.042188 0.151562 0.084375
7 0.688281 0.073438 0.057813 0.068750
7 0.645312 0.103906 0.075000 0.067187
