2 0.953125 0.539844 0.093750 0.089063
1 0.877344 0.453125 0.114062 0.196875
1 0.949219 0.439063 0.101562 0.153125
2 0.667969 0.864844 0.179688 0.120313
1 0.075000 0.678125 0.150000 0.287500
1 0.023438 0.491406 0.046875 0.117188
1 0.074219 0.353125 0.123438 0.168750
1 0.142187 0.260156 0.090625 0.095312
2 0.885938 0.875000 0.228125 0.250000
1 0.978125 0.872656 0.043750 0.073438
2 0.603906 0.956250 0.092188 0.087500
1 0.023438 0.983594 0.046875 0.032813
1 0.021875 0.154688 0.043750 0.159375
1 0.017969 0.040625 0.035937 0.071875
2 0.090625 0.025781 0.115625 0.051562
1 0.856250 0.725000 0.137500 0.081250
1 0.955469 0.765625 0.089063 0.143750
1 0.975781 0.806250 0.048438 0.090625
1 0.016406 0.006250 0.032813 0.012500
1 0.270313 0.105469 0.184375 0.164062
1 0.399219 0.002344 0.010937 0.004687
1 0.372656 0.007031 0.029687 0.014063
2 0.252344 0.228125 0.082812 0.078125
2 0.200781 0.264844 0.060937 0.064062
2 0.256250 0.021094 0.100000 0.042188
2 0.105469 0.474219 0.114062 0.089063
1 0.151562 0.384375 0.106250 0.125000
1 0.725000 0.453906 0.143750 0.154688
1 0.770312 0.551562 0.171875 0.175000
2 0.744531 0.954688 0.223438 0.090625
2 0.952344 0.998437 0.007812 0.003125
2 0.928125 0.589063 0.068750 0.075000
2 0.890625 0.642188 0.109375 0.131250
2 0.966406 0.653125 0.067187 0.078125
2 0.025000 0.906250 0.050000 0.053125
2 0.228906 0.795312 0.114062 0.109375
2 0.223438 0.886719 0.156250 0.151562
2 0.338281 0.714063 0.139063 0.075000
