2 0.003125 0.929688 0.006250 0.009375
1 0.078906 0.976562 0.095312 0.046875
2 0.339844 0.909375 0.098437 0.059375
2 0.000781 0.760938 0.001563 0.006250
1 0.503906 0.852344 0.210938 0.182812
2 0.600000 0.584375 0.168750 0.175000
6 0.559375 0.475000 0.118750 0.118750
1 0.120313 0.650781 0.200000 0.117188
7 0.799219 0.544531 0.120313 0.114062
7 0.883594 0.554688 0.073438 0.078125
6 0.760156 0.424219 0.154688 0.154688
6 0.846875 0.391406 0.075000 0.089063
2 0.881250 0.376563 0.200000 0.184375
2 0.951562 0.457031 0.096875 0.214062
2 0.443750 0.242969 0.225000 0.307812
2 0.103125 0.336719 0.193750 0.289062
1 0.253125 0.326562 0.196875 0.246875
1 0.042969 0.421094 0.085938 0.201563
2 0.197656 0.796094 0.110937 0.207813
7 0.128125 0.810937 0.090625 0.112500
2 0.556250 0.144531 0.109375 0.148438
2 0.961719 0.228125 0.076563 0.150000
1 0.855469 0.027344 0.135937 0.054688
1 0.966406 0.031250 0.067187 0.062500
1 0.743750 0.060156 0.115625 0.120313
1 0.803125 0.001563 0.006250 0.003125
1 0.446875 0.008594 0.056250 0.017188
2 0.643750 0.097656 0.146875 0.192188
2 0.445312 0.042188 0.150000 0.084375
4 0.374219 0.004687 0.026562 0.009375
4 0.339062 0.000781 0.006250 0.001563
1 0.047656 0.074219 0.095312 0.057813
1 0.012500 0.118750 0.025000 0.109375
1 0.571094 0.066406 0.176563 0.132812
