2 0.214844 0.273438 0.207813 0.137500
2 0.000000 0.432812 0.000000 0.006250
2 0.008594 0.407031 0.017188 0.026562
2 0.027344 0.182812 0.054688 0.075000
2 0.151562 0.171094 0.143750 0.104688
2 0.275000 0.182031 0.134375 0.117188
2 0.110156 0.117188 0.142187 0.106250
2 0.076563 0.060937 0.093750 0.084375
1 0.224219 0.056250 0.139063 0.112500
1 0.214844 0.121094 0.098437 0.064062
1 0.284375 0.086719 0.071875 0.089063
2 0.338281 0.078125 0.129688 0.156250
2 0.533594 0.145313 0.139063 0.131250
2 0.007031 0.007031 0.014063 0.014063
