2 0.702344 0.896875 0.104688 0.118750
2 0.768750 0.995313 0.009375 0.009375
2 0.717969 0.970313 0.079687 0.059375
4 0.763281 0.953125 0.104688 0.093750
7 0.818750 0.863281 0.109375 0.082812
2 0.704688 0.782813 0.056250 0.071875
2 0.835938 0.769531 0.128125 0.107813
2 0.858594 0.653125 0.060937 0.093750
7 0.768750 0.673438 0.115625 0.103125
6 0.786719 0.608594 0.089063 0.045312
1 0.807813 0.428906 0.171875 0.201563
1 0.546875 0.261719 0.175000 0.235937
1 0.515625 0.432812 0.109375 0.109375
6 0.567187 0.366406 0.050000 0.067187
4 0.375781 0.346875 0.204687 0.171875
4 0.082812 0.228125 0.106250 0.134375
3 0.248438 0.255469 0.059375 0.051562
2 0.201563 0.341406 0.175000 0.185938
2 0.020313 0.217188 0.040625 0.065625
2 0.069531 0.087500 0.139063 0.146875
2 0.265625 0.060937 0.075000 0.065625
7 0.249219 0.017188 0.110937 0.034375
7 0.119531 0.015625 0.089063 0.031250
2 0.397656 0.013281 0.051562 0.026562
2 0.446875 0.006250 0.050000 0.012500
1 0.327344 0.026562 0.064062 0.053125
