1 0.823438 0.978125 0.190625 0.043750
1 0.869531 0.878906 0.260937 0.207813
1 0.985938 0.796875 0.028125 0.100000
1 0.987500 0.717969 0.025000 0.045312
1 0.957031 0.594531 0.085938 0.204687
2 0.264062 0.992188 0.031250 0.015625
1 0.476562 0.946094 0.168750 0.107813
1 0.339844 0.882812 0.217188 0.234375
1 0.148438 0.925781 0.259375 0.148438
1 0.132812 0.806250 0.190625 0.178125
2 0.467187 0.858594 0.125000 0.157812
2 0.671875 0.864844 0.150000 0.132812
1 0.553125 0.777344 0.156250 0.120313
1 0.567969 0.657031 0.210938 0.185938
2 0.699219 0.614844 0.142187 0.173437
1 0.802344 0.675000 0.198437 0.168750
1 0.864844 0.517969 0.267188 0.251563
1 0.613281 0.500781 0.264062 0.176563
2 0.291406 0.689844 0.251563 0.164062
2 0.028906 0.985156 0.057813 0.029687
2 0.057813 0.700781 0.115625 0.164062
2 0.037500 0.833594 0.075000 0.135937
2 0.020313 0.939063 0.040625 0.081250
1 0.038281 0.223438 0.076563 0.140625
1 0.056250 0.274219 0.109375 0.104688
1 0.138281 0.225781 0.151562 0.173437
1 0.160156 0.313281 0.164062 0.235937
2 0.021875 0.469531 0.043750 0.089063
2 0.055469 0.392969 0.110937 0.176563
1 0.231250 0.379688 0.084375 0.112500
1 0.164844 0.457031 0.142187 0.110937
1 0.254688 0.467969 0.075000 0.079687
1 0.217969 0.536719 0.132812 0.095312
1 0.275000 0.600000 0.156250 0.081250
4 0.087500 0.482031 0.109375 0.085938
6 0.110937 0.553125 0.093750 0.068750
4 0.232031 0.790625 0.110937 0.137500
6 0.515625 0.823438 0.078125 0.075000
6 0.696875 0.760156 0.140625 0.126562
7 0.988281 0.198437 0.023438 0.071875
1 0.954688 0.296875 0.090625 0.156250
1 0.971875 0.082812 0.056250 0.137500
1 0.927344 0.023438 0.145313 0.046875
2 0.858594 0.051562 0.085938 0.103125
2 0.791406 0.135156 0.154688 0.129688
2 0.742188 0.088281 0.175000 0.176563
3 0.584375 0.305469 0.131250 0.120313
1 0.875000 0.180469 0.109375 0.154688
2 0.404687 0.148438 0.253125 0.218750
1 0.589844 0.056250 0.167187 0.112500
2 0.787500 0.000000 0.003125 0.000000
2 0.753125 0.008594 0.050000 0.017188
1 0.433594 0.425781 0.248438 0.292187
2 0.287500 0.057813 0.240625 0.115625
2 0.189062 0.124219 0.156250 0.151562
1 0.442188 0.008594 0.031250 0.017188
1 0.047656 0.129688 0.095312 0.100000
2 0.550000 0.192969 0.165625 0.198437
3 0.682031 0.291406 0.142187 0.135937
2 0.381250 0.533594 0.218750 0.279687
3 0.426563 0.749219 0.118750 0.139063
