1 0.052344 0.120313 0.104688 0.118750
1 0.190625 0.107031 0.153125 0.145313
2 0.136719 0.284375 0.160938 0.215625
2 0.030469 0.277344 0.060937 0.129688
1 0.035156 0.919531 0.070312 0.160938
6 0.151562 0.921094 0.106250 0.157812
1 0.032031 0.768750 0.064062 0.115625
1 0.728906 0.017188 0.145313 0.034375
1 0.817969 0.096875 0.264062 0.193750
2 0.882031 0.148438 0.085938 0.093750
2 0.956250 0.102344 0.087500 0.170313
5 0.655469 0.332031 0.164062 0.204687
5 0.661719 0.553125 0.157812 0.178125
5 0.626563 0.676562 0.093750 0.140625
5 0.426563 0.621094 0.212500 0.251563
5 0.307031 0.523438 0.235937 0.228125
5 0.446094 0.347656 0.242188 0.201563
1 0.912500 0.687500 0.121875 0.134375
1 0.862500 0.621875 0.100000 0.115625
2 0.794531 0.680469 0.120313 0.145313
2 0.725781 0.659375 0.139063 0.118750
6 0.820312 0.771094 0.090625 0.095312
7 0.648438 0.772656 0.168750 0.170313
2 0.657813 0.880469 0.115625 0.067187
2 0.762500 0.906250 0.128125 0.084375
1 0.625000 0.939844 0.103125 0.120313
2 0.355469 0.752344 0.210938 0.176563
1 0.268750 0.922656 0.125000 0.154688
1 0.093750 0.606250 0.187500 0.206250
6 0.174219 0.725781 0.026562 0.054688
1 0.921094 0.267188 0.157812 0.196875
1 0.775000 0.314844 0.150000 0.176563
2 0.850000 0.457813 0.181250 0.234375
2 0.915625 0.434375 0.100000 0.106250
2 0.779687 0.512500 0.115625 0.162500
5 0.289844 0.280469 0.148438 0.204687
1 0.240625 0.174219 0.171875 0.157812
1 0.417969 0.025000 0.095312 0.050000
2 0.376563 0.064062 0.159375 0.103125
1 0.265625 0.047656 0.140625 0.095312
1 0.969531 0.438281 0.060937 0.145313
2 0.964063 0.613281 0.071875 0.148438
2 0.906250 0.793750 0.175000 0.159375
1 0.997656 0.789062 0.004687 0.031250
1 0.974219 0.942969 0.051562 0.114062
1 0.890625 0.974219 0.093750 0.051562
5 0.485156 0.950781 0.120313 0.098437
5 0.394531 0.869531 0.139063 0.089063
5 0.361719 0.967969 0.095312 0.064062
7 0.117969 0.853125 0.110937 0.165625
1 0.246094 0.999219 0.004687 0.001563
1 0.279687 0.995313 0.040625 0.009375
2 0.981250 0.208594 0.037500 0.054688
5 0.421875 0.171094 0.184375 0.148438
2 0.160156 0.678906 0.154688 0.101562
2 0.711719 0.200000 0.170313 0.106250
1 0.568750 0.160156 0.143750 0.201563
