2 0.060937 0.998437 0.003125 0.003125
6 0.190625 0.949219 0.112500 0.101562
6 0.264844 0.939063 0.079687 0.121875
1 0.261719 0.566406 0.120313 0.085938
2 0.932031 0.810156 0.135937 0.214062
2 0.765625 0.887500 0.237500 0.225000
2 0.646094 0.996094 0.023438 0.007812
2 0.336719 0.766406 0.110937 0.154688
2 0.377344 0.837500 0.095312 0.071875
2 0.421875 0.745313 0.131250 0.209375
2 0.356250 0.664062 0.100000 0.137500
2 0.258594 0.667969 0.198437 0.220312
6 0.203125 0.504687 0.071875 0.081250
6 0.158594 0.292969 0.067187 0.079687
6 0.617188 0.428906 0.053125 0.070312
2 0.870313 0.300781 0.159375 0.179688
2 0.891406 0.189844 0.114062 0.101562
2 0.969531 0.265625 0.060937 0.146875
1 0.966406 0.141406 0.067187 0.157812
2 0.890625 0.952344 0.112500 0.095312
2 0.378125 0.916406 0.228125 0.167187
2 0.871875 0.063281 0.215625 0.126562
2 0.820312 0.163281 0.106250 0.210938
1 0.739844 0.204687 0.145313 0.206250
1 0.692969 0.306250 0.160938 0.250000
2 0.544531 0.250781 0.176563 0.220312
2 0.458594 0.327344 0.185938 0.185938
2 0.507812 0.423438 0.184375 0.200000
2 0.448437 0.520312 0.165625 0.143750
1 0.353906 0.526563 0.104688 0.187500
2 0.310937 0.427344 0.212500 0.204687
3 0.303906 0.332031 0.151562 0.132812
2 0.398438 0.162500 0.187500 0.178125
3 0.185938 0.132031 0.125000 0.098437
2 0.448437 0.043750 0.150000 0.087500
6 0.001563 0.000781 0.003125 0.001563
2 0.054688 0.127344 0.109375 0.092188
2 0.131250 0.065625 0.153125 0.131250
2 0.094531 0.375781 0.189062 0.139063
1 0.700000 0.096875 0.178125 0.193750
1 0.586719 0.093750 0.126562 0.115625
1 0.592187 0.022656 0.087500 0.045312
2 0.640625 0.028125 0.031250 0.056250
2 0.536719 0.028906 0.035937 0.057813
1 0.087500 0.470313 0.175000 0.184375
1 0.148438 0.560156 0.068750 0.067187
2 0.128906 0.625000 0.120313 0.128125
1 0.076563 0.728125 0.153125 0.350000
1 0.523438 0.713281 0.112500 0.098437
1 0.532031 0.629687 0.082812 0.068750
1 0.600781 0.689063 0.073438 0.065625
1 0.657813 0.659375 0.128125 0.181250
2 0.694531 0.572656 0.201563 0.301563
2 0.839844 0.691406 0.210938 0.164062
2 0.275781 0.035156 0.120313 0.070312
