2 0.973437 0.996094 0.028125 0.007812
2 0.918750 0.983594 0.050000 0.032813
2 0.788281 0.984375 0.107813 0.031250
2 0.566406 0.942187 0.104688 0.115625
2 0.116406 0.996094 0.010937 0.007812
6 0.649219 0.819531 0.114062 0.082812
4 0.732031 0.973437 0.057813 0.053125
7 0.966406 0.820312 0.067187 0.112500
7 0.918750 0.712500 0.162500 0.125000
2 0.828125 0.775000 0.100000 0.121875
2 0.717187 0.664844 0.168750 0.148438
7 0.996094 0.753906 0.007812 0.020313
2 0.574219 0.713281 0.145313 0.217188
6 0.415625 0.752344 0.221875 0.276562
7 0.313281 0.660937 0.085938 0.090625
7 0.741406 0.490625 0.067187 0.100000
2 0.777344 0.563281 0.082812 0.092188
1 0.279687 0.217188 0.143750 0.140625
1 0.446094 0.254688 0.220312 0.159375
2 0.378906 0.026562 0.110937 0.053125
7 0.926562 0.028125 0.146875 0.056250
1 0.167969 0.109375 0.245312 0.218750
