1 0.995313 0.258594 0.009375 0.032813
1 0.993750 0.217188 0.012500 0.046875
1 0.794531 0.478906 0.182812 0.145313
2 0.846094 0.376563 0.120313 0.118750
4 0.761719 0.414844 0.104688 0.079687
5 0.566406 0.253125 0.195312 0.221875
7 0.007031 0.223438 0.014063 0.087500
1 0.339844 0.514062 0.092188 0.096875
2 0.669531 0.482812 0.148438 0.134375
2 0.586719 0.462500 0.223438 0.181250
6 0.291406 0.650781 0.126562 0.117188
7 0.000781 0.497656 0.001563 0.017188
7 0.000781 0.471875 0.001563 0.012500
7 0.027344 0.553906 0.054688 0.114062
1 0.464844 0.523438 0.117188 0.146875
2 0.103125 0.574219 0.115625 0.098437
1 0.471875 0.731250 0.093750 0.112500
1 0.446875 0.824219 0.125000 0.089063
2 0.003125 0.908594 0.006250 0.014063
2 0.001563 0.887500 0.003125 0.018750
2 0.026562 0.956250 0.053125 0.087500
2 0.530469 0.966406 0.085938 0.067187
1 0.381250 0.956250 0.234375 0.087500
1 0.353125 0.864062 0.137500 0.137500
1 0.157812 0.666406 0.178125 0.173437
1 0.235156 0.776563 0.107813 0.109375
1 0.226562 0.896094 0.146875 0.157812
1 0.156250 0.966406 0.181250 0.067187
1 0.115625 0.881250 0.165625 0.187500
7 0.043750 0.934375 0.065625 0.059375
2 0.609375 0.614062 0.190625 0.140625
1 0.670312 0.777344 0.156250 0.179688
1 0.782031 0.994531 0.035937 0.010937
1 0.804688 0.855469 0.153125 0.117188
1 0.803906 0.930469 0.095312 0.079687
1 0.970313 0.932813 0.059375 0.090625
1 0.942187 0.880469 0.115625 0.114062
2 0.666406 0.931250 0.123438 0.137500
3 0.604688 0.993750 0.065625 0.012500
