1 0.044531 0.888281 0.089063 0.123438
1 0.012500 0.845313 0.025000 0.046875
1 0.033594 0.750781 0.067187 0.139063
1 0.049219 0.647656 0.054688 0.054688
1 0.103125 0.694531 0.115625 0.107813
2 0.921094 0.514844 0.157812 0.182812
1 0.951562 0.828125 0.096875 0.090625
2 0.911719 0.902344 0.098437 0.114062
2 0.744531 0.987500 0.029687 0.025000
2 0.793750 0.976562 0.100000 0.046875
2 0.610938 0.975000 0.093750 0.050000
2 0.652344 0.845313 0.135937 0.128125
2 0.846875 0.836719 0.090625 0.057813
2 0.587500 0.906250 0.062500 0.046875
2 0.753125 0.852344 0.100000 0.085938
7 0.201563 0.800000 0.115625 0.112500
7 0.269531 0.885938 0.189062 0.156250
1 0.692969 0.703906 0.129688 0.114062
7 0.981250 0.421094 0.037500 0.067187
6 0.966406 0.365625 0.048438 0.071875
6 0.986719 0.283594 0.026562 0.054688
2 0.870313 0.372656 0.231250 0.182812
2 0.950781 0.042188 0.098437 0.084375
2 0.980469 0.108594 0.039062 0.064062
1 0.759375 0.474219 0.203125 0.185938
1 0.620313 0.413281 0.175000 0.145313
1 0.594531 0.514062 0.157812 0.137500
1 0.364844 0.490625 0.110937 0.112500
1 0.303125 0.423438 0.096875 0.100000
1 0.218750 0.438281 0.100000 0.110937
2 0.268750 0.520312 0.078125 0.100000
2 0.158594 0.489844 0.145313 0.123438
1 0.124219 0.559375 0.123438 0.106250
1 0.205469 0.615625 0.120313 0.140625
2 0.048438 0.521875 0.096875 0.109375
2 0.012500 0.557813 0.025000 0.043750
6 0.026562 0.467187 0.053125 0.087500
1 0.088281 0.439844 0.089063 0.082812
1 0.148438 0.392188 0.103125 0.087500
2 0.053906 0.370312 0.107813 0.087500
2 0.497656 0.528906 0.051562 0.045312
2 0.614844 0.241406 0.110937 0.157812
2 0.003906 0.222656 0.007812 0.064062
7 0.110937 0.196094 0.121875 0.110937
1 0.148438 0.275781 0.128125 0.182812
1 0.241406 0.322656 0.148438 0.154688
1 0.494531 0.217188 0.117188 0.093750
1 0.345313 0.215625 0.090625 0.093750
2 0.251563 0.174219 0.106250 0.079687
2 0.296094 0.271094 0.092188 0.098437
6 0.219531 0.098437 0.054688 0.068750
1 0.044531 0.064062 0.089063 0.128125
1 0.163281 0.049219 0.167187 0.098437
2 0.575781 0.820312 0.092188 0.065625
2 0.486719 0.760156 0.107813 0.101562
1 0.869531 0.621875 0.107813 0.096875
1 0.889062 0.714844 0.078125 0.079687
4 0.995313 0.178906 0.009375 0.029687
