1 0.504687 0.994531 0.062500 0.010937
2 0.228906 0.925000 0.167187 0.150000
2 0.163281 0.965625 0.110937 0.068750
1 0.335938 0.817187 0.118750 0.112500
1 0.340625 0.730469 0.137500 0.107813
1 0.250000 0.774219 0.106250 0.123438
1 0.474219 0.817969 0.170313 0.157812
1 0.527344 0.713281 0.167187 0.151562
1 0.343750 0.531250 0.187500 0.143750
1 0.257812 0.594531 0.134375 0.160938
1 0.403125 0.686719 0.153125 0.151562
1 0.635156 0.803906 0.120313 0.126562
1 0.971094 0.870313 0.057813 0.118750
1 0.975781 0.961719 0.048438 0.076563
1 0.873437 0.919531 0.071875 0.114062
2 0.782813 0.894531 0.081250 0.070312
2 0.843750 0.800781 0.193750 0.151562
2 0.815625 0.929688 0.000000 0.000000
2 0.815625 0.928125 0.000000 0.003125
2 0.815625 0.924219 0.000000 0.004687
2 0.730469 0.956250 0.170313 0.087500
2 0.507031 0.956250 0.182812 0.087500
2 0.975781 0.692187 0.048438 0.081250
2 0.997656 0.650000 0.004687 0.009375
1 0.732031 0.564063 0.117188 0.112500
7 0.550000 0.393750 0.046875 0.037500
7 0.674219 0.303906 0.057813 0.054688
2 0.840625 0.631250 0.065625 0.059375
1 0.963281 0.603906 0.073438 0.089063
1 0.877344 0.570312 0.164062 0.118750
2 0.931250 0.504687 0.109375 0.100000
1 0.814063 0.416406 0.140625 0.135937
1 0.862500 0.362500 0.084375 0.115625
2 0.800000 0.151562 0.053125 0.071875
7 0.864844 0.165625 0.110937 0.134375
1 0.957812 0.054688 0.084375 0.109375
1 0.962500 0.136719 0.075000 0.082812
7 0.899219 0.321875 0.070312 0.068750
2 0.955469 0.417187 0.089063 0.109375
7 0.960938 0.253125 0.078125 0.121875
7 0.449219 0.475000 0.145313 0.125000
7 0.466406 0.410938 0.095312 0.059375
