1 0.151562 0.978125 0.081250 0.043750
2 0.378906 0.958594 0.154688 0.082812
1 0.181250 0.932031 0.137500 0.117188
1 0.271094 0.850781 0.201563 0.154688
2 0.262500 0.710156 0.153125 0.167187
2 0.392188 0.710156 0.156250 0.198437
2 0.116406 0.718750 0.220312 0.256250
2 0.512500 0.707812 0.143750 0.165625
4 0.839844 0.928125 0.117188 0.143750
2 0.973437 0.924219 0.053125 0.151562
2 0.917969 0.872656 0.135937 0.098437
2 0.027344 0.602344 0.054688 0.089063
2 0.000000 0.550781 0.000000 0.010937
2 0.084375 0.452344 0.168750 0.226562
2 0.099219 0.554688 0.145313 0.134375
2 0.005469 0.351562 0.010937 0.015625
2 0.000000 0.335156 0.000000 0.004687
2 0.216406 0.571875 0.179688 0.165625
2 0.046094 0.300781 0.092188 0.101562
4 0.242969 0.361719 0.107813 0.110937
2 0.660937 0.407813 0.225000 0.250000
1 0.436719 0.250000 0.332813 0.293750
1 0.648438 0.160938 0.128125 0.153125
1 0.994531 0.428906 0.010937 0.017188
1 0.942969 0.349219 0.114062 0.110937
4 0.692187 0.236719 0.106250 0.092188
2 0.625781 0.037500 0.195312 0.075000
2 0.021094 0.192188 0.042188 0.128125
3 0.077344 0.217969 0.120313 0.135937
3 0.190625 0.189844 0.212500 0.167187
2 0.240625 0.093750 0.153125 0.162500
2 0.517969 0.092969 0.239063 0.185938
1 0.191406 0.029687 0.135937 0.059375
2 0.464844 0.004687 0.026562 0.009375
1 0.025781 0.973437 0.051562 0.053125
1 0.061719 0.911719 0.123438 0.167187
