2 0.017969 0.953125 0.035937 0.093750
2 0.107031 0.996094 0.014063 0.007812
2 0.240625 0.919531 0.212500 0.160938
2 0.114062 0.925781 0.143750 0.148438
1 0.060156 0.889062 0.120313 0.121875
2 0.120313 0.839063 0.068750 0.071875
2 0.094531 0.803125 0.104688 0.071875
2 0.438281 0.925000 0.085938 0.137500
2 0.541406 0.875000 0.176563 0.237500
6 0.399219 0.968750 0.051562 0.062500
2 0.319531 0.800000 0.064062 0.071875
2 0.363281 0.832031 0.060937 0.048438
2 0.057813 0.708594 0.115625 0.126562
2 0.032031 0.638281 0.064062 0.057813
1 0.289844 0.591406 0.242188 0.170313
1 0.160938 0.487500 0.171875 0.196875
2 0.474219 0.635156 0.120313 0.079687
2 0.561719 0.537500 0.060937 0.090625
2 0.592187 0.621094 0.143750 0.114062
6 0.619531 0.528125 0.107813 0.115625
2 0.718750 0.591406 0.150000 0.185938
2 0.915625 0.610156 0.115625 0.129688
2 0.416406 0.439063 0.167187 0.168750
2 0.589063 0.426563 0.225000 0.125000
2 0.296875 0.465625 0.134375 0.190625
3 0.039062 0.775000 0.078125 0.062500
1 0.047656 0.495312 0.095312 0.234375
1 0.758594 0.428125 0.123438 0.100000
2 0.960938 0.389844 0.078125 0.117188
1 0.864062 0.257812 0.143750 0.143750
1 0.640625 0.301563 0.184375 0.146875
2 0.751563 0.280469 0.115625 0.164062
2 0.523438 0.322656 0.103125 0.110937
1 0.659375 0.181250 0.171875 0.150000
1 0.767969 0.141406 0.107813 0.148438
1 0.552344 0.220312 0.098437 0.112500
1 0.458594 0.283594 0.129688 0.142187
1 0.853906 0.107031 0.192188 0.164062
2 0.980469 0.180469 0.039062 0.060937
2 0.989844 0.007812 0.020313 0.015625
2 0.932813 0.014063 0.087500 0.028125
1 0.808594 0.025000 0.107813 0.050000
1 0.628125 0.060937 0.153125 0.121875
1 0.673438 0.013281 0.053125 0.026562
1 0.496094 0.059375 0.154688 0.118750
1 0.711719 0.048438 0.117188 0.096875
1 0.730469 0.006250 0.014063 0.012500
2 0.379688 0.349219 0.118750 0.095312
2 0.535156 0.134375 0.073438 0.081250
2 0.496094 0.148438 0.039062 0.050000
2 0.296875 0.346875 0.090625 0.075000
1 0.418750 0.163281 0.146875 0.120313
1 0.301563 0.267188 0.112500 0.131250
1 0.232031 0.230469 0.101562 0.073438
1 0.204687 0.296094 0.165625 0.139063
1 0.005469 0.249219 0.010937 0.082812
1 0.068750 0.257031 0.137500 0.148438
2 0.139844 0.090625 0.085938 0.103125
1 0.006250 0.021875 0.012500 0.043750
1 0.000781 0.173437 0.001563 0.012500
1 0.015625 0.127344 0.031250 0.057813
1 0.057813 0.083594 0.115625 0.167187
1 0.083594 0.013281 0.073438 0.026562
2 0.245312 0.010156 0.075000 0.020313
2 0.185938 0.000781 0.009375 0.001563
2 0.149219 0.001563 0.004687 0.003125
1 0.257812 0.043750 0.131250 0.087500
1 0.257812 0.110156 0.100000 0.095312
2 0.249219 0.178125 0.039062 0.050000
2 0.327344 0.107813 0.051562 0.100000
2 0.198437 0.103125 0.050000 0.096875
2 0.089063 0.156250 0.096875 0.078125
4 0.406250 0.015625 0.046875 0.031250
4 0.356250 0.003906 0.040625 0.007812
2 0.631250 0.375000 0.137500 0.062500
