1 0.938281 0.939844 0.123438 0.120313
1 0.689063 0.889062 0.203125 0.221875
1 0.883594 0.721094 0.232813 0.317188
2 0.778125 0.666406 0.146875 0.157812
2 0.742969 0.772656 0.107813 0.101562
2 0.635938 0.645312 0.159375 0.146875
1 0.965625 0.542188 0.068750 0.190625
1 0.906250 0.539844 0.075000 0.073438
2 0.947656 0.421094 0.104688 0.123438
2 0.199219 0.015625 0.167187 0.031250
2 0.049219 0.052344 0.098437 0.104688
2 0.104688 0.090625 0.090625 0.100000
7 0.504687 0.049219 0.146875 0.098437
3 0.182812 0.302344 0.112500 0.110937
5 0.310937 0.104688 0.165625 0.184375
7 0.411719 0.134375 0.095312 0.121875
7 0.296094 0.221875 0.082812 0.084375
5 0.634375 0.234375 0.206250 0.200000
1 0.700781 0.044531 0.139063 0.089063
1 0.881250 0.114062 0.237500 0.228125
1 0.971094 0.027344 0.057813 0.054688
4 0.831250 0.320312 0.071875 0.068750
4 0.810156 0.266406 0.092188 0.082812
4 0.867969 0.385937 0.067187 0.090625
6 0.868750 0.989844 0.037500 0.020313
2 0.966406 0.282031 0.067187 0.095312
