2 0.827344 0.039062 0.182812 0.078125
2 0.189844 0.177344 0.154688 0.248438
2 0.076563 0.200000 0.153125 0.193750
6 0.332031 0.499219 0.142187 0.179688
6 0.578906 0.985938 0.048438 0.028125
6 0.609375 0.921875 0.096875 0.056250
2 0.341406 0.991406 0.051562 0.017188
1 0.769531 0.555469 0.151562 0.142187
1 0.043750 0.093750 0.087500 0.187500
1 0.000000 0.000000 0.000000 0.000000
1 0.862500 0.986719 0.115625 0.026562
1 0.832031 0.960938 0.167187 0.078125
2 0.564063 0.995313 0.006250 0.009375
2 0.667969 0.957812 0.185938 0.084375
2 0.952344 0.909375 0.095312 0.181250
1 0.940625 0.801562 0.118750 0.190625
1 0.837500 0.889844 0.137500 0.123438
1 0.814844 0.784375 0.254688 0.290625
2 0.706250 0.910156 0.143750 0.170313
2 0.687500 0.776563 0.221875 0.162500
1 0.643750 0.496875 0.146875 0.184375
1 0.719531 0.453125 0.107813 0.159375
1 0.837500 0.458594 0.171875 0.276562
1 0.919531 0.602344 0.160938 0.251563
1 0.962500 0.482812 0.075000 0.112500
1 0.659375 0.697656 0.112500 0.160938
1 0.547656 0.685937 0.160938 0.190625
1 0.446875 0.759375 0.181250 0.240625
2 0.370312 0.669531 0.153125 0.182812
1 0.454688 0.886719 0.265625 0.226562
2 0.576562 0.593750 0.225000 0.106250
3 0.538281 0.422656 0.120313 0.082812
2 0.444531 0.518750 0.167187 0.190625
2 0.266406 0.528125 0.179688 0.146875
3 0.266406 0.475000 0.085938 0.071875
2 0.203125 0.389062 0.203125 0.178125
2 0.323437 0.335156 0.193750 0.173437
2 0.247656 0.276562 0.123438 0.125000
2 0.089844 0.477344 0.179688 0.223438
3 0.425781 0.364844 0.189062 0.132812
2 0.610938 0.059375 0.271875 0.118750
2 0.452344 0.035937 0.082812 0.071875
2 0.417187 0.149219 0.156250 0.207813
2 0.296875 0.001563 0.025000 0.003125
2 0.222656 0.005469 0.029687 0.010937
2 0.315625 0.081250 0.231250 0.162500
1 0.530469 0.185938 0.117188 0.206250
3 0.483594 0.262500 0.142187 0.109375
1 0.616406 0.263281 0.129688 0.148438
1 0.659375 0.156250 0.187500 0.184375
2 0.576562 0.348438 0.162500 0.125000
2 0.043750 0.294531 0.087500 0.164062
2 0.781250 0.264844 0.231250 0.210938
3 0.548438 0.501563 0.125000 0.118750
2 0.407031 0.577344 0.073438 0.067187
