1 0.075781 0.908594 0.142187 0.089063
1 0.432031 0.917969 0.079687 0.104688
2 0.425000 0.975000 0.078125 0.050000
2 0.462500 0.991406 0.025000 0.017188
1 0.596875 0.785156 0.181250 0.189062
6 0.782031 0.513281 0.123438 0.120313
6 0.906250 0.455469 0.068750 0.082812
1 0.791406 0.035156 0.148438 0.070312
3 0.677344 0.003906 0.023438 0.007812
3 0.646875 0.000000 0.003125 0.000000
2 0.997656 0.195312 0.004687 0.018750
2 0.315625 0.685156 0.121875 0.160938
2 0.241406 0.452344 0.120313 0.167187
2 0.202344 0.577344 0.164062 0.126562
2 0.444531 0.239063 0.089063 0.093750
2 0.388281 0.151562 0.123438 0.150000
2 0.473438 0.153125 0.128125 0.115625
1 0.260937 0.773438 0.046875 0.059375
2 0.422656 0.824219 0.054688 0.064062
2 0.804688 0.976562 0.093750 0.046875
2 0.338281 0.965625 0.132812 0.068750
2 0.332813 0.903906 0.109375 0.098437
2 0.229687 0.754687 0.053125 0.050000
2 0.229687 0.819531 0.096875 0.085938
2 0.219531 0.885156 0.142187 0.085938
1 0.347656 0.800000 0.142187 0.109375
1 0.352344 0.714844 0.145313 0.145313
2 0.817187 0.423438 0.156250 0.146875
3 0.789062 0.107813 0.134375 0.131250
3 0.707031 0.178125 0.095312 0.112500
1 0.650781 0.078906 0.160938 0.129688
1 0.949219 0.095312 0.101562 0.190625
1 0.943750 0.024219 0.109375 0.048438
2 0.881250 0.092188 0.084375 0.143750
3 0.412500 0.067969 0.093750 0.095312
2 0.292187 0.358594 0.265625 0.154688
2 0.696094 0.891406 0.154688 0.157812
2 0.653125 0.955469 0.093750 0.089063
2 0.539062 0.912500 0.159375 0.146875
2 0.944531 0.454688 0.110937 0.212500
2 0.917188 0.278906 0.165625 0.192188
2 0.823438 0.211719 0.137500 0.085938
2 0.914844 0.514062 0.120313 0.112500
2 0.850000 0.603125 0.106250 0.084375
2 0.576562 0.524219 0.128125 0.189062
2 0.666406 0.507031 0.107813 0.123438
1 0.492969 0.688281 0.204687 0.235937
2 0.558594 0.210938 0.220312 0.240625
