1 0.876563 0.423438 0.134375 0.165625
1 0.767188 0.489844 0.228125 0.151562
1 0.821094 0.629687 0.164062 0.153125
1 0.733594 0.643750 0.157812 0.209375
1 0.635156 0.719531 0.132812 0.073438
1 0.613281 0.639062 0.095312 0.121875
1 0.639844 0.378125 0.095312 0.090625
1 0.553125 0.481250 0.178125 0.203125
1 0.534375 0.339062 0.146875 0.103125
1 0.547656 0.655469 0.107813 0.148438
2 0.410156 0.478125 0.179688 0.190625
2 0.223438 0.610156 0.165625 0.145313
1 0.418750 0.772656 0.153125 0.157812
1 0.329688 0.722656 0.109375 0.089063
2 0.240625 0.767969 0.140625 0.189062
1 0.931250 0.892188 0.137500 0.115625
1 0.658594 0.940625 0.189062 0.118750
1 0.528906 0.945312 0.110937 0.109375
2 0.092969 0.996875 0.026562 0.006250
1 0.361719 0.877344 0.142187 0.114062
2 0.164062 0.851562 0.103125 0.153125
2 0.157031 0.745313 0.101562 0.093750
2 0.094531 0.818750 0.104688 0.156250
2 0.000000 0.889062 0.000000 0.000000
2 0.003125 0.869531 0.006250 0.014063
1 0.055469 0.969531 0.110937 0.060937
1 0.007031 0.974219 0.014063 0.042188
4 0.079687 0.876563 0.159375 0.209375
4 0.146875 0.977344 0.071875 0.045312
2 0.082812 0.434375 0.103125 0.087500
2 0.024219 0.406250 0.048438 0.037500
2 0.233594 0.401562 0.098437 0.115625
2 0.221875 0.314063 0.165625 0.221875
2 0.117188 0.221094 0.084375 0.076563
2 0.160156 0.171875 0.098437 0.087500
2 0.397656 0.260156 0.220312 0.198437
2 0.553906 0.199219 0.170313 0.185938
1 0.911719 0.264844 0.104688 0.110937
1 0.641406 0.144531 0.142187 0.189062
2 0.630469 0.029687 0.170313 0.059375
2 0.763281 0.028125 0.114062 0.056250
1 0.476562 0.073438 0.159375 0.146875
1 0.311719 0.087500 0.126562 0.115625
1 0.287500 0.029687 0.150000 0.059375
2 0.472656 0.139063 0.070312 0.071875
2 0.394531 0.052344 0.079687 0.104688
2 0.956250 0.367969 0.087500 0.170313
2 0.589063 0.839063 0.118750 0.115625
