2 0.940625 0.819531 0.118750 0.251563
2 0.160938 0.994531 0.031250 0.010937
2 0.231250 0.982812 0.062500 0.034375
2 0.018750 0.989844 0.037500 0.020313
1 0.656250 0.985938 0.096875 0.028125
2 0.537500 0.940625 0.228125 0.118750
2 0.396094 0.946875 0.167187 0.106250
2 0.775781 0.878906 0.198437 0.242188
3 0.898438 0.732031 0.140625 0.154688
2 0.254688 0.809375 0.206250 0.268750
1 0.102344 0.649219 0.126562 0.173437
2 0.414844 0.315625 0.235937 0.234375
1 0.650000 0.362500 0.271875 0.231250
2 0.942187 0.614062 0.115625 0.071875
1 0.935937 0.482812 0.128125 0.109375
1 0.942187 0.287500 0.115625 0.128125
2 0.899219 0.214062 0.201563 0.150000
3 0.770312 0.149219 0.118750 0.135937
3 0.973437 0.158594 0.053125 0.098437
3 0.527344 0.235937 0.120313 0.134375
3 0.617969 0.200000 0.120313 0.103125
1 0.858594 0.137500 0.123438 0.096875
1 0.915625 0.080469 0.137500 0.132812
3 0.785937 0.264062 0.203125 0.162500
4 0.601562 0.108594 0.096875 0.129688
6 0.822656 0.472656 0.079687 0.085938
6 0.991406 0.082812 0.017188 0.028125
6 0.702344 0.090625 0.085938 0.109375
6 0.157031 0.061719 0.073438 0.107813
1 0.196094 0.007031 0.064062 0.014063
1 0.681250 0.006250 0.050000 0.012500
2 0.300000 0.000781 0.003125 0.001563
2 0.282031 0.004687 0.014063 0.009375
3 0.565625 0.016406 0.071875 0.032813
6 0.964844 0.988281 0.026562 0.023438
6 0.148438 0.646875 0.106250 0.093750
2 0.333594 0.012500 0.064062 0.025000
