2 0.066406 0.507031 0.132812 0.139063
2 0.033594 0.974219 0.067187 0.051562
2 0.039844 0.864062 0.079687 0.159375
2 0.160156 0.857812 0.179688 0.284375
2 0.353906 0.874219 0.242188 0.251563
2 0.501563 0.879687 0.106250 0.115625
2 0.632031 0.975000 0.132812 0.050000
4 0.774219 0.994531 0.054688 0.010937
4 0.910156 0.983594 0.079687 0.032813
4 0.907031 0.914062 0.132812 0.137500
4 0.787500 0.861719 0.084375 0.085938
4 0.792188 0.933594 0.065625 0.095312
4 0.999219 0.880469 0.001563 0.007812
2 0.996094 0.708594 0.007812 0.042188
2 0.056250 0.602344 0.112500 0.123438
2 0.087500 0.675781 0.115625 0.092188
2 0.157031 0.660937 0.154688 0.140625
7 0.163281 0.556250 0.110937 0.118750
7 0.237500 0.613281 0.143750 0.104688
7 0.222656 0.446094 0.089063 0.104688
7 0.008594 0.657813 0.017188 0.021875
7 0.015625 0.603906 0.031250 0.048438
7 0.000000 0.742188 0.000000 0.000000
7 0.001563 0.722656 0.003125 0.014063
7 0.003906 0.690625 0.007812 0.028125
7 0.428125 0.725000 0.103125 0.084375
2 0.950781 0.694531 0.098437 0.095312
2 0.935937 0.656250 0.071875 0.053125
2 0.607812 0.685156 0.109375 0.135937
7 0.781250 0.662500 0.168750 0.134375
2 0.391406 0.600000 0.139063 0.137500
2 0.401562 0.465625 0.178125 0.181250
2 0.308594 0.388281 0.107813 0.114062
7 0.882812 0.394531 0.181250 0.176563
2 0.518750 0.302344 0.103125 0.204687
4 0.577344 0.421094 0.082812 0.101562
2 0.671875 0.203125 0.078125 0.109375
1 0.803906 0.292187 0.101562 0.093750
1 0.890625 0.278125 0.112500 0.112500
2 0.875781 0.217969 0.073438 0.076563
5 0.744531 0.211719 0.092188 0.132812
7 0.028125 0.124219 0.056250 0.117188
2 0.076563 0.055469 0.128125 0.110937
7 0.426563 0.034375 0.075000 0.068750
1 0.355469 0.014844 0.085938 0.029687
2 0.287500 0.026562 0.065625 0.053125
2 0.350000 0.718750 0.134375 0.128125
1 0.203906 0.364063 0.082812 0.103125
6 0.009375 0.492969 0.018750 0.048438
