5 0.946875 0.972656 0.106250 0.054688
5 0.835156 0.967969 0.098437 0.064062
1 0.956250 0.305469 0.087500 0.273438
1 0.847656 0.332031 0.142187 0.198437
2 0.732031 0.316406 0.101562 0.139063
2 0.557031 0.626563 0.217188 0.231250
1 0.921094 0.925781 0.157812 0.110937
1 0.746094 0.922656 0.167187 0.154688
2 0.346875 0.799219 0.118750 0.101562
2 0.655469 0.973437 0.073438 0.053125
2 0.639844 0.896094 0.126562 0.117188
1 0.682813 0.569531 0.193750 0.157812
1 0.841406 0.512500 0.173437 0.243750
2 0.632812 0.739062 0.165625 0.121875
2 0.139844 0.780469 0.235937 0.217188
2 0.132031 0.551562 0.154688 0.203125
2 0.021094 0.478125 0.042188 0.103125
1 0.096875 0.353125 0.193750 0.281250
1 0.275000 0.453906 0.178125 0.164062
2 0.139063 0.654687 0.115625 0.146875
2 0.123438 0.133594 0.184375 0.204687
2 0.322656 0.295312 0.176563 0.137500
2 0.207813 0.231250 0.175000 0.203125
1 0.003906 0.932031 0.007812 0.014063
1 0.114062 0.922656 0.112500 0.098437
1 0.154688 0.017188 0.059375 0.034375
1 0.382812 0.119531 0.343750 0.239063
6 0.022656 0.646875 0.045312 0.128125
2 0.024219 0.740625 0.048438 0.087500
