1 0.828906 0.937500 0.301563 0.125000
2 0.795312 0.774219 0.156250 0.198437
2 0.871094 0.729688 0.073438 0.090625
2 0.658594 0.721094 0.210938 0.298438
2 0.552344 0.962500 0.117188 0.075000
2 0.417969 0.907813 0.217188 0.184375
2 0.288281 0.959375 0.154688 0.081250
1 0.984375 0.663281 0.031250 0.157812
2 0.915625 0.560937 0.150000 0.250000
2 0.777344 0.452344 0.220312 0.260937
2 0.602344 0.403906 0.217188 0.220312
2 0.969531 0.303906 0.060937 0.114062
1 0.796875 0.171875 0.237500 0.187500
2 0.850000 0.054688 0.090625 0.106250
1 0.664062 0.012500 0.062500 0.025000
1 0.583594 0.016406 0.098437 0.032813
1 0.463281 0.275781 0.070312 0.098437
1 0.400000 0.326562 0.062500 0.096875
1 0.515625 0.243750 0.181250 0.246875
2 0.581250 0.626563 0.150000 0.212500
1 0.464844 0.628125 0.276562 0.253125
2 0.293750 0.554688 0.309375 0.312500
2 0.266406 0.157031 0.154688 0.110937
2 0.182812 0.276562 0.221875 0.209375
2 0.117188 0.525000 0.128125 0.181250
1 0.392188 0.017969 0.087500 0.035937
3 0.463281 0.042188 0.089063 0.084375
