6 0.996875 0.968750 0.006250 0.009375
7 0.867969 0.985938 0.067187 0.028125
7 0.922656 0.975000 0.073438 0.050000
7 0.842969 0.957812 0.082812 0.084375
7 0.891406 0.898438 0.089063 0.131250
7 0.949219 0.940625 0.060937 0.068750
7 0.948438 0.878906 0.050000 0.060937
2 0.403906 0.978906 0.060937 0.042188
2 0.759375 0.958594 0.103125 0.082812
2 0.792188 0.856250 0.156250 0.128125
2 0.932031 0.719531 0.135937 0.151562
1 0.996875 0.792969 0.006250 0.035937
1 0.843750 0.566406 0.096875 0.126562
3 0.902344 0.430469 0.170313 0.154688
2 0.941406 0.520312 0.117188 0.087500
3 0.744531 0.374219 0.089063 0.095312
1 0.950000 0.178125 0.100000 0.181250
1 0.817187 0.144531 0.209375 0.217188
2 0.422656 0.333594 0.107813 0.123438
1 0.207813 0.521875 0.103125 0.112500
2 0.130469 0.607031 0.207813 0.173437
2 0.440625 0.883594 0.075000 0.064062
2 0.264062 0.884375 0.100000 0.087500
2 0.247656 0.659375 0.120313 0.112500
1 0.358594 0.765625 0.135937 0.112500
2 0.356250 0.873437 0.131250 0.106250
2 0.305469 0.943750 0.123438 0.112500
2 0.377344 0.955469 0.079687 0.089063
1 0.198437 0.946875 0.112500 0.106250
2 0.042969 0.413281 0.085938 0.101562
1 0.015625 0.531250 0.031250 0.071875
7 0.142187 0.914844 0.087500 0.073438
2 0.007031 0.305469 0.014063 0.057813
2 0.014844 0.075781 0.029687 0.120313
2 0.039844 0.202344 0.079687 0.107813
3 0.007031 0.232813 0.014063 0.018750
3 0.003906 0.210156 0.007812 0.010937
3 0.000000 0.197656 0.000000 0.001563
1 0.130469 0.140625 0.164062 0.131250
1 0.143750 0.050000 0.106250 0.100000
1 0.059375 0.045312 0.084375 0.090625
1 0.678125 0.255469 0.125000 0.107813
1 0.479687 0.257031 0.106250 0.098437
1 0.252344 0.285938 0.079687 0.118750
1 0.301563 0.271094 0.100000 0.123438
2 0.837500 0.026562 0.068750 0.053125
2 0.716406 0.036719 0.064062 0.073438
