1 0.471875 0.943750 0.162500 0.112500
1 0.431250 0.828906 0.103125 0.160938
1 0.532813 0.834375 0.131250 0.109375
1 0.305469 0.731250 0.142187 0.240625
1 0.509375 0.741406 0.175000 0.117188
1 0.630469 0.752344 0.120313 0.151562
1 0.585938 0.660937 0.159375 0.168750
1 0.683594 0.625781 0.101562 0.123438
1 0.407031 0.662500 0.154688 0.159375
1 0.638281 0.563281 0.223438 0.117188
1 0.727344 0.462500 0.173437 0.131250
1 0.745313 0.860156 0.328125 0.251563
1 0.149219 0.740625 0.217188 0.228125
1 0.441406 0.554688 0.185938 0.231250
1 0.522656 0.456250 0.182812 0.281250
1 0.681250 0.383594 0.190625 0.142187
1 0.896094 0.446094 0.207813 0.357812
1 0.721875 0.242188 0.271875 0.178125
1 0.878906 0.103125 0.242188 0.206250
1 0.962500 0.013281 0.075000 0.026562
1 0.917188 0.229687 0.156250 0.150000
1 0.994531 0.222656 0.010937 0.101562
1 0.999219 0.159375 0.001563 0.006250
1 0.998437 0.125781 0.003125 0.004687
1 0.319531 0.371094 0.242188 0.332813
1 0.317188 0.554688 0.128125 0.100000
1 0.061719 0.553906 0.123438 0.198437
1 0.171875 0.536719 0.171875 0.226562
1 0.136719 0.396094 0.117188 0.089063
1 0.142969 0.286719 0.198437 0.167187
1 0.042969 0.364844 0.085938 0.223438
2 0.120313 0.192969 0.162500 0.164062
2 0.237500 0.101562 0.212500 0.203125
2 0.071094 0.088281 0.132812 0.176563
2 0.331250 0.002344 0.018750 0.004687
7 0.017969 0.007812 0.035937 0.015625
2 0.167187 0.011719 0.084375 0.023438
1 0.016406 0.069531 0.032813 0.139063
2 0.244531 0.246875 0.079687 0.100000
