4 0.755469 0.041406 0.182812 0.082812
3 0.679688 0.135937 0.071875 0.087500
1 0.875000 0.203125 0.081250 0.096875
1 0.939063 0.257812 0.121875 0.159375
1 0.928906 0.422656 0.142187 0.229687
5 0.495312 0.321875 0.106250 0.078125
2 0.850781 0.292187 0.085938 0.165625
2 0.762500 0.392969 0.206250 0.170313
7 0.723437 0.422656 0.087500 0.095312
6 0.669531 0.442969 0.045312 0.039062
2 0.599219 0.639844 0.082812 0.114062
2 0.520312 0.671094 0.100000 0.110937
2 0.512500 0.591406 0.121875 0.104688
6 0.716406 0.540625 0.104688 0.100000
7 0.970313 0.614844 0.059375 0.089063
2 0.982812 0.803125 0.034375 0.071875
2 0.800781 0.908594 0.220312 0.154688
2 0.675000 0.968750 0.103125 0.062500
1 0.919531 0.939844 0.160938 0.120313
7 0.993750 0.938281 0.012500 0.023438
7 0.973437 0.877344 0.053125 0.092188
7 0.853906 0.992188 0.035937 0.015625
