1 0.911719 0.838281 0.164062 0.110937
1 0.948438 0.745313 0.103125 0.175000
1 0.924219 0.407031 0.151562 0.201563
6 0.749219 0.950000 0.120313 0.100000
1 0.614062 0.976562 0.112500 0.046875
1 0.415625 0.925781 0.181250 0.148438
2 0.388281 0.997656 0.004687 0.004687
2 0.346875 0.997656 0.012500 0.004687
1 0.552344 0.739844 0.135937 0.129688
3 0.847656 0.587500 0.070312 0.093750
1 0.535937 0.586719 0.131250 0.185938
1 0.429688 0.606250 0.128125 0.156250
2 0.109375 0.855469 0.140625 0.110937
2 0.031250 0.779687 0.062500 0.137500
2 0.001563 0.657031 0.003125 0.020313
2 0.090625 0.716406 0.181250 0.214062
2 0.020313 0.877344 0.040625 0.067187
2 0.112500 0.462500 0.225000 0.175000
2 0.235937 0.555469 0.115625 0.107813
7 0.017969 0.265625 0.035937 0.121875
7 0.078906 0.274219 0.117188 0.120313
1 0.338281 0.567187 0.089063 0.137500
1 0.227344 0.667188 0.101562 0.146875
2 0.150781 0.139844 0.257812 0.179688
1 0.925000 0.269531 0.150000 0.117188
7 0.005469 0.092188 0.010937 0.028125
6 0.345313 0.050781 0.090625 0.101562
6 0.385156 0.003125 0.010937 0.006250
4 0.070312 0.945312 0.140625 0.109375
6 0.192188 0.925781 0.165625 0.148438
1 0.955469 0.612500 0.089063 0.084375
6 0.971094 0.527344 0.045312 0.060937
