1 0.982031 0.945312 0.035937 0.109375
1 0.891406 0.856250 0.217188 0.271875
1 0.701562 0.918750 0.203125 0.162500
6 0.889062 0.989062 0.053125 0.021875
2 0.587500 0.896875 0.087500 0.112500
1 0.042188 0.084375 0.084375 0.128125
1 0.044531 0.224219 0.089063 0.129688
1 0.055469 0.314844 0.104688 0.114062
4 0.091406 0.124219 0.095312 0.135937
1 0.225781 0.603125 0.214062 0.175000
1 0.284375 0.342969 0.246875 0.235937
1 0.410156 0.197656 0.167187 0.192188
2 0.196094 0.449219 0.098437 0.154688
4 0.302344 0.489844 0.132812 0.092188
2 0.674219 0.520312 0.279687 0.171875
2 0.625781 0.395313 0.126562 0.128125
1 0.707031 0.353906 0.151562 0.139063
1 0.264062 0.028906 0.093750 0.057813
1 0.339062 0.017969 0.065625 0.035937
2 0.510156 0.029687 0.198437 0.059375
2 0.895312 0.017188 0.068750 0.034375
7 0.942969 0.092969 0.079687 0.154688
