1 0.335156 0.988281 0.092188 0.023438
1 0.189844 0.944531 0.104688 0.110937
1 0.107813 0.937500 0.103125 0.125000
1 0.005469 0.864844 0.010937 0.035937
1 0.002344 0.813281 0.004687 0.010937
1 0.000781 0.796875 0.001563 0.012500
2 0.242188 0.879687 0.121875 0.175000
2 0.284375 0.671094 0.165625 0.226562
1 0.553125 0.509375 0.121875 0.121875
2 0.401562 0.971875 0.087500 0.056250
1 0.573438 0.835156 0.140625 0.132812
3 0.523438 0.917188 0.128125 0.090625
2 0.982812 0.707812 0.034375 0.040625
3 0.968750 0.114844 0.062500 0.139063
2 0.791406 0.300000 0.085938 0.096875
1 0.581250 0.003906 0.012500 0.007812
1 0.533594 0.010156 0.051562 0.020313
2 0.542188 0.105469 0.103125 0.148438
1 0.713281 0.614062 0.160938 0.209375
1 0.647656 0.425000 0.151562 0.153125
2 0.840625 0.157812 0.218750 0.250000
2 0.764844 0.107813 0.098437 0.093750
2 0.898438 0.002344 0.009375 0.004687
2 0.875000 0.007812 0.034375 0.015625
2 0.821094 0.021094 0.073438 0.042188
2 0.650000 0.121875 0.112500 0.112500
2 0.632812 0.044531 0.071875 0.089063
1 0.443750 0.191406 0.075000 0.073438
1 0.447656 0.121094 0.079687 0.095312
1 0.355469 0.150000 0.104688 0.162500
2 0.664844 0.525781 0.120313 0.076563
2 0.025000 0.950000 0.050000 0.100000
2 0.403125 0.530469 0.231250 0.154688
2 0.607031 0.608594 0.154688 0.117188
2 0.447656 0.650781 0.167187 0.148438
2 0.721875 0.039844 0.168750 0.079687
6 0.127344 0.441406 0.064062 0.089063
6 0.165625 0.425781 0.031250 0.057813
2 0.516406 0.707812 0.170313 0.162500
2 0.620313 0.714063 0.003125 0.003125
2 0.624219 0.712500 0.004687 0.000000
2 0.701562 0.742969 0.150000 0.160938
1 0.822656 0.428125 0.223438 0.221875
2 0.806250 0.564844 0.162500 0.107813
2 0.717187 0.146094 0.096875 0.151562
2 0.721875 0.278906 0.125000 0.148438
2 0.675781 0.257812 0.114062 0.112500
2 0.550781 0.238281 0.285938 0.179688
3 0.072656 0.395313 0.145313 0.168750
2 0.773438 0.968750 0.140625 0.062500
1 0.714063 0.915625 0.193750 0.159375
2 0.654687 0.985938 0.143750 0.028125
2 0.017969 0.246094 0.035937 0.064062
2 0.010937 0.368750 0.021875 0.040625
2 0.025000 0.321094 0.050000 0.042188
2 0.371875 0.372656 0.143750 0.195312
2 0.314844 0.283594 0.164062 0.189062
1 0.189062 0.442188 0.093750 0.106250
1 0.254688 0.019531 0.121875 0.039062
2 0.136719 0.059375 0.273438 0.118750
2 0.316406 0.046094 0.123438 0.092188
2 0.232813 0.163281 0.250000 0.142187
3 0.126562 0.283594 0.100000 0.098437
2 0.840625 0.860938 0.181250 0.168750
1 0.785937 0.726562 0.181250 0.131250
1 0.942187 0.252344 0.115625 0.170313
1 0.168750 0.643750 0.134375 0.150000
2 0.167969 0.784375 0.104688 0.084375
1 0.060937 0.560156 0.121875 0.123438
1 0.037500 0.645312 0.075000 0.090625
1 0.396875 0.042969 0.106250 0.085938
1 0.139063 0.846875 0.143750 0.109375
2 0.117188 0.750781 0.234375 0.176563
3 0.621875 0.741406 0.084375 0.129688
1 0.250781 0.356250 0.085938 0.090625
2 0.169531 0.307812 0.095312 0.087500
2 0.289844 0.441406 0.073438 0.129688
2 0.245312 0.421094 0.062500 0.067187
2 0.114062 0.516406 0.168750 0.129688
3 0.017969 0.485156 0.035937 0.085938
