1 0.341406 0.585156 0.135937 0.107813
1 0.527344 0.567187 0.167187 0.153125
1 0.344531 0.385156 0.189062 0.142187
1 0.257812 0.449219 0.134375 0.160938
1 0.403906 0.541406 0.151562 0.151562
1 0.635938 0.657813 0.121875 0.125000
1 0.971875 0.724219 0.056250 0.120313
1 0.975781 0.826562 0.048438 0.096875
1 0.874219 0.773438 0.073438 0.112500
2 0.782813 0.749219 0.081250 0.070312
2 0.843750 0.655469 0.193750 0.151562
2 0.815625 0.782813 0.000000 0.000000
2 0.816406 0.782031 0.001563 0.001563
2 0.816406 0.778906 0.001563 0.004687
2 0.730469 0.853125 0.170313 0.171875
2 0.976562 0.546094 0.046875 0.079687
2 0.997656 0.504687 0.004687 0.009375
1 0.732812 0.418750 0.118750 0.112500
7 0.550000 0.247656 0.046875 0.039062
7 0.674219 0.157812 0.057813 0.056250
2 0.840625 0.485938 0.065625 0.059375
1 0.963281 0.458594 0.073438 0.089063
1 0.878125 0.425000 0.165625 0.118750
2 0.931250 0.358594 0.109375 0.098437
1 0.814063 0.271094 0.140625 0.135937
1 0.864062 0.216406 0.084375 0.117188
2 0.800000 0.021094 0.053125 0.042188
7 0.864844 0.042969 0.110937 0.085938
1 0.962500 0.016406 0.075000 0.032813
7 0.899219 0.175781 0.070312 0.067187
2 0.955469 0.271875 0.089063 0.109375
1 0.953906 0.979688 0.085938 0.040625
7 0.960938 0.107813 0.078125 0.121875
7 0.449219 0.328906 0.145313 0.126562
7 0.466406 0.264844 0.095312 0.060937
