2 0.063281 0.783594 0.126562 0.151562
7 0.396875 0.441406 0.115625 0.189062
7 0.478906 0.463281 0.092188 0.129688
2 0.343750 0.514062 0.096875 0.081250
2 0.300781 0.495312 0.089063 0.090625
2 0.013281 0.607031 0.026562 0.045312
2 0.018750 0.568750 0.037500 0.062500
2 0.003906 0.524219 0.007812 0.032813
2 0.068750 0.487500 0.137500 0.190625
2 0.107031 0.575781 0.167187 0.135937
2 0.335156 0.396875 0.082812 0.062500
2 0.370312 0.579688 0.143750 0.121875
2 0.438281 0.675781 0.167187 0.148438
2 0.418750 0.775781 0.140625 0.085938
7 0.309375 0.657813 0.112500 0.131250
2 0.452344 0.943750 0.151562 0.112500
2 0.370312 0.907031 0.093750 0.067187
2 0.281250 0.760938 0.106250 0.106250
2 0.241406 0.738281 0.076563 0.070312
7 0.442188 0.862500 0.087500 0.093750
7 0.482031 0.842969 0.064062 0.064062
7 0.538281 0.822656 0.085938 0.114062
7 0.136719 0.751563 0.073438 0.084375
2 0.494531 0.406250 0.123438 0.128125
2 0.599219 0.346875 0.092188 0.081250
7 0.746875 0.379688 0.193750 0.193750
2 0.675781 0.486719 0.195312 0.101562
2 0.899219 0.413281 0.157812 0.129688
7 0.851562 0.468750 0.115625 0.081250
6 0.830469 0.518750 0.110937 0.081250
2 0.996875 0.542188 0.006250 0.050000
2 0.559375 0.565625 0.159375 0.134375
2 0.714844 0.648438 0.129688 0.118750
2 0.222656 0.979688 0.145313 0.040625
7 0.013281 0.875000 0.026562 0.062500
7 0.532813 0.719531 0.068750 0.064062
2 0.678125 0.890625 0.200000 0.218750
2 0.928906 0.896875 0.142187 0.206250
2 0.764062 0.807031 0.193750 0.167187
2 0.567969 0.621094 0.089063 0.048438
2 0.832812 0.715625 0.103125 0.137500
2 0.992188 0.637500 0.015625 0.018750
7 0.961719 0.611719 0.076563 0.101562
7 0.963281 0.654687 0.060937 0.056250
7 0.957812 0.719531 0.084375 0.089063
2 0.009375 0.138281 0.018750 0.051562
7 0.132812 0.187500 0.081250 0.081250
7 0.082812 0.207031 0.040625 0.035937
7 0.307812 0.170313 0.068750 0.059375
7 0.264062 0.157031 0.053125 0.057813
7 0.296875 0.121094 0.050000 0.045312
2 0.019531 0.117969 0.029687 0.045312
2 0.056250 0.120313 0.056250 0.040625
2 0.067187 0.148438 0.037500 0.034375
2 0.104688 0.131250 0.046875 0.043750
6 0.072656 0.085156 0.051562 0.032813
2 0.205469 0.021094 0.089063 0.042188
2 0.016406 0.181250 0.032813 0.059375
7 0.484375 0.154688 0.053125 0.059375
7 0.575781 0.101562 0.070312 0.071875
7 0.594531 0.153906 0.067187 0.054688
2 0.778906 0.120313 0.110937 0.087500
2 0.812500 0.082812 0.056250 0.065625
7 0.960156 0.127344 0.079687 0.117188
1 0.333594 0.019531 0.060937 0.039062
6 0.978906 0.512500 0.042188 0.084375
2 0.307812 0.444531 0.084375 0.073438
2 0.242188 0.450781 0.075000 0.107813
