1 0.139844 0.967187 0.148438 0.065625
1 0.200000 0.498437 0.168750 0.193750
1 0.153125 0.999219 0.003125 0.001563
1 0.635938 0.300781 0.087500 0.104688
1 0.589063 0.262500 0.106250 0.153125
5 0.447656 0.115625 0.148438 0.231250
5 0.460156 0.343750 0.185938 0.243750
6 0.101562 0.655469 0.106250 0.067187
2 0.346875 0.027344 0.121875 0.054688
2 0.396875 0.006250 0.012500 0.012500
2 0.541406 0.003125 0.060937 0.006250
2 0.653906 0.091406 0.207813 0.182812
6 0.543750 0.032031 0.071875 0.042188
6 0.284375 0.621875 0.040625 0.050000
2 0.169531 0.149219 0.048438 0.067187
1 0.087500 0.096875 0.175000 0.193750
1 0.001563 0.015625 0.003125 0.028125
1 0.012500 0.232031 0.025000 0.120313
1 0.001563 0.150781 0.003125 0.029687
1 0.000000 0.082812 0.000000 0.012500
1 0.000000 0.065625 0.000000 0.000000
1 0.002344 0.995313 0.004687 0.009375
1 0.194531 0.715625 0.107813 0.128125
1 0.076563 0.903125 0.153125 0.193750
1 0.084375 0.740625 0.137500 0.146875
1 0.001563 0.688281 0.003125 0.004687
1 0.017969 0.612500 0.035937 0.112500
1 0.010937 0.753125 0.021875 0.043750
1 0.865625 0.021875 0.090625 0.043750
1 0.986719 0.002344 0.026562 0.004687
1 0.956250 0.094531 0.087500 0.148438
1 0.933594 0.049219 0.132812 0.098437
1 0.864062 0.079687 0.175000 0.137500
6 0.413281 0.669531 0.185938 0.148438
2 0.029687 0.400781 0.059375 0.095312
2 0.073438 0.460156 0.146875 0.154688
3 0.134375 0.600000 0.162500 0.125000
2 0.521094 0.542969 0.260937 0.239063
3 0.149219 0.071094 0.120313 0.142187
1 0.950000 0.357031 0.100000 0.229687
1 0.936719 0.179688 0.126562 0.131250
1 0.882812 0.997656 0.025000 0.004687
2 0.958594 0.938281 0.082812 0.123438
2 0.997656 0.878125 0.004687 0.009375
6 0.862500 0.942187 0.087500 0.053125
2 0.889844 0.882812 0.142187 0.090625
1 0.693750 0.949219 0.068750 0.101562
1 0.585156 0.801562 0.217188 0.193750
2 0.753906 0.889062 0.101562 0.084375
2 0.714063 0.776563 0.106250 0.121875
6 0.743750 0.737500 0.081250 0.090625
3 0.810156 0.810937 0.092188 0.065625
2 0.946094 0.760938 0.104688 0.118750
2 0.820312 0.646094 0.131250 0.139063
2 0.972656 0.691406 0.054688 0.117188
3 0.971094 0.507031 0.057813 0.054688
2 0.928906 0.398438 0.064062 0.106250
6 0.891406 0.500781 0.020313 0.020313
6 0.740625 0.575000 0.043750 0.043750
2 0.892969 0.610156 0.214062 0.189062
1 0.931250 0.634375 0.090625 0.090625
2 0.850000 0.446875 0.143750 0.087500
2 0.732812 0.463281 0.112500 0.123438
2 0.725000 0.653906 0.100000 0.089063
3 0.714844 0.366406 0.089063 0.092188
3 0.825781 0.244531 0.114062 0.139063
3 0.701562 0.280469 0.071875 0.067187
3 0.736719 0.217969 0.164062 0.117188
3 0.789844 0.130469 0.098437 0.067187
1 0.435156 0.834375 0.085938 0.143750
6 0.995313 0.662500 0.009375 0.037500
