1 0.247656 0.271875 0.214062 0.168750
1 0.197656 0.146875 0.142187 0.140625
1 0.126562 0.185938 0.096875 0.090625
1 0.335938 0.203125 0.090625 0.093750
1 0.351562 0.344531 0.100000 0.126562
1 0.294531 0.097656 0.126562 0.129688
1 0.407813 0.466406 0.143750 0.117188
1 0.083594 0.574219 0.104688 0.142187
1 0.024219 0.594531 0.048438 0.139063
1 0.003125 0.492969 0.006250 0.010937
1 0.003906 0.463281 0.007812 0.039062
1 0.008594 0.707031 0.017188 0.060937
1 0.066406 0.718750 0.114062 0.115625
1 0.566406 0.699219 0.120313 0.145313
1 0.629687 0.749219 0.084375 0.123438
2 0.727344 0.992969 0.023438 0.014063
1 0.655469 0.965625 0.114062 0.068750
2 0.122656 0.866406 0.139063 0.123438
1 0.835938 0.444531 0.168750 0.129688
1 0.954688 0.950781 0.090625 0.098437
1 0.760938 0.994531 0.050000 0.010937
1 0.860938 0.984375 0.071875 0.031250
1 0.814063 0.826562 0.121875 0.090625
1 0.785937 0.944531 0.150000 0.110937
2 0.903906 0.876563 0.185938 0.140625
1 0.821094 0.735938 0.114062 0.112500
1 0.935156 0.642969 0.129688 0.176563
2 0.817969 0.580469 0.223438 0.204687
1 0.692187 0.727344 0.131250 0.214062
2 0.704688 0.537500 0.125000 0.165625
2 0.873437 0.353906 0.165625 0.123438
2 0.604688 0.398438 0.131250 0.128125
2 0.523438 0.417187 0.128125 0.090625
2 0.967969 0.378906 0.064062 0.110937
2 0.989062 0.295312 0.021875 0.050000
2 0.200781 0.935937 0.135937 0.125000
1 0.225000 0.996875 0.028125 0.006250
1 0.351562 0.942187 0.228125 0.115625
1 0.616406 0.544531 0.092188 0.117188
2 0.517969 0.499219 0.126562 0.104688
2 0.321094 0.658594 0.092188 0.101562
2 0.406250 0.689063 0.125000 0.128125
2 0.541406 0.657031 0.201563 0.195312
1 0.455469 0.567187 0.223438 0.146875
1 0.307031 0.495312 0.095312 0.084375
4 0.280469 0.573438 0.129688 0.084375
4 0.221875 0.621875 0.178125 0.096875
2 0.150781 0.555469 0.110937 0.089063
2 0.173437 0.437500 0.287500 0.203125
2 0.694531 0.848437 0.054688 0.068750
2 0.017969 0.239844 0.035937 0.098437
2 0.048438 0.272656 0.096875 0.120313
1 0.026562 0.367969 0.053125 0.095312
1 0.837500 0.211719 0.134375 0.139063
2 0.734375 0.365625 0.118750 0.118750
2 0.785937 0.276562 0.071875 0.096875
1 0.746875 0.652344 0.106250 0.110937
