1 0.007812 0.995313 0.015625 0.009375
1 0.011719 0.965625 0.023438 0.046875
7 0.017188 0.646094 0.034375 0.073438
7 0.028125 0.582812 0.056250 0.081250
7 0.024219 0.519531 0.048438 0.057813
7 0.095312 0.553125 0.043750 0.056250
7 0.060937 0.556250 0.050000 0.075000
7 0.008594 0.206250 0.017188 0.071875
7 0.042969 0.352344 0.070312 0.073438
7 0.235937 0.324219 0.121875 0.139063
1 0.136719 0.404687 0.101562 0.106250
6 0.027344 0.906250 0.054688 0.084375
1 0.078125 0.969531 0.084375 0.060937
6 0.199219 0.246094 0.095312 0.107813
7 0.142187 0.328125 0.068750 0.071875
