3 0.960156 0.787500 0.079687 0.115625
2 0.953125 0.547656 0.093750 0.098437
1 0.783594 0.571875 0.123438 0.103125
1 0.688281 0.509375 0.079687 0.059375
3 0.614062 0.554688 0.087500 0.106250
3 0.678125 0.575781 0.106250 0.064062
1 0.312500 0.837500 0.137500 0.131250
1 0.407813 0.908594 0.140625 0.132812
6 0.939063 0.700781 0.062500 0.107813
1 0.497656 0.921094 0.135937 0.132812
1 0.545312 0.850781 0.131250 0.114062
1 0.628125 0.952344 0.100000 0.095312
1 0.554688 0.967187 0.090625 0.065625
1 0.599219 0.996094 0.004687 0.007812
3 0.355469 0.945312 0.204687 0.109375
3 0.196094 0.970313 0.135937 0.059375
1 0.185156 0.833594 0.229687 0.267188
1 0.746875 0.489844 0.137500 0.098437
2 0.635938 0.782813 0.206250 0.253125
2 0.753125 0.811719 0.165625 0.176563
2 0.855469 0.878906 0.264062 0.239063
3 0.501563 0.766406 0.100000 0.107813
3 0.017188 0.823438 0.034375 0.075000
3 0.103906 0.880469 0.179688 0.120313
