2 0.531250 0.992188 0.040625 0.015625
2 0.370312 0.967187 0.115625 0.065625
2 0.315625 0.929688 0.156250 0.106250
6 0.192969 0.960156 0.051562 0.064062
4 0.293750 0.761719 0.200000 0.307812
2 0.406250 0.621875 0.190625 0.175000
2 0.461719 0.776563 0.123438 0.143750
2 0.198437 0.832812 0.087500 0.221875
2 0.508594 0.859375 0.067187 0.100000
2 0.436719 0.953125 0.054688 0.093750
2 0.477344 0.947656 0.092188 0.104688
2 0.545312 0.837500 0.075000 0.118750
2 0.084375 0.953125 0.168750 0.093750
2 0.102344 0.675781 0.185938 0.229687
2 0.233594 0.625000 0.123438 0.112500
2 0.292187 0.564063 0.112500 0.084375
7 0.705469 0.950000 0.060937 0.071875
7 0.751563 0.937500 0.043750 0.059375
7 0.528125 0.944531 0.053125 0.095312
7 0.521094 0.618750 0.092188 0.103125
7 0.682031 0.654687 0.095312 0.084375
7 0.806250 0.639844 0.081250 0.123438
7 0.694531 0.498437 0.070312 0.062500
7 0.710938 0.425781 0.090625 0.110937
7 0.763281 0.353906 0.095312 0.089063
7 0.775000 0.295312 0.087500 0.084375
7 0.588281 0.505469 0.098437 0.076563
7 0.475781 0.320312 0.142187 0.134375
2 0.414844 0.436719 0.170313 0.142187
2 0.285938 0.497656 0.159375 0.120313
2 0.233594 0.414062 0.101562 0.112500
2 0.395313 0.335156 0.065625 0.092188
6 0.227344 0.491406 0.082812 0.076563
2 0.139844 0.337500 0.085938 0.103125
2 0.100000 0.303125 0.087500 0.118750
2 0.033594 0.348438 0.067187 0.128125
2 0.110156 0.471875 0.107813 0.115625
2 0.095312 0.162500 0.162500 0.121875
2 0.078906 0.076563 0.082812 0.078125
2 0.212500 0.117188 0.143750 0.128125
2 0.093750 0.028125 0.112500 0.056250
2 0.169531 0.024219 0.076563 0.048438
2 0.244531 0.003125 0.051562 0.006250
1 0.301563 0.062500 0.212500 0.125000
2 0.494531 0.014844 0.135937 0.029687
7 0.771094 0.170313 0.135937 0.143750
7 0.717187 0.102344 0.084375 0.085938
7 0.741406 0.049219 0.073438 0.098437
4 0.031250 0.437500 0.062500 0.078125
1 0.147656 0.839844 0.060937 0.095312
1 0.014063 0.864844 0.028125 0.073438
