1 0.089063 0.972656 0.146875 0.054688
1 0.022656 0.953125 0.045312 0.093750
3 0.804688 0.982031 0.106250 0.035937
2 0.604688 0.975000 0.140625 0.050000
2 0.480469 0.970313 0.114062 0.059375
1 0.999219 0.931250 0.001563 0.028125
3 0.993750 0.842187 0.012500 0.031250
3 0.999219 0.817187 0.001563 0.006250
3 0.878906 0.963281 0.079687 0.073438
2 0.966406 0.800000 0.054688 0.040625
2 0.930469 0.958594 0.073438 0.073438
2 0.837500 0.845313 0.081250 0.096875
2 0.617188 0.823438 0.143750 0.146875
1 0.679688 0.916406 0.075000 0.067187
1 0.702344 0.852344 0.126562 0.098437
2 0.766406 0.770312 0.070312 0.075000
2 0.566406 0.888281 0.070312 0.045312
2 0.500000 0.860938 0.087500 0.115625
2 0.410938 0.949219 0.053125 0.057813
2 0.391406 0.983594 0.064062 0.032813
1 0.341406 0.927344 0.123438 0.145313
1 0.255469 0.881250 0.148438 0.115625
2 0.236719 0.972656 0.085938 0.054688
1 0.165625 0.946875 0.084375 0.084375
1 0.136719 0.889062 0.051562 0.046875
1 0.100781 0.922656 0.073438 0.073438
1 0.316406 0.829688 0.085938 0.071875
1 0.372656 0.820312 0.048438 0.040625
1 0.347656 0.774219 0.082812 0.070312
1 0.371875 0.730469 0.096875 0.120313
2 0.475781 0.737500 0.135937 0.103125
1 0.510938 0.710938 0.118750 0.087500
2 0.409375 0.834375 0.078125 0.090625
2 0.422656 0.903906 0.067187 0.089063
1 0.614844 0.741406 0.120313 0.107813
4 0.990625 0.344531 0.018750 0.032813
1 0.957812 0.271094 0.084375 0.120313
3 0.882812 0.682031 0.165625 0.107813
1 0.497656 0.635938 0.120313 0.093750
1 0.544531 0.553906 0.101562 0.104688
1 0.537500 0.479687 0.087500 0.056250
1 0.471875 0.540625 0.096875 0.134375
3 0.881250 0.314844 0.078125 0.095312
3 0.931250 0.331250 0.037500 0.065625
2 0.862500 0.164844 0.115625 0.142187
3 0.750000 0.033594 0.068750 0.067187
3 0.919531 0.127344 0.082812 0.079687
3 0.984375 0.003125 0.015625 0.006250
3 0.967187 0.000781 0.006250 0.001563
2 0.802344 0.008594 0.051562 0.017188
2 0.680469 0.073438 0.123438 0.118750
2 0.634375 0.018750 0.103125 0.037500
3 0.719531 0.165625 0.095312 0.075000
3 0.640625 0.198437 0.043750 0.050000
1 0.518750 0.363281 0.218750 0.123438
2 0.410938 0.460156 0.118750 0.132812
2 0.360156 0.428125 0.101562 0.128125
2 0.366406 0.547656 0.089063 0.123438
2 0.290625 0.556250 0.131250 0.125000
2 0.318750 0.632812 0.090625 0.059375
2 0.203906 0.641406 0.129688 0.142187
1 0.097656 0.692187 0.160938 0.153125
1 0.082031 0.572656 0.142187 0.126562
1 0.052344 0.484375 0.104688 0.200000
1 0.094531 0.420312 0.120313 0.143750
1 0.034375 0.659375 0.068750 0.156250
2 0.189844 0.356250 0.129688 0.125000
2 0.276562 0.491406 0.121875 0.101562
2 0.319531 0.239063 0.179688 0.153125
1 0.258594 0.304688 0.104688 0.087500
3 0.492188 0.210156 0.084375 0.079687
6 0.424219 0.056250 0.107813 0.112500
2 0.342187 0.067187 0.096875 0.134375
2 0.020313 0.338281 0.040625 0.095312
2 0.003906 0.272656 0.007812 0.014063
2 0.180469 0.164062 0.195312 0.162500
2 0.057813 0.050000 0.115625 0.100000
1 0.139063 0.050781 0.087500 0.101562
1 0.197656 0.016406 0.067187 0.032813
3 0.031250 0.119531 0.062500 0.135937
2 0.020313 0.030469 0.040625 0.054688
1 0.996094 0.743750 0.007812 0.037500
6 0.772656 0.289062 0.064062 0.075000
6 0.403906 0.149219 0.042188 0.057813
6 0.959375 0.158594 0.081250 0.070312
6 0.994531 0.125781 0.010937 0.010937
6 0.662500 0.248438 0.075000 0.090625
2 0.403125 0.314063 0.075000 0.109375
2 0.492188 0.133594 0.084375 0.079687
2 0.552344 0.134375 0.079687 0.103125
2 0.611719 0.082812 0.076563 0.078125
