1 0.050781 0.946094 0.101562 0.107813
1 0.302344 0.792188 0.189062 0.193750
1 0.317188 0.932813 0.212500 0.134375
2 0.014063 0.088281 0.028125 0.048438
2 0.271875 0.126562 0.109375 0.134375
1 0.070312 0.028906 0.140625 0.057813
1 0.412500 0.046875 0.093750 0.093750
2 0.362500 0.060937 0.043750 0.068750
1 0.117188 0.396094 0.150000 0.101562
1 0.078906 0.308594 0.104688 0.129688
1 0.042188 0.428906 0.084375 0.214062
1 0.750000 0.601562 0.140625 0.112500
1 0.831250 0.662500 0.162500 0.143750
1 0.967187 0.830469 0.065625 0.160938
1 0.393750 0.224219 0.109375 0.145313
1 0.302344 0.326562 0.076563 0.109375
1 0.196094 0.321094 0.201563 0.242188
1 0.454688 0.521094 0.109375 0.114062
1 0.394531 0.416406 0.114062 0.132812
4 0.884375 0.848437 0.150000 0.228125
1 0.640625 0.014063 0.093750 0.028125
1 0.564844 0.012500 0.073438 0.025000
2 0.575000 0.555469 0.143750 0.214062
2 0.726562 0.543750 0.106250 0.081250
3 0.831250 0.100781 0.121875 0.164062
3 0.723437 0.176563 0.150000 0.156250
2 0.033594 0.795312 0.067187 0.096875
2 0.878125 0.550000 0.156250 0.103125
2 0.949219 0.698438 0.101562 0.134375
1 0.950781 0.500781 0.098437 0.279687
2 0.463281 0.378906 0.167187 0.176563
3 0.640625 0.423438 0.246875 0.137500
3 0.732031 0.077344 0.085938 0.073438
3 0.992188 0.264844 0.015625 0.073438
3 0.935156 0.123438 0.129688 0.153125
3 0.998437 0.039062 0.003125 0.025000
3 0.511719 0.325000 0.173437 0.115625
2 0.612500 0.150781 0.150000 0.151562
2 0.512500 0.068750 0.196875 0.137500
2 0.391406 0.014844 0.042188 0.029687
5 0.310156 0.013281 0.151562 0.026562
3 0.700781 0.045312 0.142187 0.090625
2 0.020313 0.289844 0.040625 0.092188
2 0.846875 0.041406 0.112500 0.082812
