6 0.947656 0.972656 0.104688 0.054688
1 0.810156 0.926562 0.151562 0.115625
2 0.966406 0.713281 0.067187 0.132812
2 0.936719 0.650781 0.126562 0.151562
2 0.955469 0.861719 0.089063 0.192188
3 0.695312 0.987500 0.053125 0.025000
1 0.983594 0.230469 0.032813 0.048438
1 0.995313 0.110937 0.009375 0.025000
1 0.642969 0.249219 0.160938 0.142187
1 0.739062 0.196875 0.153125 0.175000
1 0.880469 0.571094 0.198437 0.198437
2 0.867969 0.309375 0.157812 0.128125
2 0.946094 0.357812 0.107813 0.165625
2 0.974219 0.501563 0.051562 0.090625
2 0.792969 0.391406 0.148438 0.210938
2 0.740625 0.606250 0.125000 0.121875
2 0.641406 0.586719 0.132812 0.154688
6 0.622656 0.428906 0.279687 0.307812
1 0.718750 0.751563 0.228125 0.209375
2 0.289062 0.885938 0.150000 0.218750
1 0.207813 0.919531 0.109375 0.126562
1 0.510938 0.892188 0.146875 0.128125
1 0.461719 0.950781 0.164062 0.098437
2 0.294531 0.999219 0.004687 0.001563
2 0.357031 0.987500 0.060937 0.025000
2 0.772656 0.836719 0.248438 0.201563
1 0.975781 0.555469 0.048438 0.051562
