1 0.592969 0.996094 0.020313 0.007812
2 0.938281 0.977344 0.089063 0.045312
1 0.759375 0.938281 0.153125 0.123438
1 0.646094 0.928125 0.185938 0.143750
2 0.640625 0.836719 0.171875 0.182812
1 0.691406 0.739844 0.098437 0.107813
2 0.990625 0.939063 0.018750 0.040625
2 0.989844 0.829688 0.020313 0.043750
2 0.999219 0.769531 0.001563 0.001563
1 0.967969 0.737500 0.064062 0.128125
1 0.975781 0.649219 0.048438 0.067187
1 0.557813 0.796875 0.084375 0.143750
2 0.767188 0.675000 0.078125 0.087500
1 0.682031 0.607812 0.117188 0.159375
1 0.601562 0.717969 0.121875 0.107813
1 0.893750 0.637500 0.112500 0.115625
2 0.852344 0.610156 0.104688 0.092188
2 0.825781 0.487500 0.192188 0.221875
2 0.698438 0.507812 0.078125 0.087500
2 0.953125 0.454688 0.093750 0.143750
2 0.909375 0.358594 0.118750 0.132812
3 0.630469 0.582031 0.067187 0.110937
1 0.714063 0.428906 0.065625 0.101562
6 0.971875 0.330469 0.056250 0.104688
6 0.997656 0.278125 0.004687 0.015625
1 0.322656 0.981250 0.120313 0.037500
1 0.420312 0.976562 0.093750 0.046875
1 0.516406 0.978906 0.092188 0.042188
1 0.226562 0.965625 0.106250 0.068750
1 0.480469 0.925781 0.107813 0.104688
2 0.317188 0.908594 0.131250 0.135937
1 0.137500 0.984375 0.081250 0.031250
1 0.050781 0.945312 0.101562 0.109375
2 0.001563 0.918750 0.003125 0.012500
2 0.040625 0.804688 0.081250 0.196875
3 0.128906 0.828906 0.120313 0.114062
2 0.345313 0.771875 0.153125 0.187500
1 0.218750 0.885156 0.087500 0.073438
1 0.556250 0.657031 0.125000 0.098437
1 0.492969 0.615625 0.098437 0.078125
1 0.457813 0.674219 0.090625 0.098437
1 0.371875 0.664062 0.090625 0.068750
1 0.394531 0.608594 0.107813 0.073438
1 0.480469 0.541406 0.110937 0.089063
1 0.403125 0.547656 0.125000 0.095312
1 0.364063 0.491406 0.146875 0.135937
1 0.072656 0.534375 0.139063 0.165625
3 0.010156 0.258594 0.020313 0.076563
3 0.175000 0.411719 0.093750 0.085938
7 0.098437 0.369531 0.118750 0.129688
2 0.178125 0.310156 0.134375 0.139063
2 0.223438 0.226562 0.112500 0.071875
2 0.347656 0.276562 0.148438 0.134375
1 0.275000 0.436719 0.146875 0.117188
2 0.350000 0.405469 0.068750 0.067187
2 0.298438 0.361719 0.090625 0.048438
6 0.258594 0.297656 0.035937 0.042188
7 0.190625 0.097656 0.103125 0.135937
7 0.382031 0.074219 0.135937 0.114062
7 0.062500 0.207813 0.106250 0.081250
3 0.264062 0.011719 0.046875 0.023438
3 0.361719 0.148438 0.070312 0.071875
2 0.469531 0.288281 0.114062 0.123438
3 0.439063 0.204687 0.134375 0.125000
6 0.514062 0.465625 0.156250 0.153125
6 0.579688 0.428906 0.078125 0.085938
7 0.769531 0.086719 0.082812 0.085938
3 0.710156 0.057813 0.045312 0.046875
1 0.769531 0.025781 0.073438 0.051562
1 0.609375 0.008594 0.021875 0.017188
2 0.828125 0.135156 0.078125 0.070312
1 0.936719 0.195312 0.073438 0.087500
1 0.985156 0.190625 0.029687 0.053125
7 0.767188 0.225000 0.078125 0.065625
2 0.949219 0.003906 0.017188 0.007812
6 0.761719 0.265625 0.067187 0.053125
6 0.639844 0.310937 0.120313 0.103125
6 0.132031 0.158594 0.039062 0.073438
6 0.114062 0.245312 0.156250 0.078125
6 0.024219 0.377344 0.048438 0.076563
