2 0.694531 0.932813 0.254688 0.134375
1 0.410156 0.997656 0.020313 0.004687
1 0.330469 0.975000 0.135937 0.050000
1 0.508594 0.939063 0.195312 0.121875
6 0.153125 0.939063 0.200000 0.121875
1 0.134375 0.835938 0.159375 0.143750
1 0.229687 0.898438 0.084375 0.125000
1 0.322656 0.821875 0.160938 0.203125
1 0.597656 0.871875 0.192188 0.137500
1 0.067969 0.764062 0.135937 0.156250
2 0.470313 0.808594 0.131250 0.157812
2 0.558594 0.746875 0.198437 0.209375
2 0.220312 0.750781 0.175000 0.142187
2 0.797656 0.884375 0.110937 0.109375
2 0.027344 0.855469 0.054688 0.154688
4 0.000000 0.859375 0.000000 0.003125
1 0.025781 0.626563 0.051562 0.143750
1 0.064062 0.604688 0.128125 0.134375
2 0.160156 0.635938 0.129688 0.112500
2 0.209375 0.575781 0.084375 0.092188
2 0.371094 0.592969 0.179688 0.173437
1 0.052344 0.199219 0.104688 0.117188
2 0.772656 0.744531 0.076563 0.129688
1 0.689844 0.737500 0.117188 0.106250
1 0.896094 0.707812 0.142187 0.112500
1 0.685156 0.639062 0.126562 0.109375
2 0.295312 0.541406 0.175000 0.107813
4 0.436719 0.232031 0.135937 0.129688
1 0.220312 0.020313 0.087500 0.040625
1 0.971875 0.392969 0.056250 0.129688
1 0.982031 0.008594 0.035937 0.017188
1 0.014063 0.007812 0.028125 0.015625
2 0.121875 0.036719 0.143750 0.073438
1 0.985156 0.193750 0.029687 0.068750
1 0.946875 0.260937 0.106250 0.112500
6 0.730469 0.127344 0.179688 0.167187
