1 0.970313 0.976562 0.059375 0.046875
1 0.995313 0.771094 0.009375 0.023438
1 0.926562 0.795312 0.112500 0.090625
2 0.853906 0.673438 0.104688 0.121875
2 0.853906 0.848437 0.070312 0.081250
3 0.946094 0.928125 0.054688 0.056250
2 0.837500 0.901563 0.056250 0.059375
2 0.757031 0.927344 0.151562 0.145313
1 0.683594 0.951562 0.148438 0.096875
1 0.764844 0.819531 0.098437 0.092188
3 0.732031 0.763281 0.085938 0.067187
3 0.589063 0.920312 0.096875 0.090625
1 0.462500 0.975000 0.075000 0.050000
4 0.792188 0.653125 0.081250 0.071875
4 0.812500 0.603125 0.118750 0.068750
4 0.743750 0.614844 0.050000 0.051562
2 0.935937 0.579688 0.090625 0.046875
2 0.833594 0.410938 0.054688 0.053125
2 0.843750 0.446875 0.050000 0.021875
1 0.923438 0.469531 0.090625 0.123438
1 0.892188 0.417969 0.087500 0.110937
2 0.771875 0.388281 0.115625 0.095312
4 0.985156 0.352344 0.029687 0.098437
1 0.996094 0.257812 0.007812 0.028125
3 0.946875 0.086719 0.075000 0.079687
7 0.981250 0.017969 0.037500 0.035937
1 0.708594 0.003125 0.023438 0.006250
2 0.793750 0.271875 0.062500 0.065625
2 0.699219 0.339062 0.064062 0.071875
2 0.739062 0.147656 0.056250 0.067187
2 0.783594 0.218750 0.048438 0.050000
1 0.813281 0.325781 0.057813 0.070312
2 0.698438 0.421094 0.050000 0.054688
3 0.884375 0.158594 0.043750 0.039062
3 0.640625 0.239063 0.093750 0.075000
6 0.563281 0.281250 0.117188 0.115625
1 0.589844 0.479687 0.098437 0.096875
3 0.535937 0.453125 0.062500 0.056250
2 0.595313 0.388281 0.096875 0.114062
2 0.617188 0.701562 0.153125 0.109375
2 0.501563 0.818750 0.262500 0.212500
2 0.566406 0.761719 0.057813 0.085938
2 0.419531 0.899219 0.076563 0.082812
2 0.259375 0.962500 0.109375 0.075000
2 0.770312 0.503125 0.075000 0.125000
3 0.676562 0.482812 0.081250 0.065625
2 0.740625 0.439844 0.087500 0.079687
2 0.717187 0.253125 0.065625 0.065625
2 0.833594 0.293750 0.064062 0.062500
2 0.704688 0.087500 0.050000 0.053125
6 0.696875 0.178125 0.065625 0.084375
6 0.786719 0.061719 0.073438 0.070312
1 0.633594 0.146094 0.126562 0.129688
1 0.556250 0.124219 0.084375 0.095312
3 0.615625 0.003906 0.037500 0.007812
3 0.637500 0.023438 0.056250 0.046875
3 0.608594 0.043750 0.060937 0.071875
3 0.511719 0.046094 0.076563 0.060937
2 0.591406 0.211719 0.067187 0.070312
2 0.536719 0.175000 0.089063 0.065625
2 0.492969 0.222656 0.142187 0.098437
7 0.470313 0.117969 0.115625 0.126562
7 0.446875 0.352344 0.103125 0.145313
3 0.084375 0.928125 0.118750 0.084375
2 0.145313 0.840625 0.084375 0.106250
2 0.066406 0.717969 0.132812 0.126562
2 0.258594 0.851562 0.142187 0.171875
2 0.197656 0.767188 0.123438 0.165625
2 0.196875 0.625000 0.131250 0.159375
2 0.051562 0.516406 0.103125 0.189062
4 0.377344 0.464844 0.089063 0.092188
4 0.297656 0.526563 0.167187 0.118750
4 0.053906 0.651563 0.107813 0.106250
4 0.276562 0.402344 0.090625 0.064062
4 0.270313 0.450000 0.062500 0.059375
4 0.109375 0.481250 0.150000 0.234375
4 0.332813 0.357031 0.087500 0.067187
4 0.260156 0.356250 0.076563 0.046875
4 0.160938 0.540625 0.056250 0.065625
3 0.395313 0.260937 0.087500 0.109375
2 0.282031 0.315625 0.107813 0.075000
2 0.363281 0.218750 0.085938 0.071875
2 0.154688 0.224219 0.175000 0.148438
7 0.268750 0.199219 0.125000 0.120313
7 0.215625 0.099219 0.137500 0.135937
1 0.332031 0.071875 0.142187 0.143750
3 0.250781 0.014063 0.054688 0.028125
1 0.028125 0.013281 0.056250 0.026562
1 0.035937 0.338281 0.071875 0.126562
1 0.346875 0.586719 0.143750 0.167187
4 0.156250 0.452344 0.053125 0.067187
3 0.017188 0.809375 0.034375 0.096875
2 0.014063 0.412500 0.028125 0.034375
3 0.422656 0.508594 0.067187 0.070312
4 0.273438 0.032031 0.075000 0.064062
4 0.205469 0.323437 0.085938 0.093750
4 0.007812 0.267188 0.015625 0.050000
3 0.015625 0.198437 0.031250 0.090625
4 0.837500 0.783594 0.103125 0.095312
6 0.501563 0.800781 0.115625 0.092188
6 0.615625 0.766406 0.046875 0.067187
6 0.174219 0.892188 0.064062 0.090625
6 0.046875 0.981250 0.093750 0.037500
4 0.332813 0.150781 0.065625 0.064062
6 0.080469 0.110156 0.085938 0.145313
3 0.885938 0.226562 0.093750 0.056250
2 0.634375 0.086719 0.093750 0.048438
2 0.567187 0.033594 0.075000 0.067187
3 0.681250 0.050781 0.046875 0.048438
