4 0.971094 0.842969 0.054688 0.085938
2 0.996094 0.999219 0.004687 0.001563
4 0.977344 0.960938 0.045312 0.078125
4 0.936719 0.972656 0.054688 0.054688
1 0.869531 0.972656 0.123438 0.054688
1 0.910937 0.878125 0.178125 0.162500
1 0.660937 0.957031 0.100000 0.085938
2 0.523438 0.846875 0.250000 0.134375
2 0.741406 0.789062 0.160938 0.150000
1 0.673438 0.746875 0.168750 0.162500
1 0.636719 0.888281 0.110937 0.139063
1 0.808594 0.625781 0.157812 0.170313
1 0.909375 0.524219 0.181250 0.151562
2 0.751563 0.432812 0.215625 0.246875
1 0.475000 0.497656 0.150000 0.201563
1 0.573438 0.421875 0.193750 0.168750
1 0.716406 0.308594 0.204687 0.160938
1 0.514062 0.285938 0.175000 0.153125
1 0.924219 0.362500 0.151562 0.212500
2 0.841406 0.253906 0.167187 0.129688
2 0.921875 0.192188 0.100000 0.134375
1 0.732031 0.160938 0.157812 0.146875
3 0.891406 0.154688 0.154688 0.131250
2 0.758594 0.038281 0.092188 0.076563
1 0.341406 0.727344 0.192188 0.164062
1 0.265625 0.400781 0.303125 0.267188
1 0.332813 0.270313 0.165625 0.168750
1 0.248438 0.201563 0.146875 0.103125
1 0.038281 0.623437 0.076563 0.109375
6 0.598437 0.125781 0.084375 0.126562
2 0.385156 0.005469 0.026562 0.010937
2 0.071094 0.221094 0.095312 0.123438
1 0.303125 0.007812 0.056250 0.015625
1 0.232031 0.049219 0.142187 0.098437
1 0.067187 0.035937 0.134375 0.071875
1 0.447656 0.154688 0.185938 0.128125
2 0.139063 0.169531 0.109375 0.120313
2 0.262500 0.117969 0.221875 0.148438
2 0.385156 0.064844 0.185938 0.129688
1 0.098437 0.071094 0.068750 0.064062
1 0.144531 0.039062 0.064062 0.078125
2 0.535156 0.031250 0.132812 0.062500
