1 0.171094 0.003125 0.057813 0.006250
3 0.437500 0.018750 0.093750 0.037500
1 0.585156 0.043750 0.120313 0.087500
1 0.508594 0.108594 0.173437 0.204687
1 0.635156 0.123438 0.139063 0.112500
1 0.888281 0.010937 0.035937 0.021875
2 0.748437 0.089844 0.268750 0.179688
1 0.967969 0.062500 0.064062 0.125000
2 0.061719 0.046875 0.123438 0.093750
1 0.625000 0.216406 0.156250 0.092188
1 0.398438 0.160938 0.153125 0.275000
2 0.860938 0.111719 0.131250 0.101562
3 0.923438 0.010937 0.046875 0.021875
2 0.955469 0.131250 0.089063 0.140625
3 0.995313 0.240625 0.009375 0.015625
2 0.495312 0.286719 0.309375 0.167187
2 0.959375 0.223438 0.081250 0.131250
2 0.900000 0.204687 0.100000 0.118750
1 0.992188 0.327344 0.015625 0.120313
2 0.973437 0.432031 0.053125 0.157812
2 0.923438 0.433594 0.068750 0.085938
4 0.952344 0.545312 0.095312 0.103125
4 0.910156 0.504687 0.051562 0.050000
2 0.913281 0.859375 0.173437 0.281250
1 0.870313 0.575000 0.109375 0.128125
1 0.900781 0.660156 0.120313 0.139063
1 0.842187 0.738281 0.156250 0.157812
1 0.775781 0.590625 0.129688 0.143750
1 0.703906 0.678125 0.167187 0.193750
1 0.789844 0.817969 0.129688 0.107813
1 0.675000 0.790625 0.131250 0.103125
1 0.576562 0.651563 0.190625 0.225000
1 0.479687 0.482031 0.231250 0.264062
1 0.296875 0.500000 0.193750 0.212500
1 0.373437 0.632812 0.171875 0.184375
4 0.650000 0.351562 0.090625 0.128125
3 0.315625 0.343750 0.134375 0.134375
1 0.250781 0.757031 0.201563 0.176563
1 0.204687 0.889062 0.206250 0.162500
2 0.853906 0.466406 0.126562 0.145313
1 0.795312 0.182812 0.171875 0.175000
1 0.644531 0.442969 0.123438 0.107813
2 0.573438 0.384375 0.093750 0.125000
1 0.300000 0.265625 0.100000 0.100000
1 0.307812 0.177344 0.075000 0.110937
1 0.224219 0.178125 0.114062 0.137500
1 0.180469 0.245312 0.160938 0.196875
1 0.164062 0.364844 0.081250 0.085938
2 0.146875 0.412500 0.100000 0.103125
1 0.932813 0.973437 0.087500 0.053125
2 0.775000 0.889844 0.171875 0.142187
4 0.552344 0.714063 0.089063 0.100000
2 0.482031 0.763281 0.173437 0.110937
4 0.828906 0.971094 0.092188 0.057813
2 0.742969 0.977344 0.117188 0.045312
3 0.664062 0.999219 0.003125 0.001563
3 0.616406 0.982812 0.092188 0.034375
2 0.542969 0.997656 0.010937 0.004687
4 0.587500 0.798438 0.081250 0.075000
4 0.525000 0.780469 0.056250 0.051562
4 0.541406 0.855469 0.114062 0.095312
2 0.471094 0.843750 0.110937 0.121875
2 0.691406 0.960156 0.126562 0.079687
3 0.536719 0.950781 0.076563 0.048438
1 0.214062 0.998437 0.018750 0.003125
2 0.107813 0.954688 0.146875 0.090625
1 0.021094 0.985938 0.042188 0.028125
3 0.014844 0.927344 0.029687 0.089063
6 0.045312 0.859375 0.090625 0.100000
1 0.060937 0.665625 0.121875 0.131250
1 0.031250 0.572656 0.062500 0.135937
1 0.076563 0.534375 0.109375 0.146875
3 0.060937 0.810937 0.093750 0.084375
1 0.105469 0.847656 0.092188 0.064062
1 0.002344 0.500781 0.004687 0.010937
1 0.000000 0.464062 0.000000 0.006250
2 0.065625 0.382031 0.128125 0.129688
3 0.366406 0.003906 0.020313 0.007812
2 0.290625 0.019531 0.115625 0.039062
6 0.003125 0.004687 0.006250 0.009375
6 0.018750 0.103906 0.037500 0.054688
