1 0.027344 0.900000 0.054688 0.196875
7 0.092188 0.900781 0.068750 0.070312
7 0.144531 0.852344 0.070312 0.057813
7 0.110937 0.983594 0.062500 0.032813
2 0.210156 0.974219 0.098437 0.051562
2 0.283594 0.986719 0.079687 0.026562
6 0.190625 0.925000 0.031250 0.037500
1 0.233594 0.861719 0.107813 0.089063
6 0.183594 0.828906 0.039062 0.048438
6 0.191406 0.791406 0.064062 0.060937
7 0.085156 0.819531 0.060937 0.073438
7 0.034375 0.809375 0.056250 0.065625
7 0.050781 0.448437 0.101562 0.084375
7 0.035937 0.379688 0.071875 0.071875
7 0.021875 0.345313 0.043750 0.062500
7 0.050781 0.257812 0.067187 0.068750
7 0.089063 0.217969 0.075000 0.079687
1 0.150781 0.179688 0.089063 0.078125
1 0.246094 0.076563 0.073438 0.109375
7 0.163281 0.035937 0.057813 0.071875
7 0.427344 0.045312 0.104688 0.090625
7 0.121094 0.654687 0.057813 0.062500
7 0.096875 0.546875 0.062500 0.050000
7 0.126562 0.603125 0.068750 0.075000
7 0.189062 0.569531 0.056250 0.067187
7 0.220312 0.534375 0.065625 0.056250
7 0.239844 0.662500 0.120313 0.103125
7 0.191406 0.696875 0.076563 0.068750
7 0.285156 0.684375 0.067187 0.071875
7 0.340625 0.454688 0.096875 0.118750
7 0.388281 0.349219 0.073438 0.073438
7 0.357812 0.975781 0.093750 0.048438
7 0.455469 0.957031 0.139063 0.085938
7 0.432812 0.824219 0.112500 0.092188
7 0.466406 0.770312 0.067187 0.056250
1 0.965625 0.986719 0.068750 0.026562
7 0.582812 0.959375 0.078125 0.065625
2 0.687500 0.796875 0.118750 0.115625
7 0.461719 0.717969 0.076563 0.092188
7 0.529687 0.713281 0.093750 0.079687
6 0.526563 0.632812 0.068750 0.090625
1 0.792969 0.780469 0.117188 0.129688
1 0.884375 0.799219 0.150000 0.139063
2 0.999219 0.847656 0.001563 0.004687
2 0.965625 0.788281 0.068750 0.101562
1 0.959375 0.838281 0.081250 0.073438
1 0.971875 0.617188 0.056250 0.096875
1 0.963281 0.560156 0.073438 0.098437
7 0.852344 0.173437 0.095312 0.084375
2 0.421875 0.450000 0.068750 0.071875
7 0.476562 0.482031 0.090625 0.073438
6 0.455469 0.397656 0.045312 0.048438
6 0.602344 0.470313 0.045312 0.043750
2 0.650000 0.421094 0.103125 0.076563
7 0.534375 0.205469 0.065625 0.082812
1 0.592969 0.209375 0.107813 0.131250
7 0.784375 0.164062 0.081250 0.128125
7 0.461719 0.425781 0.107813 0.070312
