1 0.795312 0.988281 0.034375 0.023438
1 0.695312 0.947656 0.143750 0.104688
5 0.059375 0.998437 0.012500 0.003125
5 0.229687 0.900781 0.321875 0.198437
6 0.541406 0.985156 0.039062 0.029687
6 0.014844 0.825000 0.029687 0.034375
6 0.013281 0.772656 0.026562 0.026562
2 0.879687 0.562500 0.240625 0.206250
1 0.653906 0.670312 0.148438 0.140625
1 0.636719 0.541406 0.189062 0.173437
1 0.600781 0.442969 0.170313 0.179688
1 0.457813 0.453125 0.115625 0.112500
1 0.429688 0.543750 0.268750 0.175000
1 0.554688 0.328906 0.196875 0.279687
1 0.289062 0.359375 0.218750 0.306250
1 0.433594 0.296094 0.192188 0.204687
1 0.391406 0.181250 0.235937 0.212500
1 0.856250 0.839844 0.109375 0.139063
2 0.947656 0.786719 0.104688 0.164062
3 0.509375 0.660156 0.143750 0.110937
1 0.689844 0.006250 0.017188 0.012500
1 0.621094 0.021875 0.107813 0.043750
1 0.987500 0.004687 0.025000 0.009375
1 0.479687 0.042188 0.146875 0.084375
1 0.544531 0.082812 0.117188 0.165625
1 0.663281 0.128125 0.214062 0.218750
1 0.770312 0.078125 0.156250 0.156250
1 0.911719 0.217188 0.176563 0.143750
1 0.946875 0.161719 0.106250 0.123438
2 0.892188 0.052344 0.134375 0.104688
2 0.814063 0.151562 0.178125 0.118750
1 0.430469 0.917188 0.214062 0.165625
2 0.067969 0.534375 0.135937 0.262500
2 0.326562 0.647656 0.128125 0.085938
2 0.783594 0.422656 0.201563 0.182812
1 0.391406 0.799219 0.164062 0.176563
1 0.478906 0.784375 0.214062 0.181250
2 0.820312 0.671875 0.165625 0.128125
2 0.858594 0.732812 0.095312 0.115625
2 0.739844 0.846875 0.185938 0.209375
3 0.928125 0.396094 0.143750 0.148438
2 0.342187 0.033594 0.128125 0.067187
6 0.356250 0.074219 0.056250 0.029687
2 0.314063 0.100781 0.131250 0.142187
1 0.806250 0.018750 0.068750 0.037500
2 0.225781 0.553125 0.176563 0.234375
2 0.258594 0.690625 0.110937 0.093750
2 0.171875 0.853906 0.203125 0.198437
3 0.186719 0.751563 0.114062 0.081250
2 0.100781 0.723437 0.073438 0.081250
2 0.037500 0.720313 0.075000 0.112500
2 0.042969 0.937500 0.076563 0.125000
3 0.010156 0.976562 0.020313 0.046875
1 0.044531 0.282031 0.089063 0.110937
2 0.089063 0.342969 0.159375 0.154688
2 0.009375 0.368750 0.018750 0.062500
2 0.031250 0.205469 0.062500 0.085938
2 0.117969 0.209375 0.132812 0.165625
2 0.055469 0.087500 0.110937 0.175000
2 0.028906 0.007031 0.057813 0.014063
2 0.142969 0.039062 0.089063 0.078125
2 0.940625 0.946094 0.118750 0.107813
1 0.350781 0.585156 0.170313 0.126562
3 0.685937 0.366406 0.084375 0.114062
3 0.333594 0.726562 0.098437 0.075000
6 0.060156 0.657031 0.051562 0.054688
2 0.978125 0.075781 0.043750 0.085938
