1 0.026562 0.664844 0.053125 0.198437
7 0.091406 0.664844 0.067187 0.070312
7 0.144531 0.617969 0.070312 0.057813
7 0.106250 0.771094 0.071875 0.076563
7 0.041406 0.943750 0.060937 0.059375
7 0.076563 0.810937 0.065625 0.071875
7 0.182812 0.857031 0.084375 0.057813
1 0.304688 0.960156 0.096875 0.079687
2 0.207813 0.777344 0.100000 0.129688
2 0.314063 0.800781 0.156250 0.123438
7 0.285938 0.907813 0.090625 0.084375
7 0.403906 0.880469 0.073438 0.082812
2 0.534375 0.904687 0.100000 0.109375
2 0.560156 0.857812 0.107813 0.100000
1 0.571094 0.999219 0.004687 0.001563
1 0.550000 0.996094 0.021875 0.007812
1 0.590625 0.995313 0.015625 0.009375
1 0.651563 0.959375 0.150000 0.081250
7 0.014063 0.991406 0.028125 0.017188
2 0.017969 0.932031 0.035937 0.048438
6 0.190625 0.689063 0.031250 0.037500
1 0.233594 0.625781 0.107813 0.089063
6 0.183594 0.592969 0.039062 0.048438
6 0.191406 0.556250 0.064062 0.059375
7 0.085156 0.584375 0.060937 0.071875
7 0.034375 0.573438 0.056250 0.065625
7 0.050781 0.213281 0.101562 0.085938
7 0.035937 0.144531 0.071875 0.073438
7 0.021875 0.109375 0.043750 0.062500
7 0.050000 0.028125 0.068750 0.056250
7 0.083594 0.011719 0.067187 0.023438
7 0.121094 0.420312 0.057813 0.062500
7 0.096875 0.310937 0.062500 0.050000
7 0.125781 0.367188 0.070312 0.075000
7 0.187500 0.333594 0.056250 0.067187
7 0.219531 0.299219 0.067187 0.057813
7 0.239844 0.426563 0.120313 0.103125
7 0.191406 0.461719 0.076563 0.067187
7 0.284375 0.449219 0.065625 0.070312
7 0.340625 0.218750 0.096875 0.118750
7 0.388281 0.114062 0.073438 0.071875
7 0.357031 0.758594 0.095312 0.082812
7 0.454688 0.732031 0.137500 0.104688
7 0.431250 0.588281 0.112500 0.092188
7 0.465625 0.535156 0.068750 0.054688
7 0.958594 0.921875 0.070312 0.090625
7 0.911719 0.953906 0.092188 0.092188
1 0.946875 0.805469 0.106250 0.135937
7 0.582031 0.724219 0.076563 0.067187
2 0.687500 0.561719 0.118750 0.114062
7 0.461719 0.482031 0.076563 0.092188
7 0.528906 0.478125 0.092188 0.078125
6 0.525781 0.396875 0.067187 0.090625
1 0.792969 0.544531 0.117188 0.129688
1 0.884375 0.564844 0.150000 0.139063
2 0.999219 0.612500 0.001563 0.006250
2 0.965625 0.553125 0.068750 0.100000
1 0.958594 0.603125 0.082812 0.075000
1 0.971875 0.382812 0.056250 0.096875
1 0.963281 0.325781 0.073438 0.098437
2 0.421875 0.214062 0.068750 0.071875
7 0.475781 0.247656 0.092188 0.073438
6 0.454688 0.163281 0.043750 0.048438
6 0.600781 0.235156 0.045312 0.042188
2 0.649219 0.185938 0.101562 0.075000
7 0.528125 0.005469 0.034375 0.010937
1 0.586719 0.019531 0.098437 0.039062
7 0.460156 0.189844 0.107813 0.070312
