2 0.215625 0.507812 0.206250 0.137500
2 0.000781 0.667969 0.001563 0.007812
2 0.009375 0.642969 0.018750 0.026562
2 0.028125 0.417187 0.056250 0.075000
2 0.152344 0.406250 0.142187 0.103125
2 0.275000 0.416406 0.134375 0.117188
2 0.110937 0.351562 0.143750 0.106250
2 0.076563 0.296094 0.093750 0.082812
1 0.224219 0.269531 0.139063 0.154688
1 0.214844 0.356250 0.098437 0.065625
1 0.285156 0.322656 0.073438 0.089063
2 0.339062 0.297656 0.131250 0.189062
2 0.534375 0.379688 0.140625 0.131250
2 0.717187 0.160938 0.118750 0.096875
2 0.716406 0.096875 0.073438 0.078125
2 0.539844 0.156250 0.154688 0.137500
2 0.896094 0.167187 0.120313 0.109375
2 0.960156 0.098437 0.079687 0.109375
1 0.451562 0.091406 0.243750 0.182812
1 0.283594 0.117188 0.117188 0.159375
1 0.196094 0.100781 0.095312 0.151562
2 0.007031 0.234375 0.014063 0.031250
2 0.111719 0.132031 0.104688 0.104688
2 0.042188 0.090625 0.084375 0.134375
2 0.301563 0.025781 0.131250 0.051562
2 0.225000 0.017969 0.075000 0.035937
2 0.004687 0.013281 0.009375 0.026562
2 0.111719 0.040625 0.164062 0.081250
