2 0.999219 0.117188 0.001563 0.015625
1 0.875000 0.354687 0.181250 0.128125
1 0.917188 0.457031 0.165625 0.195312
1 0.969531 0.534375 0.060937 0.165625
3 0.885938 0.575000 0.143750 0.134375
3 0.962500 0.624219 0.075000 0.045312
4 0.980469 0.655469 0.039062 0.048438
4 0.970313 0.698438 0.059375 0.065625
1 0.874219 0.717969 0.154688 0.195312
2 0.991406 0.731250 0.017188 0.009375
1 0.960156 0.798438 0.079687 0.125000
3 0.880469 0.829688 0.089063 0.081250
3 0.852344 0.860156 0.076563 0.092188
1 0.957031 0.900781 0.085938 0.117188
1 0.948438 0.965625 0.103125 0.068750
1 0.910937 0.910156 0.053125 0.067187
1 0.827344 0.957812 0.170313 0.084375
1 0.020313 0.442188 0.040625 0.096875
1 0.310156 0.826562 0.148438 0.156250
1 0.391406 0.948438 0.123438 0.103125
1 0.428125 0.825781 0.128125 0.148438
1 0.543750 0.834375 0.143750 0.143750
1 0.544531 0.659375 0.189062 0.225000
1 0.313281 0.685156 0.092188 0.132812
1 0.240625 0.655469 0.087500 0.089063
4 0.000781 0.777344 0.001563 0.017188
4 0.083594 0.642969 0.167187 0.282813
2 0.014844 0.899219 0.029687 0.148438
2 0.178906 0.587500 0.107813 0.187500
2 0.306250 0.536719 0.159375 0.126562
2 0.358594 0.290625 0.132812 0.112500
2 0.094531 0.317969 0.164062 0.154688
1 0.306250 0.432031 0.118750 0.107813
1 0.454688 0.300000 0.081250 0.065625
2 0.490625 0.107031 0.065625 0.067187
2 0.565625 0.058594 0.125000 0.117188
1 0.714063 0.344531 0.156250 0.126562
1 0.656250 0.552344 0.109375 0.123438
1 0.626563 0.787500 0.075000 0.103125
1 0.721094 0.752344 0.173437 0.204687
1 0.675781 0.866406 0.110937 0.120313
1 0.695312 0.950781 0.093750 0.085938
1 0.773438 0.901563 0.128125 0.118750
2 0.592969 0.989062 0.073438 0.021875
2 0.469531 0.953906 0.085938 0.092188
2 0.471094 0.998437 0.007812 0.003125
2 0.493750 0.997656 0.009375 0.004687
