7 0.991406 0.794531 0.017188 0.051562
7 0.978906 0.930469 0.042188 0.076563
7 0.963281 0.655469 0.073438 0.120313
2 0.612500 0.952344 0.131250 0.095312
2 0.609375 0.703906 0.150000 0.179688
2 0.786719 0.568750 0.229687 0.237500
2 0.934375 0.512500 0.131250 0.181250
2 0.842187 0.399219 0.221875 0.170313
2 0.819531 0.303125 0.095312 0.103125
2 0.886719 0.233594 0.226562 0.254688
1 0.991406 0.318750 0.017188 0.056250
2 0.963281 0.190625 0.073438 0.087500
1 0.968750 0.082031 0.062500 0.164062
2 0.960156 0.020313 0.048438 0.040625
4 0.913281 0.027344 0.076563 0.054688
2 0.839063 0.059375 0.106250 0.118750
2 0.635156 0.148438 0.204687 0.146875
1 0.783594 0.108594 0.114062 0.120313
1 0.682813 0.060156 0.156250 0.120313
1 0.759375 0.032031 0.087500 0.064062
2 0.552344 0.046094 0.173437 0.092188
2 0.516406 0.354687 0.210938 0.287500
4 0.972656 0.568750 0.054688 0.078125
1 0.156250 0.474219 0.121875 0.123438
1 0.089063 0.336719 0.178125 0.157812
1 0.045312 0.478125 0.090625 0.156250
1 0.063281 0.846094 0.126562 0.217188
1 0.072656 0.681250 0.145313 0.193750
1 0.394531 0.946875 0.170313 0.087500
1 0.399219 0.882031 0.126562 0.092188
6 0.176563 0.621094 0.071875 0.079687
1 0.502344 0.007031 0.035937 0.014063
1 0.414062 0.017188 0.046875 0.034375
6 0.584375 0.466406 0.075000 0.067187
4 0.648438 0.380469 0.096875 0.179688
4 0.929688 0.995313 0.025000 0.009375
4 0.970313 0.991406 0.028125 0.017188
2 0.825781 0.714844 0.151562 0.123438
4 0.673438 0.513281 0.103125 0.110937
2 0.810156 0.861719 0.273438 0.276562
