2 0.454688 0.979688 0.168750 0.040625
2 0.288281 0.932031 0.164062 0.135937
2 0.107813 0.960938 0.171875 0.078125
1 0.006250 0.835156 0.012500 0.029687
1 0.024219 0.744531 0.048438 0.092188
1 0.000000 0.314844 0.000000 0.001563
1 0.001563 0.307031 0.003125 0.007812
1 0.053906 0.678125 0.107813 0.121875
1 0.103125 0.558594 0.143750 0.157812
1 0.239063 0.621094 0.193750 0.214062
1 0.332031 0.478906 0.095312 0.101562
1 0.170313 0.373437 0.162500 0.190625
1 0.053125 0.328906 0.106250 0.132812
1 0.353125 0.344531 0.168750 0.145313
3 0.014063 0.469531 0.028125 0.073438
1 0.106250 0.213281 0.175000 0.189062
3 0.010937 0.227344 0.021875 0.042188
2 0.225781 0.778125 0.132812 0.131250
2 0.153125 0.810937 0.115625 0.137500
1 0.225781 0.878125 0.110937 0.103125
2 0.103906 0.730469 0.085938 0.117188
4 0.036719 0.532031 0.073438 0.110937
1 0.062500 0.895312 0.125000 0.159375
2 0.410156 0.946094 0.120313 0.067187
1 0.745313 0.962500 0.128125 0.075000
2 0.769531 0.886719 0.164062 0.160938
2 0.653125 0.928906 0.106250 0.076563
2 0.573438 0.982812 0.075000 0.034375
2 0.660156 0.860938 0.120313 0.103125
2 0.601562 0.783594 0.146875 0.132812
2 0.632031 0.711719 0.101562 0.067187
3 0.672656 0.693750 0.079687 0.075000
3 0.739844 0.726562 0.051562 0.043750
1 0.714844 0.646094 0.132812 0.132812
1 0.793750 0.669531 0.090625 0.135937
1 0.808594 0.572656 0.110937 0.107813
1 0.827344 0.982812 0.064062 0.034375
1 0.917969 0.897656 0.164062 0.204687
3 0.314063 0.780469 0.078125 0.067187
3 0.392969 0.650781 0.114062 0.135937
3 0.531250 0.692187 0.121875 0.109375
3 0.532031 0.637500 0.098437 0.093750
3 0.607031 0.636719 0.117188 0.095312
3 0.559375 0.561719 0.109375 0.120313
3 0.632812 0.556250 0.087500 0.125000
3 0.388281 0.574219 0.057813 0.070312
3 0.739844 0.537500 0.110937 0.075000
3 0.712500 0.470313 0.125000 0.140625
3 0.631250 0.421875 0.100000 0.153125
3 0.771094 0.382812 0.098437 0.065625
3 0.810937 0.463281 0.131250 0.139063
3 0.847656 0.353125 0.092188 0.103125
1 0.554688 0.449219 0.065625 0.092188
1 0.619531 0.263281 0.107813 0.135937
1 0.712500 0.240625 0.131250 0.125000
1 0.749219 0.304688 0.110937 0.062500
1 0.820312 0.247656 0.143750 0.120313
2 0.758594 0.134375 0.098437 0.128125
2 0.563281 0.164062 0.098437 0.112500
1 0.403125 0.186719 0.112500 0.114062
1 0.302344 0.147656 0.117188 0.095312
2 0.566406 0.028906 0.001563 0.001563
2 0.564844 0.027344 0.001563 0.001563
2 0.478906 0.046875 0.170313 0.093750
2 0.922656 0.050781 0.154688 0.101562
1 0.891406 0.174219 0.114062 0.079687
1 0.965625 0.192969 0.068750 0.107813
1 0.984375 0.357031 0.031250 0.092188
2 0.957031 0.426563 0.085938 0.168750
2 0.203906 0.014063 0.107813 0.028125
2 0.298438 0.060937 0.134375 0.121875
2 0.189844 0.068750 0.107813 0.137500
1 0.102344 0.068750 0.114062 0.134375
2 0.003125 0.031250 0.006250 0.028125
4 0.457813 0.517969 0.100000 0.104688
4 0.819531 0.140625 0.079687 0.187500
