1 0.964063 0.676562 0.071875 0.253125
1 0.967969 0.489844 0.064062 0.120313
1 0.912500 0.571094 0.096875 0.126562
1 0.871094 0.657813 0.126562 0.090625
1 0.942969 0.830469 0.110937 0.117188
1 0.961719 0.982812 0.076563 0.034375
1 0.475781 0.254688 0.179688 0.162500
1 0.409375 0.185156 0.103125 0.220312
1 0.525000 0.015625 0.103125 0.031250
1 0.450781 0.003906 0.017188 0.007812
1 0.328906 0.264844 0.064062 0.079687
1 0.321094 0.190625 0.067187 0.087500
1 0.271094 0.237500 0.095312 0.109375
1 0.291406 0.071875 0.164062 0.143750
1 0.182031 0.150000 0.195312 0.253125
1 0.407813 0.032031 0.084375 0.064062
2 0.199219 0.323437 0.173437 0.175000
6 0.312500 0.808594 0.037500 0.054688
7 0.045312 0.318750 0.090625 0.115625
1 0.135937 0.817187 0.146875 0.134375
1 0.997656 0.228125 0.004687 0.012500
1 0.953125 0.161719 0.093750 0.170313
1 0.959375 0.046094 0.081250 0.079687
1 0.919531 0.025000 0.095312 0.050000
1 0.980469 0.006250 0.039062 0.012500
1 0.036719 0.188281 0.073438 0.114062
1 0.038281 0.855469 0.076563 0.173437
1 0.091406 0.982812 0.082812 0.034375
1 0.126562 0.910937 0.100000 0.093750
1 0.213281 0.897656 0.101562 0.107813
1 0.259375 0.866406 0.084375 0.085938
1 0.224219 0.757812 0.139063 0.153125
1 0.173437 0.024219 0.065625 0.048438
1 0.694531 0.064062 0.089063 0.128125
2 0.300000 0.379688 0.096875 0.112500
1 0.368750 0.374219 0.090625 0.117188
7 0.325000 0.327344 0.059375 0.045312
2 0.178125 0.558594 0.171875 0.229687
2 0.310156 0.664062 0.120313 0.075000
1 0.386719 0.755469 0.192188 0.157812
1 0.568750 0.907031 0.121875 0.129688
2 0.185156 0.973437 0.120313 0.053125
1 0.385156 0.966406 0.089063 0.067187
2 0.725000 0.912500 0.181250 0.118750
2 0.719531 0.976562 0.082812 0.046875
2 0.350000 0.876563 0.137500 0.103125
1 0.297656 0.983594 0.101562 0.032813
2 0.442188 0.992969 0.075000 0.014063
2 0.632031 0.997656 0.020313 0.004687
1 0.917188 0.918750 0.071875 0.071875
2 0.978125 0.909375 0.043750 0.043750
