2 0.967969 0.914062 0.064062 0.143750
6 0.801562 0.955469 0.106250 0.089063
3 0.719531 0.977344 0.089063 0.045312
2 0.577344 0.937500 0.182812 0.125000
3 0.564844 0.875781 0.085938 0.089063
2 0.482031 0.785156 0.160938 0.232813
2 0.210156 0.882031 0.135937 0.114062
3 0.324219 0.976562 0.085938 0.046875
2 0.294531 0.785156 0.164062 0.217188
2 0.192188 0.744531 0.075000 0.098437
1 0.186719 0.578906 0.210938 0.229687
1 0.247656 0.444531 0.198437 0.210938
1 0.496875 0.648438 0.190625 0.128125
1 0.396094 0.612500 0.129688 0.131250
1 0.452344 0.502344 0.114062 0.117188
6 0.371875 0.473438 0.062500 0.053125
2 0.148438 0.361719 0.115625 0.142187
1 0.255469 0.324219 0.132812 0.098437
1 0.051562 0.142969 0.031250 0.051562
1 0.118750 0.176563 0.118750 0.112500
2 0.024219 0.091406 0.048438 0.092188
3 0.015625 0.044531 0.031250 0.060937
7 0.507812 0.307812 0.106250 0.106250
2 0.328906 0.010156 0.057813 0.020313
1 0.449219 0.342187 0.095312 0.103125
2 0.739062 0.787500 0.103125 0.125000
2 0.642969 0.770312 0.135937 0.146875
2 0.724219 0.674219 0.142187 0.139063
1 0.850000 0.715625 0.115625 0.121875
1 0.953906 0.728906 0.085938 0.095312
1 0.996875 0.743750 0.006250 0.025000
1 0.992188 0.685156 0.015625 0.079687
2 0.938281 0.799219 0.123438 0.098437
2 0.971875 0.627344 0.056250 0.089063
2 0.772656 0.582031 0.107813 0.148438
4 0.692969 0.599219 0.076563 0.067187
1 0.664844 0.396875 0.176563 0.200000
1 0.857812 0.257031 0.134375 0.104688
1 0.923438 0.366406 0.153125 0.170313
2 0.736719 0.334375 0.089063 0.084375
2 0.696094 0.114062 0.207813 0.228125
2 0.831250 0.079687 0.096875 0.106250
1 0.891406 0.051562 0.217188 0.103125
1 0.917188 0.129688 0.090625 0.081250
6 0.992969 0.110156 0.014063 0.007812
2 0.199219 0.983594 0.070312 0.032813
2 0.692969 0.235156 0.107813 0.057813
6 0.798438 0.078125 0.062500 0.046875
