2 0.089844 0.145313 0.070312 0.081250
2 0.014063 0.009375 0.012500 0.018750
2 0.000000 0.000000 0.000000 0.000000
2 0.523438 0.037500 0.100000 0.075000
1 0.288281 0.092969 0.154688 0.114062
1 0.406250 0.037500 0.171875 0.075000
1 0.303906 0.004687 0.048438 0.009375
4 0.023438 0.845313 0.046875 0.065625
4 0.025781 0.933594 0.051562 0.132812
1 0.046875 0.732812 0.093750 0.200000
7 0.037500 0.272656 0.075000 0.085938
2 0.139844 0.350781 0.148438 0.170313
2 0.111719 0.216406 0.060937 0.057813
1 0.025000 0.155469 0.050000 0.114062
6 0.011719 0.061719 0.023438 0.073438
1 0.157031 0.032031 0.179688 0.064062
2 0.168750 0.132031 0.115625 0.101562
2 0.245312 0.242969 0.115625 0.126562
1 0.330469 0.146094 0.185938 0.132812
1 0.356250 0.258594 0.112500 0.120313
1 0.173437 0.231250 0.087500 0.087500
1 0.603125 0.301563 0.078125 0.084375
1 0.693750 0.252344 0.128125 0.117188
1 0.770312 0.167969 0.159375 0.098437
1 0.738281 0.078906 0.201563 0.157812
2 0.514844 0.214844 0.207813 0.207813
6 0.252344 0.388281 0.079687 0.098437
6 0.070312 0.621094 0.065625 0.076563
6 0.828906 0.448437 0.079687 0.084375
2 0.769531 0.316406 0.073438 0.107813
2 0.149219 0.494531 0.092188 0.132812
2 0.271094 0.485938 0.154688 0.118750
2 0.667188 0.414062 0.178125 0.212500
2 0.511719 0.483594 0.104688 0.185938
2 0.278906 0.647656 0.179688 0.201563
1 0.135937 0.675000 0.121875 0.109375
1 0.726562 0.344531 0.128125 0.142187
1 0.487500 0.607812 0.109375 0.187500
1 0.616406 0.625000 0.139063 0.131250
1 0.836719 0.293750 0.148438 0.168750
2 0.270313 0.849219 0.243750 0.301563
2 0.461719 0.811719 0.182812 0.239063
1 0.164062 0.795312 0.084375 0.100000
1 0.164062 0.962500 0.121875 0.075000
7 0.074219 0.934375 0.114062 0.131250
7 0.122656 0.864062 0.104688 0.118750
1 0.406250 0.964844 0.162500 0.070312
1 0.915625 0.074219 0.146875 0.095312
2 0.665625 0.002344 0.015625 0.004687
2 0.940625 0.253906 0.053125 0.054688
3 0.609375 0.027344 0.081250 0.054688
3 0.967187 0.188281 0.065625 0.089063
1 0.474219 0.363281 0.101562 0.070312
1 0.821875 0.446094 0.140625 0.148438
1 0.610938 0.523438 0.087500 0.078125
4 0.698438 0.550000 0.090625 0.087500
2 0.700781 0.730469 0.207813 0.167187
2 0.848437 0.970313 0.131250 0.059375
2 0.950781 0.989844 0.054688 0.020313
4 0.982812 0.919531 0.034375 0.098437
1 0.700000 0.895312 0.200000 0.128125
1 0.800781 0.817969 0.126562 0.126562
1 0.877344 0.700781 0.195312 0.107813
1 0.950000 0.788281 0.100000 0.092188
1 0.892969 0.925781 0.082812 0.107813
6 0.942969 0.915625 0.051562 0.078125
1 0.582812 0.963281 0.184375 0.073438
1 0.757812 0.998437 0.015625 0.003125
