7 0.991406 0.340625 0.017188 0.056250
7 0.991406 0.264844 0.017188 0.098437
1 0.760938 0.390625 0.106250 0.096875
7 0.687500 0.267969 0.053125 0.060937
7 0.662500 0.294531 0.053125 0.051562
7 0.532813 0.369531 0.053125 0.051562
7 0.536719 0.296875 0.042188 0.050000
7 0.564063 0.326562 0.071875 0.056250
7 0.577344 0.288281 0.067187 0.048438
7 0.600000 0.310156 0.053125 0.045312
7 0.534375 0.469531 0.096875 0.098437
7 0.438281 0.470313 0.098437 0.093750
7 0.398438 0.515625 0.059375 0.050000
7 0.502344 0.492969 0.045312 0.051562
7 0.321094 0.557031 0.123438 0.154688
7 0.582031 0.474219 0.035937 0.051562
7 0.692969 0.549219 0.054688 0.064062
6 0.665625 0.574219 0.034375 0.042188
7 0.640625 0.551562 0.059375 0.053125
7 0.644531 0.611719 0.064062 0.064062
7 0.619531 0.586719 0.057813 0.067187
7 0.272656 0.657031 0.092188 0.095312
7 0.235937 0.596094 0.075000 0.060937
7 0.218750 0.691406 0.065625 0.060937
7 0.290625 0.728125 0.062500 0.062500
7 0.260156 0.730469 0.057813 0.054688
7 0.263281 0.771875 0.067187 0.040625
7 0.221875 0.734375 0.037500 0.056250
7 0.205469 0.739062 0.048438 0.062500
7 0.174219 0.753125 0.076563 0.103125
7 0.387500 0.728906 0.050000 0.054688
7 0.353906 0.763281 0.079687 0.092188
7 0.373437 0.648438 0.062500 0.068750
6 0.755469 0.451562 0.042188 0.034375
7 0.626563 0.819531 0.056250 0.057813
7 0.573438 0.832812 0.090625 0.112500
7 0.658594 0.839063 0.085938 0.075000
7 0.431250 0.756250 0.075000 0.068750
7 0.446875 0.809375 0.065625 0.075000
7 0.649219 0.935156 0.089063 0.079687
7 0.136719 0.862500 0.085938 0.100000
7 0.130469 0.937500 0.076563 0.059375
7 0.101562 0.959375 0.059375 0.075000
7 0.308594 0.952344 0.085938 0.095312
7 0.350781 0.981250 0.070312 0.037500
7 0.255469 0.967187 0.067187 0.065625
7 0.217969 0.995313 0.020313 0.009375
7 0.146875 0.990625 0.046875 0.018750
7 0.161719 0.967187 0.035937 0.046875
7 0.199219 0.984375 0.057813 0.031250
7 0.207031 0.931250 0.067187 0.046875
7 0.197656 0.960156 0.064062 0.035937
7 0.866406 0.718750 0.082812 0.071875
7 0.805469 0.748437 0.057813 0.071875
7 0.969531 0.716406 0.060937 0.076563
6 0.802344 0.796094 0.029687 0.029687
7 0.788281 0.898438 0.098437 0.109375
7 0.824219 0.945312 0.117188 0.109375
7 0.621094 0.964063 0.076563 0.071875
7 0.888281 0.970313 0.045312 0.059375
7 0.980469 0.870313 0.039062 0.075000
7 0.994531 0.825000 0.010937 0.025000
7 0.405469 0.978125 0.045312 0.043750
7 0.641406 0.996094 0.029687 0.007812
7 0.690625 0.985156 0.056250 0.029687
1 0.759375 0.985156 0.056250 0.029687
