1 0.986719 0.704688 0.026562 0.075000
6 0.752344 0.480469 0.123438 0.110937
2 0.779687 0.609375 0.184375 0.228125
2 0.868750 0.464062 0.115625 0.125000
1 0.887500 0.330469 0.115625 0.160938
6 0.957812 0.317188 0.084375 0.159375
2 0.612500 0.025781 0.128125 0.051562
2 0.694531 0.253906 0.176563 0.176563
1 0.385156 0.117188 0.129688 0.140625
6 0.114844 0.227344 0.148438 0.239063
4 0.287500 0.116406 0.131250 0.151562
2 0.589063 0.581250 0.112500 0.150000
2 0.667188 0.484375 0.115625 0.146875
2 0.636719 0.425781 0.104688 0.132812
4 0.836719 0.137500 0.201563 0.256250
4 0.950000 0.044531 0.100000 0.089063
1 0.491406 0.156250 0.148438 0.150000
2 0.813281 0.027344 0.176563 0.054688
