2 0.046094 0.096875 0.092188 0.156250
1 0.167969 0.119531 0.117188 0.126562
1 0.019531 0.296875 0.039062 0.096875
1 0.039844 0.431250 0.079687 0.159375
1 0.119531 0.448437 0.120313 0.171875
2 0.053906 0.609375 0.107813 0.150000
1 0.085156 0.778906 0.170313 0.226562
1 0.199219 0.915625 0.101562 0.125000
1 0.066406 0.934375 0.132812 0.131250
1 0.788281 0.024219 0.045312 0.048438
1 0.721094 0.014844 0.076563 0.029687
2 0.297656 0.093750 0.160938 0.187500
1 0.466406 0.092969 0.198437 0.185938
2 0.587500 0.111719 0.068750 0.085938
2 0.729688 0.098437 0.262500 0.196875
6 0.273438 0.896094 0.065625 0.082812
1 0.271875 0.965625 0.100000 0.068750
1 0.528125 0.263281 0.178125 0.173437
2 0.660937 0.682813 0.203125 0.203125
2 0.368750 0.925000 0.162500 0.150000
1 0.784375 0.925781 0.221875 0.148438
7 0.526563 0.930469 0.140625 0.117188
2 0.651563 0.880469 0.328125 0.239063
2 0.580469 0.542969 0.142187 0.132812
2 0.969531 0.923438 0.060937 0.081250
2 0.800000 0.200781 0.212500 0.110937
2 0.817187 0.775781 0.190625 0.207813
2 0.989062 0.734375 0.021875 0.075000
2 0.949219 0.783594 0.101562 0.170313
2 0.085938 0.217188 0.171875 0.150000
2 0.085156 0.321094 0.092188 0.110937
1 0.990625 0.457031 0.018750 0.110937
1 0.883594 0.599219 0.232813 0.298438
1 0.936719 0.403125 0.126562 0.146875
1 0.847656 0.331250 0.151562 0.150000
1 0.818750 0.425781 0.118750 0.126562
1 0.734375 0.403906 0.121875 0.179688
2 0.944531 0.319531 0.110937 0.167187
2 0.956250 0.213281 0.087500 0.098437
2 0.868750 0.110937 0.100000 0.137500
1 0.922656 0.102344 0.139063 0.204687
1 0.844531 0.000781 0.007812 0.001563
1 0.984375 0.138281 0.031250 0.157812
1 0.222656 0.242188 0.110937 0.168750
1 0.610938 0.455469 0.193750 0.182812
1 0.746875 0.592187 0.081250 0.081250
1 0.567969 0.010156 0.054688 0.020313
2 0.244531 0.767188 0.154688 0.200000
2 0.367188 0.721875 0.153125 0.259375
2 0.180469 0.636719 0.204687 0.229687
2 0.193750 0.353125 0.125000 0.112500
2 0.261719 0.392188 0.117188 0.112500
2 0.399219 0.328125 0.217188 0.159375
2 0.319531 0.260937 0.135937 0.146875
1 0.448437 0.495312 0.140625 0.118750
3 0.309375 0.477344 0.106250 0.082812
