1 0.526563 0.998437 0.009375 0.003125
2 0.096875 0.973437 0.193750 0.053125
2 0.105469 0.901563 0.210938 0.187500
1 0.021875 0.862500 0.043750 0.125000
2 0.671094 0.949219 0.232813 0.101562
1 0.559375 0.923438 0.150000 0.153125
2 0.682031 0.793750 0.317188 0.262500
2 0.980469 0.013281 0.039062 0.026562
1 0.028125 0.767188 0.056250 0.100000
1 0.096094 0.710156 0.192188 0.201563
2 0.089844 0.568750 0.179688 0.150000
2 0.230469 0.735156 0.132812 0.135937
1 0.050781 0.422656 0.101562 0.179688
1 0.095312 0.514062 0.075000 0.065625
1 0.131250 0.465625 0.071875 0.081250
1 0.168750 0.384375 0.159375 0.168750
1 0.021094 0.182031 0.042188 0.157812
1 0.384375 0.865625 0.209375 0.221875
1 0.489844 0.791406 0.154688 0.154688
1 0.414062 0.638281 0.231250 0.254688
1 0.710938 0.648438 0.206250 0.184375
3 0.486719 0.524219 0.104688 0.104688
3 0.540625 0.596094 0.106250 0.110937
3 0.564063 0.507031 0.103125 0.114062
2 0.365625 0.494531 0.103125 0.085938
2 0.359375 0.357812 0.178125 0.187500
6 0.621875 0.603125 0.103125 0.062500
6 0.436719 0.461719 0.073438 0.070312
6 0.500000 0.429688 0.087500 0.084375
2 0.537500 0.189062 0.118750 0.093750
6 0.934375 0.624219 0.056250 0.039062
6 0.968750 0.591406 0.062500 0.048438
1 0.966406 0.133594 0.067187 0.232813
2 0.904687 0.083594 0.150000 0.167187
2 0.501563 0.095312 0.106250 0.112500
2 0.405469 0.172656 0.154688 0.154688
2 0.447656 0.062500 0.101562 0.090625
2 0.300000 0.117188 0.193750 0.234375
2 0.823438 0.090625 0.168750 0.181250
2 0.684375 0.073438 0.218750 0.146875
6 0.028906 0.301563 0.057813 0.056250
2 0.830469 0.451562 0.110937 0.128125
2 0.775000 0.531250 0.081250 0.131250
2 0.757812 0.463281 0.115625 0.098437
2 0.449219 0.050781 0.170313 0.101562
2 0.400781 0.999219 0.010937 0.001563
2 0.390625 0.997656 0.009375 0.004687
2 0.679688 0.527344 0.140625 0.104688
1 0.102344 0.117969 0.176563 0.098437
