1 0.009375 0.978125 0.018750 0.043750
1 0.201563 0.907031 0.153125 0.139063
1 0.413281 0.873437 0.107813 0.106250
1 0.396875 0.798438 0.075000 0.087500
1 0.316406 0.807031 0.095312 0.089063
2 0.316406 0.849219 0.164062 0.107813
1 0.483594 0.673438 0.182812 0.178125
2 0.015625 0.775000 0.031250 0.043750
2 0.000781 0.734375 0.001563 0.012500
6 0.001563 0.912500 0.003125 0.003125
1 0.056250 0.369531 0.112500 0.145313
2 0.128125 0.245312 0.168750 0.193750
2 0.069531 0.195312 0.085938 0.106250
2 0.018750 0.272656 0.037500 0.054688
2 0.143750 0.700781 0.128125 0.154688
6 0.002344 0.602344 0.004687 0.020313
1 0.274219 0.722656 0.114062 0.142187
1 0.353125 0.667969 0.065625 0.117188
2 0.338281 0.464844 0.064062 0.114062
6 0.279687 0.434375 0.103125 0.071875
2 0.396094 0.298438 0.132812 0.125000
2 0.336719 0.221875 0.104688 0.137500
2 0.200000 0.164062 0.075000 0.109375
2 0.476562 0.000000 0.003125 0.000000
2 0.430469 0.013281 0.082812 0.026562
1 0.769531 0.965625 0.079687 0.068750
1 0.840625 0.964844 0.093750 0.070312
1 0.902344 0.897656 0.195312 0.204687
1 0.697656 0.819531 0.217188 0.210938
1 0.579688 0.856250 0.112500 0.128125
1 0.673438 0.943750 0.184375 0.112500
2 0.966406 0.964063 0.067187 0.071875
2 0.986719 0.885156 0.026562 0.076563
2 0.668750 0.622656 0.212500 0.201563
1 0.797656 0.560156 0.126562 0.104688
1 0.822656 0.630469 0.060937 0.070312
1 0.879687 0.619531 0.071875 0.085938
1 0.900000 0.678125 0.112500 0.137500
2 0.568750 0.233594 0.168750 0.173437
1 0.625000 0.328125 0.137500 0.109375
7 0.476562 0.051562 0.093750 0.087500
2 0.199219 0.024219 0.114062 0.048438
2 0.660156 0.013281 0.082812 0.026562
2 0.926562 0.039062 0.146875 0.078125
6 0.149219 0.403125 0.073438 0.090625
1 0.925000 0.409375 0.150000 0.221875
1 0.971094 0.618750 0.057813 0.203125
