1 0.062500 0.950000 0.125000 0.100000
1 0.332813 0.386719 0.159375 0.142187
1 0.380469 0.485156 0.139063 0.176563
1 0.421094 0.346875 0.101562 0.100000
1 0.250781 0.468750 0.135937 0.168750
1 0.170313 0.350000 0.175000 0.215625
6 0.303125 0.998437 0.018750 0.003125
1 0.273438 0.895312 0.146875 0.209375
6 0.135937 0.857812 0.103125 0.218750
1 0.431250 0.981250 0.103125 0.037500
1 0.981250 0.672656 0.037500 0.110937
1 0.999219 0.584375 0.001563 0.003125
2 0.610156 0.964844 0.114062 0.070312
6 0.455469 0.925000 0.073438 0.093750
1 0.452344 0.443750 0.076563 0.090625
