2 0.542188 0.768750 0.171875 0.178125
1 0.556250 0.933594 0.115625 0.132812
2 0.953906 0.593750 0.092188 0.165625
2 0.836719 0.921875 0.132812 0.156250
2 0.632812 0.997656 0.009375 0.004687
2 0.705469 0.939844 0.176563 0.120313
2 0.687500 0.896875 0.159375 0.109375
1 0.538281 0.623437 0.073438 0.121875
1 0.457813 0.696094 0.121875 0.104688
1 0.418750 0.889062 0.146875 0.200000
2 0.831250 0.657031 0.228125 0.185938
6 0.746094 0.469531 0.039062 0.026562
2 0.942969 0.812500 0.114062 0.165625
3 0.902344 0.735156 0.120313 0.139063
2 0.764844 0.740625 0.167187 0.153125
1 0.445312 0.443750 0.112500 0.078125
1 0.417969 0.509375 0.073438 0.084375
1 0.478125 0.515625 0.096875 0.093750
1 0.445312 0.596875 0.103125 0.093750
2 0.036719 0.605469 0.073438 0.170313
1 0.113281 0.613281 0.142187 0.120313
1 0.123438 0.459375 0.140625 0.093750
1 0.109375 0.398438 0.190625 0.134375
1 0.215625 0.639062 0.137500 0.165625
1 0.207813 0.231250 0.140625 0.140625
2 0.707031 0.802344 0.329688 0.210938
1 0.166406 0.788281 0.210938 0.223438
1 0.222656 0.910156 0.220312 0.179688
1 0.706250 0.133594 0.125000 0.142187
1 0.636719 0.108594 0.098437 0.135937
1 0.770312 0.042969 0.118750 0.085938
1 0.649219 0.032813 0.167187 0.065625
2 0.636719 0.230469 0.173437 0.120313
3 0.739844 0.255469 0.095312 0.117188
6 0.823438 0.308594 0.131250 0.170313
3 0.588281 0.298438 0.123438 0.121875
2 0.719531 0.435156 0.120313 0.179688
3 0.632031 0.362500 0.151562 0.128125
2 0.485156 0.341406 0.195312 0.189062
1 0.533594 0.084375 0.142187 0.168750
1 0.479687 0.183594 0.134375 0.154688
1 0.093750 0.300781 0.187500 0.154688
2 0.292187 0.494531 0.221875 0.242188
1 0.396875 0.363281 0.115625 0.170313
1 0.309375 0.353906 0.106250 0.085938
1 0.331250 0.250000 0.206250 0.175000
1 0.432812 0.104688 0.109375 0.150000
2 0.626563 0.460938 0.100000 0.118750
6 0.817969 0.565625 0.045312 0.037500
4 0.748437 0.534375 0.125000 0.115625
4 0.679688 0.627344 0.184375 0.160938
2 0.309375 0.750781 0.203125 0.157812
2 0.097656 0.925000 0.195312 0.150000
2 0.330469 0.982812 0.029687 0.034375
1 0.381250 0.980469 0.068750 0.039062
2 0.359375 0.053906 0.106250 0.107813
2 0.229687 0.025781 0.134375 0.051562
2 0.164062 0.035156 0.068750 0.070312
3 0.632812 0.720313 0.106250 0.084375
1 0.080469 0.054688 0.160938 0.109375
1 0.010937 0.144531 0.021875 0.095312
1 0.039844 0.214844 0.079687 0.173437
