3 0.213281 0.985938 0.082812 0.028125
2 0.133594 0.949219 0.167187 0.101562
1 0.039062 0.949219 0.078125 0.101562
5 0.393750 0.964844 0.121875 0.070312
2 0.769531 0.929688 0.145313 0.140625
4 0.507812 0.978906 0.078125 0.042188
4 0.510156 0.928125 0.107813 0.081250
4 0.445312 0.927344 0.084375 0.085938
4 0.397656 0.886719 0.073438 0.064062
2 0.341406 0.785937 0.173437 0.209375
2 0.416406 0.757812 0.145313 0.156250
1 0.264062 0.828125 0.084375 0.093750
1 0.167187 0.734375 0.190625 0.118750
1 0.439063 0.594531 0.193750 0.214062
1 0.583594 0.670312 0.157812 0.159375
2 0.205469 0.672656 0.264062 0.135937
1 0.167969 0.563281 0.132812 0.145313
1 0.069531 0.622656 0.139063 0.185938
1 0.009375 0.655469 0.018750 0.135937
1 0.031250 0.503906 0.062500 0.120313
1 0.103125 0.469531 0.143750 0.107813
1 0.270313 0.553906 0.184375 0.126562
6 0.762500 0.607812 0.137500 0.121875
1 0.624219 0.593750 0.145313 0.093750
1 0.722656 0.478906 0.195312 0.223438
1 0.932813 0.477344 0.078125 0.089063
2 0.907031 0.403125 0.185938 0.193750
2 0.852344 0.271094 0.123438 0.117188
1 0.596875 0.511719 0.112500 0.098437
1 0.476562 0.442188 0.143750 0.159375
2 0.608594 0.310156 0.210938 0.267188
7 0.092188 0.102344 0.103125 0.123438
1 0.153906 0.173437 0.123438 0.146875
1 0.746094 0.110937 0.182812 0.221875
2 0.950781 0.071875 0.098437 0.134375
2 0.900781 0.140625 0.129688 0.103125
1 0.935156 0.016406 0.107813 0.032813
2 0.193750 0.043750 0.162500 0.087500
6 0.962500 0.929688 0.075000 0.140625
1 0.001563 0.875781 0.003125 0.017188
