2 0.674219 0.119531 0.117188 0.129688
1 0.652344 0.028125 0.132812 0.056250
2 0.321094 0.110156 0.170313 0.220312
2 0.407813 0.261719 0.115625 0.145313
2 0.761719 0.166406 0.157812 0.179688
2 0.567969 0.126562 0.117188 0.112500
2 0.723437 0.269531 0.103125 0.085938
2 0.808594 0.351562 0.185938 0.221875
2 0.928125 0.209375 0.143750 0.250000
1 0.987500 0.282813 0.025000 0.125000
2 0.577344 0.236719 0.167187 0.095312
1 0.482031 0.360156 0.151562 0.220312
1 0.639062 0.392969 0.206250 0.254688
6 0.978906 0.758594 0.042188 0.076563
1 0.585156 0.539844 0.135937 0.110937
1 0.697656 0.653906 0.160938 0.189062
1 0.549219 0.631250 0.117188 0.125000
1 0.524219 0.732031 0.192188 0.154688
1 0.900781 0.841406 0.198437 0.251563
1 0.809375 0.743750 0.137500 0.118750
4 0.845313 0.207031 0.078125 0.098437
1 0.892188 0.999219 0.006250 0.001563
1 0.764062 0.997656 0.012500 0.004687
1 0.816406 0.988281 0.064062 0.023438
2 0.949219 0.982812 0.076563 0.034375
1 0.422656 0.582812 0.248438 0.250000
4 0.385937 0.392188 0.121875 0.175000
1 0.265625 0.465625 0.203125 0.271875
3 0.307031 0.629687 0.060937 0.093750
3 0.293750 0.721094 0.121875 0.107813
1 0.441406 0.825781 0.182812 0.204687
1 0.571875 0.850781 0.125000 0.160938
1 0.585938 0.939063 0.156250 0.121875
1 0.209375 0.885156 0.246875 0.229687
1 0.328125 0.913281 0.200000 0.173437
2 0.119531 0.158594 0.176563 0.251563
2 0.028906 0.125781 0.057813 0.157812
1 0.125781 0.500781 0.142187 0.164062
4 0.068750 0.006250 0.043750 0.012500
2 0.214062 0.100781 0.143750 0.139063
2 0.017969 0.232813 0.035937 0.078125
2 0.063281 0.363281 0.126562 0.198437
6 0.140625 0.325000 0.081250 0.078125
1 0.034375 0.909375 0.068750 0.181250
1 0.006250 0.815625 0.012500 0.037500
1 0.036719 0.733594 0.073438 0.135937
3 0.072656 0.671094 0.114062 0.095312
2 0.030469 0.570312 0.060937 0.134375
4 0.212500 0.730469 0.140625 0.126562
3 0.085938 0.756250 0.084375 0.081250
6 0.707812 0.847656 0.112500 0.060937
