2 0.167187 0.983594 0.071875 0.032813
2 0.028906 0.975781 0.057813 0.048438
2 0.032813 0.874219 0.065625 0.201563
1 0.558594 0.947656 0.145313 0.104688
1 0.632031 0.900781 0.148438 0.107813
1 0.581250 0.840625 0.150000 0.115625
2 0.460156 0.925781 0.135937 0.107813
2 0.403125 0.978125 0.075000 0.043750
1 0.696094 0.950781 0.129688 0.098437
1 0.466406 0.978125 0.073438 0.043750
1 0.306250 0.985156 0.078125 0.029687
1 0.451562 0.842187 0.118750 0.118750
2 0.692187 0.738281 0.256250 0.214062
2 0.332813 0.887500 0.131250 0.096875
2 0.246094 0.858594 0.085938 0.114062
1 0.345313 0.794531 0.178125 0.160938
1 0.508594 0.725781 0.195312 0.164062
6 0.150781 0.779687 0.226562 0.271875
1 0.134375 0.600781 0.159375 0.142187
1 0.229687 0.663281 0.084375 0.126562
1 0.321875 0.586719 0.162500 0.204687
1 0.596875 0.636719 0.193750 0.139063
1 0.067969 0.528125 0.135937 0.156250
2 0.470313 0.573438 0.131250 0.156250
2 0.558594 0.512500 0.198437 0.209375
2 0.220312 0.515625 0.175000 0.140625
2 0.796875 0.648438 0.112500 0.109375
2 0.027344 0.620313 0.054688 0.156250
4 0.000000 0.624219 0.000000 0.001563
1 0.025781 0.391406 0.051562 0.145313
1 0.064062 0.369531 0.128125 0.135937
2 0.160156 0.400781 0.129688 0.110937
2 0.209375 0.340625 0.084375 0.090625
2 0.371094 0.357031 0.179688 0.173437
1 0.046875 0.010937 0.093750 0.021875
2 0.772656 0.510156 0.076563 0.129688
1 0.688281 0.501563 0.117188 0.106250
1 0.896094 0.472656 0.142187 0.114062
1 0.684375 0.403906 0.128125 0.107813
2 0.294531 0.306250 0.176563 0.106250
4 0.435937 0.030469 0.137500 0.060937
1 0.971875 0.157031 0.056250 0.129688
1 0.950000 0.040625 0.100000 0.081250
