2 0.125781 0.984375 0.126562 0.031250
2 0.294531 0.983594 0.107813 0.032813
1 0.026562 0.800000 0.053125 0.106250
2 0.258594 0.964063 0.089063 0.059375
5 0.200781 0.842969 0.229687 0.251563
2 0.284375 0.760156 0.153125 0.120313
2 0.079687 0.762500 0.125000 0.103125
2 0.510156 0.855469 0.164062 0.223438
2 0.675781 0.944531 0.195312 0.110937
1 0.901563 0.904687 0.159375 0.137500
2 0.964063 0.857031 0.071875 0.157812
1 0.636719 0.819531 0.117188 0.185938
1 0.562500 0.739844 0.131250 0.157812
2 0.750000 0.814063 0.125000 0.162500
2 0.842187 0.788281 0.128125 0.117188
2 0.891406 0.726562 0.167187 0.153125
4 0.880469 0.992188 0.029687 0.015625
4 0.930469 0.983594 0.101562 0.032813
2 0.012500 0.639844 0.025000 0.123438
1 0.035937 0.519531 0.071875 0.132812
2 0.050781 0.704688 0.101562 0.068750
2 0.151562 0.578125 0.237500 0.153125
2 0.329688 0.561719 0.156250 0.151562
2 0.221875 0.435156 0.215625 0.173437
2 0.353125 0.414062 0.212500 0.162500
1 0.013281 0.370312 0.026562 0.184375
1 0.018750 0.246094 0.037500 0.085938
1 0.525000 0.655469 0.115625 0.107813
1 0.444531 0.622656 0.110937 0.114062
2 0.394531 0.690625 0.135937 0.175000
2 0.384375 0.570312 0.103125 0.112500
2 0.650781 0.534375 0.117188 0.171875
2 0.864844 0.614062 0.151562 0.146875
1 0.916406 0.517188 0.167187 0.221875
2 0.968750 0.426563 0.062500 0.118750
2 0.502344 0.505469 0.204687 0.229687
2 0.586719 0.399219 0.207813 0.179688
1 0.804688 0.398438 0.168750 0.159375
1 0.947656 0.367188 0.104688 0.103125
1 0.841406 0.332031 0.195312 0.107813
1 0.964063 0.292969 0.071875 0.101562
2 0.771875 0.268750 0.209375 0.215625
1 0.835156 0.149219 0.129688 0.123438
1 0.695312 0.130469 0.168750 0.176563
1 0.752344 0.047656 0.170313 0.095312
1 0.657031 0.000781 0.026562 0.001563
1 0.579688 0.030469 0.109375 0.060937
1 0.266406 0.188281 0.195312 0.201563
2 0.248438 0.053125 0.178125 0.106250
6 0.010156 0.083594 0.020313 0.092188
6 0.127344 0.010937 0.057813 0.021875
2 0.495312 0.984375 0.100000 0.031250
2 0.384375 0.015625 0.115625 0.031250
2 0.456250 0.017969 0.059375 0.035937
1 0.945312 0.036719 0.109375 0.073438
