5 0.432031 0.999219 0.007812 0.001563
5 0.460938 0.994531 0.025000 0.010937
6 0.349219 0.832031 0.051562 0.076563
2 0.390625 0.789062 0.115625 0.100000
6 0.350781 0.568750 0.070312 0.075000
2 0.330469 0.979688 0.120313 0.040625
2 0.304688 0.866406 0.106250 0.132812
2 0.378125 0.933594 0.168750 0.132812
2 0.507031 0.875000 0.235937 0.171875
2 0.564844 0.959375 0.160938 0.081250
2 0.614844 0.985156 0.085938 0.029687
1 0.070312 0.768750 0.140625 0.187500
1 0.064844 0.997656 0.032813 0.004687
6 0.613281 0.800000 0.054688 0.056250
2 0.993750 0.735156 0.012500 0.029687
2 0.765625 0.933594 0.103125 0.126562
1 0.871094 0.916406 0.167187 0.167187
1 0.970313 0.939844 0.059375 0.120313
1 0.941406 0.975000 0.064062 0.050000
1 0.771094 0.675000 0.220312 0.243750
2 0.610938 0.688281 0.246875 0.201563
1 0.031250 0.474219 0.062500 0.214062
2 0.070312 0.665625 0.140625 0.196875
2 0.115625 0.582812 0.196875 0.159375
2 0.256250 0.478906 0.171875 0.160938
2 0.373437 0.469531 0.134375 0.076563
2 0.437500 0.528125 0.118750 0.118750
3 0.233594 0.267969 0.145313 0.195312
2 0.476562 0.367969 0.112500 0.117188
1 0.416406 0.341406 0.160938 0.167187
2 0.321094 0.324219 0.067187 0.070312
3 0.336719 0.248438 0.107813 0.090625
2 0.746094 0.474219 0.129688 0.092188
1 0.783594 0.376563 0.135937 0.134375
2 0.662500 0.535937 0.115625 0.096875
1 0.638281 0.498437 0.089063 0.068750
1 0.703125 0.407031 0.118750 0.110937
1 0.620313 0.442188 0.131250 0.131250
2 0.535937 0.377344 0.100000 0.129688
6 0.685937 0.204687 0.087500 0.081250
2 0.617969 0.114844 0.101562 0.082812
2 0.648438 0.003125 0.018750 0.006250
2 0.589063 0.041406 0.103125 0.082812
2 0.637500 0.058594 0.065625 0.095312
2 0.691406 0.046094 0.076563 0.092188
2 0.732031 0.003125 0.035937 0.006250
2 0.660937 0.001563 0.003125 0.003125
6 0.193750 0.144531 0.112500 0.142187
1 0.047656 0.178125 0.095312 0.212500
2 0.105469 0.272656 0.167187 0.142187
1 0.011719 0.310156 0.023438 0.070312
2 0.385156 0.141406 0.089063 0.098437
3 0.307812 0.153906 0.121875 0.095312
2 0.614062 0.220312 0.068750 0.093750
2 0.671875 0.131250 0.131250 0.096875
1 0.750781 0.073438 0.107813 0.146875
1 0.841406 0.036719 0.107813 0.073438
1 0.795312 0.129688 0.103125 0.121875
1 0.903906 0.090625 0.192188 0.181250
1 0.968750 0.323437 0.062500 0.075000
1 0.959375 0.207031 0.081250 0.170313
1 0.997656 0.379688 0.004687 0.040625
2 0.857031 0.491406 0.123438 0.101562
3 0.226562 0.617188 0.193750 0.203125
6 0.219531 0.734375 0.035937 0.040625
3 0.339062 0.665625 0.146875 0.137500
3 0.403125 0.701562 0.168750 0.137500
2 0.446094 0.631250 0.073438 0.081250
2 0.756250 0.239063 0.084375 0.078125
3 0.746875 0.309375 0.059375 0.068750
1 0.839063 0.235937 0.162500 0.146875
1 0.863281 0.345313 0.176563 0.165625
1 0.948438 0.390625 0.071875 0.081250
1 0.641406 0.325000 0.145313 0.140625
3 0.434375 0.212500 0.046875 0.084375
2 0.545312 0.561719 0.131250 0.098437
3 0.130469 0.998437 0.017188 0.003125
2 0.128125 0.063281 0.115625 0.126562
2 0.289844 0.079687 0.154688 0.150000
2 0.370312 0.043750 0.253125 0.087500
2 0.205469 0.026562 0.095312 0.053125
2 0.875000 0.818750 0.250000 0.171875
2 0.942969 0.585156 0.114062 0.235937
1 0.933594 0.446094 0.132812 0.117188
2 0.453906 0.147656 0.067187 0.079687
