1 0.217188 0.960156 0.168750 0.079687
1 0.986719 0.973437 0.026562 0.053125
2 0.746094 0.979688 0.157812 0.040625
1 0.944531 0.542188 0.110937 0.128125
1 0.718750 0.950000 0.090625 0.068750
1 0.343750 0.758594 0.196875 0.117188
1 0.210156 0.677344 0.195312 0.239063
1 0.100000 0.741406 0.200000 0.179688
2 0.259375 0.869531 0.128125 0.148438
2 0.356250 0.880469 0.084375 0.085938
1 0.333594 0.432812 0.139063 0.143750
2 0.189062 0.462500 0.237500 0.281250
2 0.046094 0.622656 0.092188 0.207813
2 0.010937 0.785156 0.021875 0.048438
2 0.000781 0.748437 0.001563 0.018750
2 0.001563 0.726562 0.003125 0.006250
2 0.993750 0.189062 0.012500 0.021875
2 0.950000 0.045312 0.100000 0.090625
2 0.862500 0.071094 0.143750 0.142187
2 0.680469 0.032813 0.067187 0.065625
1 0.767188 0.032813 0.128125 0.065625
2 0.328906 0.343750 0.095312 0.087500
2 0.300781 0.294531 0.135937 0.104688
2 0.264844 0.205469 0.157812 0.107813
2 0.428125 0.367969 0.106250 0.079687
3 0.430469 0.264062 0.101562 0.090625
3 0.497656 0.328125 0.092188 0.093750
2 0.394531 0.317969 0.101562 0.092188
1 0.170313 0.301563 0.131250 0.190625
1 0.048438 0.514844 0.096875 0.104688
1 0.000781 0.503125 0.001563 0.006250
2 0.049219 0.432031 0.079687 0.092188
1 0.060156 0.327344 0.120313 0.179688
1 0.017188 0.385937 0.034375 0.178125
1 0.025000 0.039062 0.050000 0.078125
2 0.234375 0.085938 0.153125 0.125000
1 0.185938 0.019531 0.225000 0.039062
1 0.360156 0.039062 0.145313 0.078125
