2 0.880469 0.979688 0.135937 0.040625
1 0.968750 0.914844 0.062500 0.170313
2 0.966406 0.854688 0.067187 0.081250
1 0.936719 0.710156 0.126562 0.232813
4 0.904687 0.839844 0.096875 0.139063
2 0.839063 0.911719 0.106250 0.123438
1 0.783594 0.951562 0.114062 0.096875
1 0.682813 0.886719 0.156250 0.176563
1 0.759375 0.857812 0.087500 0.118750
2 0.553125 0.861719 0.171875 0.170313
2 0.469531 0.397656 0.145313 0.142187
2 0.385156 0.605469 0.079687 0.092188
2 0.444531 0.542188 0.085938 0.118750
2 0.530469 0.492969 0.129688 0.135937
4 0.808594 0.583594 0.160938 0.157812
2 0.867188 0.510938 0.118750 0.137500
2 0.606250 0.326562 0.203125 0.150000
2 0.581250 0.398438 0.062500 0.090625
2 0.690625 0.391406 0.153125 0.145313
1 0.939063 0.500781 0.090625 0.145313
2 0.896094 0.412500 0.101562 0.100000
2 0.885938 0.314844 0.143750 0.104688
6 0.792969 0.325000 0.060937 0.056250
2 0.901563 0.246875 0.125000 0.112500
2 0.764062 0.169531 0.259375 0.257812
2 0.962500 0.252344 0.075000 0.089063
2 0.959375 0.163281 0.081250 0.148438
6 0.956250 0.115625 0.050000 0.034375
2 0.335938 0.201563 0.131250 0.178125
3 0.239844 0.124219 0.082812 0.101562
4 0.013281 0.462500 0.026562 0.118750
4 0.001563 0.386719 0.003125 0.023438
4 0.039844 0.487500 0.079687 0.131250
4 0.119531 0.339062 0.239063 0.206250
2 0.082812 0.175000 0.128125 0.156250
2 0.593750 0.674219 0.131250 0.160938
2 0.674219 0.613281 0.132812 0.123438
2 0.959375 0.411719 0.081250 0.095312
6 0.517188 0.098437 0.093750 0.106250
1 0.742188 0.064844 0.090625 0.073438
1 0.675781 0.055469 0.201563 0.110937
1 0.583594 0.002344 0.017188 0.004687
1 0.557031 0.000000 0.004687 0.000000
1 0.885938 0.721875 0.137500 0.125000
3 0.330469 0.034375 0.085938 0.068750
