1 0.060156 0.070312 0.120313 0.140625
1 0.180469 0.074219 0.157812 0.148438
7 0.001563 0.165625 0.003125 0.012500
7 0.007031 0.114844 0.014063 0.064062
1 0.027344 0.160156 0.054688 0.073438
2 0.069531 0.178125 0.132812 0.118750
7 0.190625 0.332031 0.146875 0.139063
7 0.093750 0.293750 0.115625 0.109375
1 0.207813 0.411719 0.140625 0.089063
1 0.067187 0.411719 0.134375 0.245312
2 0.094531 0.550781 0.189062 0.248438
1 0.179688 0.655469 0.196875 0.189062
2 0.057031 0.697656 0.114062 0.095312
2 0.031250 0.786719 0.062500 0.139063
2 0.097656 0.781250 0.114062 0.125000
2 0.176563 0.804688 0.112500 0.118750
2 0.282813 0.821875 0.134375 0.128125
1 0.115625 0.912500 0.171875 0.175000
1 0.059375 0.945312 0.118750 0.109375
1 0.242969 0.963281 0.154688 0.073438
1 0.739062 0.733594 0.090625 0.085938
1 0.913281 0.853125 0.098437 0.087500
1 0.935937 0.937500 0.128125 0.125000
2 0.787500 0.953906 0.225000 0.092188
6 0.829688 0.889062 0.071875 0.090625
3 0.392969 0.817187 0.173437 0.118750
3 0.478906 0.853125 0.073438 0.109375
2 0.467969 0.717187 0.070312 0.103125
2 0.860938 0.815625 0.071875 0.084375
2 0.838281 0.740625 0.123438 0.090625
7 0.765625 0.812500 0.115625 0.081250
7 0.260937 0.526563 0.084375 0.112500
1 0.655469 0.607031 0.164062 0.195312
2 0.747656 0.560937 0.079687 0.084375
2 0.350781 0.737500 0.064062 0.081250
6 0.304688 0.471875 0.106250 0.093750
7 0.797656 0.451562 0.129688 0.150000
7 0.866406 0.396875 0.101562 0.112500
7 0.593750 0.464062 0.093750 0.103125
1 0.944531 0.456250 0.110937 0.190625
1 0.578125 0.374219 0.156250 0.092188
1 0.683594 0.328906 0.120313 0.101562
1 0.605469 0.292187 0.114062 0.103125
1 0.461719 0.282813 0.117188 0.109375
1 0.412500 0.192188 0.090625 0.103125
1 0.657813 0.260937 0.056250 0.106250
1 0.765625 0.294531 0.156250 0.145313
1 0.600000 0.161719 0.137500 0.145313
7 0.314844 0.177344 0.126562 0.151562
7 0.854688 0.221094 0.081250 0.089063
3 0.416406 0.494531 0.060937 0.082812
2 0.497656 0.492188 0.151562 0.134375
2 0.656250 0.437500 0.103125 0.115625
2 0.932031 0.347656 0.082812 0.110937
2 0.968750 0.307031 0.062500 0.117188
2 0.382812 0.389844 0.143750 0.135937
2 0.772656 0.203906 0.054688 0.070312
2 0.651563 0.101562 0.078125 0.109375
2 0.382812 0.109375 0.065625 0.090625
2 0.746875 0.367969 0.140625 0.064062
2 0.290625 0.057031 0.078125 0.073438
2 0.226562 0.026562 0.106250 0.053125
2 0.625781 0.028906 0.085938 0.057813
1 0.702344 0.028906 0.095312 0.057813
2 0.906250 0.017188 0.093750 0.034375
2 0.792969 0.052344 0.126562 0.104688
4 0.991406 0.003906 0.017188 0.007812
5 0.941406 0.202344 0.117188 0.189062
7 0.524219 0.053125 0.107813 0.103125
2 0.970313 0.642969 0.059375 0.114062
1 0.982031 0.816406 0.035937 0.073438
