7 0.549219 0.085938 0.089063 0.068750
7 0.485156 0.113281 0.073438 0.064062
7 0.693750 0.022656 0.078125 0.045312
7 0.655469 0.078125 0.114062 0.103125
7 0.753906 0.013281 0.057813 0.026562
7 0.738281 0.056250 0.079687 0.078125
7 0.712500 0.119531 0.106250 0.101562
7 0.764844 0.152344 0.101562 0.073438
7 0.798438 0.192969 0.071875 0.054688
7 0.830469 0.160938 0.070312 0.062500
7 0.814063 0.014063 0.071875 0.028125
7 0.589063 0.032031 0.106250 0.064062
1 0.307031 0.000781 0.007812 0.001563
1 0.226562 0.015625 0.068750 0.031250
7 0.946875 0.014063 0.062500 0.028125
7 0.925000 0.045312 0.090625 0.071875
7 0.912500 0.050781 0.115625 0.082812
7 0.890625 0.096094 0.087500 0.051562
2 0.603906 0.000781 0.020313 0.001563
2 0.490625 0.017969 0.153125 0.035937
7 0.091406 0.003125 0.017188 0.006250
7 0.075781 0.001563 0.010937 0.003125
7 0.033594 0.024219 0.067187 0.048438
2 0.899219 0.119531 0.048438 0.048438
2 0.987500 0.009375 0.025000 0.018750
7 0.981250 0.099219 0.037500 0.098437
7 0.982031 0.192188 0.035937 0.043750
7 0.967187 0.160938 0.053125 0.050000
