1 0.140625 0.810156 0.140625 0.167187
1 0.803906 0.893750 0.114062 0.112500
4 0.661719 0.973437 0.095312 0.053125
1 0.521094 0.801562 0.307812 0.265625
1 0.028125 0.520312 0.056250 0.146875
1 0.036719 0.794531 0.073438 0.139063
1 0.703906 0.714063 0.129688 0.200000
1 0.572656 0.629687 0.089063 0.106250
1 0.651563 0.612500 0.175000 0.206250
1 0.850000 0.710156 0.196875 0.217188
1 0.930469 0.654687 0.139063 0.237500
1 0.952344 0.790625 0.095312 0.206250
1 0.424219 0.413281 0.117188 0.157812
1 0.530469 0.467969 0.151562 0.176563
1 0.466406 0.582812 0.142187 0.121875
1 0.400000 0.531250 0.143750 0.118750
6 0.946875 0.090625 0.106250 0.081250
1 0.153906 0.584375 0.204687 0.168750
6 0.001563 0.153906 0.003125 0.010937
6 0.001563 0.126562 0.003125 0.015625
6 0.005469 0.092969 0.010937 0.014063
1 0.335938 0.031250 0.168750 0.062500
1 0.221875 0.014844 0.109375 0.029687
4 0.150781 0.045312 0.129688 0.087500
2 0.978125 0.067187 0.043750 0.053125
2 0.957031 0.998437 0.004687 0.003125
2 0.879687 0.998437 0.003125 0.003125
2 0.990625 0.978125 0.018750 0.043750
1 0.156250 0.402344 0.190625 0.164062
1 0.039062 0.667969 0.078125 0.157812
3 0.026562 0.991406 0.028125 0.017188
3 0.019531 0.926562 0.039062 0.140625
1 0.396094 0.915625 0.145313 0.168750
1 0.292969 0.882031 0.226562 0.235937
