1 0.850000 0.950781 0.137500 0.098437
2 0.203906 0.932031 0.185938 0.135937
2 0.089063 0.725000 0.178125 0.265625
1 0.061719 0.924219 0.123438 0.151562
1 0.057813 0.997656 0.012500 0.004687
1 0.650000 0.727344 0.184375 0.154688
1 0.727344 0.814844 0.123438 0.167187
1 0.002344 0.016406 0.004687 0.032813
1 0.007031 0.325000 0.014063 0.068750
1 0.020313 0.208594 0.040625 0.173437
1 0.060156 0.364844 0.120313 0.139063
2 0.072656 0.204687 0.082812 0.171875
2 0.146875 0.196094 0.103125 0.123438
2 0.313281 0.042188 0.142187 0.084375
1 0.304688 0.332031 0.106250 0.120313
1 0.886719 0.791406 0.226562 0.185938
1 0.954688 0.665625 0.090625 0.125000
2 0.935937 0.560937 0.128125 0.118750
1 0.414062 0.004687 0.031250 0.009375
1 0.296875 0.261719 0.159375 0.132812
1 0.828125 0.181250 0.187500 0.184375
2 0.005469 0.869531 0.010937 0.023438
2 0.072656 0.560937 0.145313 0.284375
1 0.014063 0.436719 0.028125 0.073438
1 0.376563 0.557031 0.187500 0.207813
1 0.585938 0.838281 0.153125 0.151562
1 0.450781 0.680469 0.142187 0.139063
1 0.299219 0.709375 0.192188 0.165625
2 0.441406 0.474219 0.204687 0.154688
2 0.211719 0.755469 0.107813 0.123438
2 0.550781 0.353906 0.139063 0.132812
1 0.562500 0.951562 0.181250 0.096875
1 0.703125 0.956250 0.025000 0.025000
3 0.341406 0.972656 0.104688 0.054688
1 0.405469 0.857031 0.185938 0.220312
2 0.729688 0.603125 0.128125 0.140625
2 0.647656 0.521875 0.098437 0.118750
2 0.617188 0.574219 0.075000 0.089063
1 0.971094 0.257031 0.057813 0.104688
2 0.942187 0.156250 0.081250 0.065625
2 0.978906 0.119531 0.042188 0.054688
1 0.992188 0.074219 0.015625 0.048438
1 0.708594 0.946875 0.129688 0.106250
2 0.923438 0.256250 0.153125 0.134375
