2 0.133594 0.900781 0.220312 0.198437
1 0.307031 0.942187 0.167187 0.115625
1 0.382812 0.904687 0.181250 0.190625
1 0.317188 0.721875 0.206250 0.206250
1 0.207031 0.738281 0.110937 0.135937
1 0.426563 0.778125 0.065625 0.093750
1 0.452344 0.617188 0.142187 0.137500
1 0.494531 0.715625 0.164062 0.165625
2 0.195312 0.477344 0.190625 0.148438
2 0.217969 0.096094 0.148438 0.192188
4 0.107031 0.417187 0.064062 0.071875
4 0.043750 0.435937 0.065625 0.062500
4 0.067187 0.503906 0.090625 0.098437
4 0.016406 0.420312 0.032813 0.056250
4 0.006250 0.358594 0.012500 0.054688
4 0.132031 0.735938 0.051562 0.046875
4 0.034375 0.813281 0.068750 0.092188
4 0.048438 0.614062 0.096875 0.112500
4 0.082031 0.641406 0.076563 0.060937
4 0.032813 0.706250 0.065625 0.131250
2 0.129688 0.202344 0.109375 0.107813
2 0.118750 0.000781 0.012500 0.001563
