1 0.503906 0.444531 0.264062 0.179688
2 0.505469 0.591406 0.120313 0.120313
1 0.258594 0.612500 0.142187 0.150000
6 0.244531 0.371875 0.007812 0.003125
6 0.287500 0.382031 0.100000 0.123438
6 0.264062 0.469531 0.096875 0.092188
1 0.083594 0.756250 0.160938 0.131250
1 0.160938 0.653125 0.100000 0.140625
2 0.041406 0.725781 0.082812 0.145313
2 0.064844 0.621875 0.129688 0.140625
2 0.198437 0.473438 0.184375 0.175000
6 0.939844 0.042188 0.120313 0.084375
2 0.193750 0.994531 0.081250 0.010937
2 0.636719 0.097656 0.164062 0.151562
3 0.682813 0.028906 0.093750 0.057813
1 0.413281 0.282813 0.173437 0.184375
2 0.306250 0.980469 0.096875 0.039062
2 0.507812 0.996875 0.009375 0.006250
1 0.456250 0.084375 0.121875 0.146875
1 0.461719 0.011719 0.089063 0.023438
2 0.372656 0.130469 0.257812 0.260937
2 0.074219 0.395313 0.148438 0.171875
2 0.164062 0.332813 0.153125 0.128125
1 0.790625 0.178125 0.193750 0.228125
2 0.904687 0.110156 0.156250 0.129688
3 0.682813 0.343750 0.118750 0.118750
2 0.976562 0.123438 0.046875 0.090625
2 0.979688 0.360156 0.040625 0.085938
2 0.406250 0.539844 0.150000 0.189062
1 0.985156 0.471875 0.029687 0.112500
1 0.918750 0.732031 0.162500 0.342187
1 0.879687 0.836719 0.096875 0.123438
2 0.833594 0.918750 0.242188 0.162500
2 0.651563 0.922656 0.196875 0.154688
6 0.757031 0.555469 0.148438 0.107813
2 0.704688 0.429688 0.109375 0.118750
