3 0.910937 0.990625 0.031250 0.018750
3 0.996875 0.979688 0.006250 0.021875
3 0.995313 0.993750 0.009375 0.012500
3 0.984375 0.927344 0.031250 0.076563
3 0.858594 0.853906 0.064062 0.085938
3 0.817969 0.942187 0.148438 0.109375
1 0.994531 0.838281 0.010937 0.042188
1 0.968750 0.781250 0.062500 0.118750
3 0.963281 0.666406 0.073438 0.126562
1 0.743750 0.622656 0.184375 0.207813
1 0.804688 0.750781 0.121875 0.139063
4 0.863281 0.998437 0.001563 0.003125
1 0.302344 0.956250 0.210938 0.087500
1 0.062500 0.925000 0.125000 0.143750
1 0.181250 0.739844 0.256250 0.242188
1 0.328125 0.811719 0.196875 0.129688
2 0.283594 0.892969 0.104688 0.064062
2 0.381250 0.885156 0.103125 0.114062
2 0.447656 0.786719 0.107813 0.098437
2 0.339844 0.712500 0.123438 0.106250
1 0.324219 0.585156 0.157812 0.176563
1 0.085156 0.531250 0.167187 0.200000
1 0.262500 0.452344 0.193750 0.273438
3 0.149219 0.967969 0.082812 0.064062
3 0.052344 0.832031 0.104688 0.070312
1 0.966406 0.179688 0.067187 0.162500
4 0.835156 0.556250 0.079687 0.093750
2 0.720313 0.374219 0.084375 0.082812
3 0.649219 0.459375 0.067187 0.068750
3 0.621094 0.428125 0.092188 0.071875
3 0.549219 0.463281 0.101562 0.095312
3 0.638281 0.524219 0.076563 0.070312
3 0.566406 0.519531 0.064062 0.057813
3 0.495312 0.492969 0.087500 0.095312
3 0.550781 0.582812 0.110937 0.100000
3 0.512500 0.650781 0.106250 0.101562
1 0.519531 0.392188 0.117188 0.103125
1 0.591406 0.297656 0.107813 0.145313
1 0.641406 0.350000 0.098437 0.093750
2 0.858594 0.353906 0.092188 0.148438
1 0.799219 0.289062 0.154688 0.140625
2 0.914844 0.198437 0.092188 0.081250
2 0.858594 0.017969 0.060937 0.035937
3 0.946094 0.074219 0.054688 0.057813
2 0.856250 0.189062 0.134375 0.084375
2 0.836719 0.048438 0.057813 0.059375
2 0.756250 0.079687 0.153125 0.159375
1 0.685156 0.126562 0.151562 0.156250
1 0.747656 0.005469 0.042188 0.010937
3 0.588281 0.065625 0.095312 0.090625
1 0.469531 0.177344 0.089063 0.164062
2 0.515625 0.035156 0.221875 0.070312
2 0.418750 0.044531 0.075000 0.082812
2 0.390625 0.314063 0.234375 0.146875
2 0.264844 0.142187 0.120313 0.140625
4 0.046094 0.382812 0.092188 0.103125
4 0.164062 0.385937 0.075000 0.103125
1 0.017188 0.279687 0.034375 0.109375
3 0.087500 0.648438 0.078125 0.078125
3 0.084375 0.073438 0.118750 0.084375
2 0.128906 0.019531 0.045312 0.039062
2 0.258594 0.041406 0.142187 0.082812
3 0.015625 0.001563 0.021875 0.003125
1 0.066406 0.767188 0.132812 0.115625
6 0.577344 0.183594 0.082812 0.057813
6 0.180469 0.326562 0.045312 0.037500
6 0.174219 0.041406 0.064062 0.082812
2 0.399219 0.237500 0.142187 0.078125
2 0.232813 0.301563 0.100000 0.050000
6 0.017969 0.175781 0.035937 0.048438
6 0.049219 0.152344 0.098437 0.089063
