1 0.632031 0.985156 0.039062 0.029687
2 0.573438 0.985156 0.084375 0.029687
2 0.621875 0.967187 0.068750 0.046875
2 0.592187 0.942969 0.056250 0.060937
2 0.639062 0.912500 0.065625 0.084375
2 0.683594 0.967969 0.067187 0.064062
1 0.723437 0.905469 0.103125 0.101562
1 0.556250 0.844531 0.143750 0.145313
2 0.389062 0.855469 0.115625 0.095312
2 0.413281 0.921094 0.104688 0.092188
2 0.334375 0.917969 0.059375 0.067187
2 0.360156 0.967969 0.048438 0.064062
3 0.419531 0.974219 0.067187 0.051562
2 0.167969 0.882031 0.089063 0.067187
2 0.234375 0.880469 0.075000 0.101562
2 0.246094 0.976562 0.098437 0.046875
3 0.100000 0.948438 0.043750 0.065625
3 0.036719 0.985938 0.067187 0.028125
1 0.046094 0.914062 0.092188 0.131250
1 0.008594 0.978125 0.017188 0.043750
1 0.980469 0.966406 0.039062 0.067187
1 0.844531 0.804688 0.117188 0.103125
7 0.982031 0.646875 0.035937 0.071875
7 0.980469 0.580469 0.039062 0.073438
7 0.991406 0.522656 0.017188 0.048438
2 0.945312 0.744531 0.068750 0.079687
2 0.614062 0.612500 0.053125 0.059375
2 0.697656 0.575000 0.082812 0.096875
2 0.470313 0.473438 0.065625 0.059375
2 0.685937 0.462500 0.093750 0.084375
2 0.610938 0.482812 0.103125 0.115625
2 0.621094 0.423438 0.076563 0.050000
2 0.505469 0.409375 0.042188 0.037500
2 0.768750 0.461719 0.059375 0.057813
1 0.666406 0.419531 0.042188 0.048438
2 0.835156 0.414844 0.082812 0.060937
2 0.750781 0.328125 0.048438 0.040625
6 0.715625 0.386719 0.084375 0.107813
6 0.562500 0.401562 0.081250 0.071875
7 0.813281 0.219531 0.123438 0.104688
7 0.936719 0.214844 0.126562 0.098437
7 0.896094 0.185156 0.085938 0.079687
7 0.794531 0.142187 0.064062 0.071875
7 0.875781 0.123438 0.098437 0.118750
7 0.925000 0.127344 0.046875 0.051562
2 0.342969 0.525781 0.054688 0.045312
7 0.562500 0.539844 0.081250 0.095312
2 0.329688 0.717187 0.112500 0.118750
2 0.205469 0.720313 0.076563 0.068750
1 0.225000 0.617969 0.115625 0.110937
2 0.176563 0.750781 0.075000 0.092188
2 0.052344 0.814063 0.070312 0.081250
2 0.038281 0.689844 0.076563 0.092188
2 0.150781 0.814844 0.054688 0.079687
1 0.829688 0.935156 0.093750 0.082812
6 0.970313 0.903906 0.059375 0.076563
2 0.541406 0.700781 0.054688 0.079687
2 0.787500 0.697656 0.050000 0.070312
1 0.566406 0.302344 0.095312 0.126562
7 0.675000 0.192188 0.109375 0.078125
7 0.539062 0.108594 0.096875 0.120313
7 0.710156 0.090625 0.073438 0.081250
7 0.792188 0.095312 0.084375 0.093750
7 0.594531 0.057031 0.048438 0.045312
2 0.602344 0.103125 0.057813 0.053125
2 0.585938 0.021094 0.075000 0.042188
2 0.506250 0.242188 0.059375 0.043750
2 0.534375 0.007812 0.043750 0.015625
2 0.700781 0.004687 0.014063 0.009375
2 0.389844 0.009375 0.035937 0.018750
2 0.301563 0.055469 0.087500 0.110937
2 0.221094 0.114062 0.123438 0.106250
2 0.105469 0.110937 0.089063 0.090625
2 0.255469 0.146094 0.076563 0.076563
2 0.335156 0.228125 0.064062 0.087500
2 0.313281 0.150781 0.067187 0.070312
2 0.107813 0.194531 0.109375 0.085938
2 0.041406 0.033594 0.082812 0.067187
2 0.032031 0.097656 0.064062 0.126562
6 0.047656 0.146094 0.051562 0.054688
6 0.135937 0.141406 0.075000 0.064062
1 0.055469 0.212500 0.092188 0.103125
2 0.251563 0.289844 0.090625 0.160938
2 0.194531 0.385156 0.070312 0.070312
6 0.046094 0.307031 0.092188 0.089063
7 0.118750 0.303906 0.093750 0.104688
6 0.270313 0.546094 0.075000 0.073438
6 0.262500 0.490625 0.031250 0.034375
6 0.097656 0.557031 0.048438 0.070312
2 0.048438 0.573438 0.096875 0.131250
6 0.245312 0.769531 0.068750 0.054688
2 0.880469 0.382812 0.085938 0.075000
6 0.428125 0.364844 0.103125 0.110937
6 0.913281 0.345313 0.070312 0.071875
6 0.396094 0.057031 0.026562 0.035937
