2 0.860156 0.985938 0.032813 0.028125
1 0.796094 0.955469 0.145313 0.089063
1 0.678906 0.973437 0.101562 0.053125
1 0.693750 0.888281 0.087500 0.101562
1 0.860938 0.738281 0.125000 0.126562
1 0.846094 0.822656 0.092188 0.073438
1 0.780469 0.829688 0.079687 0.096875
1 0.825000 0.889844 0.162500 0.117188
1 0.444531 0.989844 0.064062 0.020313
1 0.510156 0.951562 0.223438 0.096875
1 0.617188 0.896094 0.071875 0.076563
1 0.343750 0.957812 0.131250 0.084375
1 0.250781 0.971875 0.110937 0.056250
1 0.182031 0.982812 0.089063 0.034375
1 0.203906 0.809375 0.201563 0.203125
1 0.296875 0.748437 0.125000 0.140625
1 0.088281 0.877344 0.095312 0.139063
1 0.180469 0.920312 0.135937 0.096875
1 0.034375 0.935937 0.068750 0.128125
1 0.037500 0.774219 0.075000 0.142187
1 0.337500 0.850781 0.128125 0.139063
1 0.232813 0.651563 0.106250 0.106250
1 0.334375 0.659375 0.118750 0.140625
1 0.427344 0.577344 0.104688 0.092188
1 0.460156 0.680469 0.192188 0.210938
1 0.646094 0.732031 0.123438 0.120313
1 0.625000 0.628906 0.118750 0.107813
1 0.754687 0.734375 0.131250 0.109375
2 0.757031 0.663281 0.098437 0.126562
2 0.865625 0.594531 0.193750 0.182812
4 0.772656 0.438281 0.117188 0.101562
2 0.131250 0.667188 0.134375 0.128125
2 0.138281 0.497656 0.154688 0.229687
2 0.063281 0.571875 0.126562 0.184375
1 0.050781 0.146875 0.101562 0.171875
4 0.262500 0.338281 0.112500 0.067187
4 0.365625 0.310156 0.109375 0.110937
1 0.212500 0.232813 0.178125 0.153125
1 0.324219 0.196875 0.232813 0.231250
2 0.428125 0.261719 0.068750 0.070312
2 0.500000 0.229687 0.087500 0.153125
2 0.581250 0.237500 0.106250 0.115625
2 0.600000 0.189844 0.081250 0.064062
4 0.385156 0.106250 0.182812 0.137500
1 0.486719 0.075781 0.192188 0.151562
1 0.640625 0.081250 0.209375 0.162500
1 0.599219 0.017969 0.095312 0.035937
1 0.330469 0.024219 0.135937 0.048438
1 0.923438 0.014844 0.112500 0.029687
2 0.941406 0.059375 0.117188 0.118750
1 0.096875 0.116406 0.075000 0.145313
