2 0.960938 0.707812 0.046875 0.037500
2 0.998437 0.850000 0.003125 0.006250
2 0.958594 0.946875 0.082812 0.106250
2 0.652344 0.993750 0.035937 0.012500
2 0.417969 0.934375 0.070312 0.046875
2 0.473438 0.990625 0.043750 0.018750
2 0.457813 0.907813 0.034375 0.053125
1 0.592187 0.967187 0.103125 0.065625
1 0.546094 0.859375 0.110937 0.109375
2 0.605469 0.832812 0.054688 0.081250
2 0.645312 0.857031 0.050000 0.067187
6 0.682031 0.894531 0.054688 0.076563
6 0.687500 0.946094 0.037500 0.032813
2 0.728906 0.869531 0.048438 0.039062
2 0.642969 0.971875 0.060937 0.056250
2 0.810937 0.900000 0.031250 0.040625
7 0.754687 0.821094 0.081250 0.073438
2 0.627344 0.645312 0.070312 0.090625
2 0.664844 0.602344 0.054688 0.051562
2 0.717969 0.541406 0.048438 0.051562
7 0.969531 0.833594 0.045312 0.051562
1 0.903906 0.656250 0.107813 0.100000
1 0.933594 0.598437 0.048438 0.065625
1 0.892969 0.578906 0.092188 0.070312
7 0.839844 0.614844 0.082812 0.067187
2 0.990625 0.614062 0.018750 0.040625
7 0.911719 0.514844 0.070312 0.067187
7 0.857812 0.528125 0.062500 0.081250
7 0.863281 0.453906 0.054688 0.076563
7 0.800000 0.460156 0.065625 0.064062
7 0.900000 0.351562 0.087500 0.075000
7 0.836719 0.363281 0.064062 0.076563
7 0.689844 0.381250 0.073438 0.078125
7 0.692187 0.315625 0.078125 0.068750
2 0.985156 0.483594 0.029687 0.048438
7 0.725781 0.481250 0.057813 0.059375
7 0.414844 0.462500 0.089063 0.109375
2 0.493750 0.617188 0.068750 0.071875
2 0.426563 0.680469 0.071875 0.079687
2 0.501563 0.683594 0.046875 0.039062
2 0.347656 0.751563 0.048438 0.050000
2 0.371875 0.718750 0.037500 0.050000
2 0.316406 0.782031 0.054688 0.048438
2 0.311719 0.736719 0.054688 0.054688
6 0.328906 0.843750 0.095312 0.084375
2 0.272656 0.971094 0.057813 0.057813
6 0.214844 0.960938 0.060937 0.062500
6 0.162500 0.971094 0.034375 0.048438
6 0.178906 0.929688 0.039062 0.037500
3 0.072656 0.887500 0.051562 0.068750
2 0.000781 0.903906 0.001563 0.001563
2 0.000781 0.865625 0.001563 0.003125
2 0.001563 0.848437 0.003125 0.009375
2 0.035156 0.968750 0.070312 0.062500
2 0.406250 0.816406 0.046875 0.035937
2 0.462500 0.789844 0.031250 0.060937
7 0.193750 0.542969 0.125000 0.129688
2 0.282031 0.619531 0.039062 0.039062
2 0.677344 0.550781 0.064062 0.064062
2 0.736719 0.600000 0.098437 0.093750
7 0.572656 0.281250 0.092188 0.096875
7 0.509375 0.223438 0.090625 0.071875
7 0.543750 0.203906 0.068750 0.079687
7 0.492969 0.175000 0.054688 0.043750
7 0.406250 0.186719 0.075000 0.070312
7 0.398438 0.138281 0.062500 0.079687
7 0.338281 0.159375 0.067187 0.075000
7 0.326562 0.229687 0.078125 0.084375
7 0.196094 0.221094 0.098437 0.110937
7 0.278125 0.456250 0.062500 0.078125
7 0.306250 0.311719 0.062500 0.101562
2 0.194531 0.355469 0.092188 0.132812
2 0.257812 0.400000 0.068750 0.065625
1 0.144531 0.162500 0.117188 0.143750
7 0.164844 0.031250 0.067187 0.062500
7 0.065625 0.054688 0.100000 0.109375
7 0.042969 0.113281 0.085938 0.070312
1 0.023438 0.050000 0.046875 0.084375
1 0.013281 0.281250 0.026562 0.059375
7 0.028125 0.361719 0.056250 0.110937
6 0.019531 0.433594 0.039062 0.051562
1 0.083594 0.475781 0.142187 0.154688
2 0.128906 0.636719 0.032813 0.039062
2 0.453125 0.960938 0.081250 0.043750
2 0.418750 0.975000 0.062500 0.050000
