1 0.914062 0.996875 0.031250 0.006250
1 0.982812 0.764844 0.034375 0.139063
1 0.668750 0.972656 0.162500 0.054688
1 0.565625 0.809375 0.150000 0.196875
1 0.886719 0.805469 0.076563 0.095312
1 0.851562 0.884375 0.134375 0.143750
2 0.592969 0.693750 0.120313 0.115625
2 0.696875 0.607031 0.156250 0.098437
7 0.698438 0.494531 0.156250 0.154688
2 0.903906 0.294531 0.151562 0.151562
4 0.860938 0.570312 0.071875 0.090625
4 0.912500 0.556250 0.090625 0.096875
4 0.980469 0.455469 0.039062 0.067187
4 0.825781 0.660937 0.110937 0.134375
4 0.530469 0.614062 0.189062 0.178125
2 0.404687 0.780469 0.175000 0.160938
7 0.657031 0.817187 0.095312 0.153125
2 0.184375 0.989062 0.078125 0.021875
4 0.944531 0.498437 0.079687 0.078125
1 0.415625 0.336719 0.275000 0.242188
2 0.079687 0.126562 0.159375 0.178125
1 0.013281 0.109375 0.026562 0.081250
2 0.949219 0.000000 0.001563 0.000000
2 0.893750 0.019531 0.078125 0.039062
2 0.608594 0.310937 0.148438 0.137500
1 0.757812 0.157812 0.218750 0.228125
