1 0.023438 0.533594 0.046875 0.129688
2 0.039844 0.746875 0.079687 0.100000
2 0.109375 0.703125 0.168750 0.131250
1 0.229687 0.746094 0.162500 0.164062
1 0.301563 0.838281 0.168750 0.151562
2 0.460938 0.713281 0.196875 0.123438
2 0.503125 0.607031 0.146875 0.120313
1 0.248438 0.590625 0.212500 0.171875
1 0.388281 0.522656 0.185938 0.192188
1 0.456250 0.364063 0.159375 0.196875
2 0.556250 0.452344 0.171875 0.195312
2 0.696875 0.394531 0.159375 0.151562
1 0.316406 0.411719 0.082812 0.085938
1 0.211719 0.403125 0.204687 0.209375
1 0.103125 0.499219 0.143750 0.198437
4 0.023438 0.300781 0.046875 0.079687
4 0.074219 0.361719 0.110937 0.126562
1 0.056250 0.900781 0.112500 0.114062
1 0.059375 0.971094 0.118750 0.057813
2 0.139063 0.928125 0.084375 0.062500
1 0.506250 0.841406 0.206250 0.182812
1 0.617969 0.566406 0.135937 0.126562
1 0.610156 0.313281 0.207813 0.154688
1 0.671875 0.226562 0.206250 0.165625
1 0.224219 0.241406 0.173437 0.164062
1 0.318750 0.157812 0.171875 0.140625
1 0.436719 0.092188 0.123438 0.087500
2 0.467187 0.204687 0.106250 0.137500
4 0.522656 0.082812 0.089063 0.165625
4 0.605469 0.075781 0.123438 0.129688
2 0.672656 0.038281 0.120313 0.076563
4 0.548438 0.196875 0.093750 0.121875
1 0.706250 0.116406 0.165625 0.129688
3 0.039062 0.066406 0.078125 0.120313
1 0.113281 0.006250 0.042188 0.012500
2 0.237500 0.051562 0.178125 0.103125
2 0.372656 0.033594 0.129688 0.067187
1 0.232031 0.008594 0.085938 0.017188
1 0.564844 0.020313 0.082812 0.040625
1 0.498437 0.003906 0.040625 0.007812
2 0.153906 0.147656 0.139063 0.132812
2 0.245312 0.125781 0.078125 0.073438
2 0.325000 0.091406 0.103125 0.073438
6 0.164062 0.059375 0.084375 0.053125
6 0.062500 0.115625 0.053125 0.034375
2 0.020313 0.144531 0.040625 0.032813
1 0.129688 0.964844 0.093750 0.070312
4 0.005469 0.338281 0.010937 0.057813
