1 0.953906 0.895312 0.092188 0.146875
1 0.204687 0.901563 0.175000 0.159375
2 0.129688 0.828906 0.162500 0.126562
2 0.021875 0.583594 0.043750 0.117188
1 0.389062 0.457813 0.159375 0.206250
1 0.274219 0.325000 0.182812 0.187500
2 0.189062 0.087500 0.237500 0.175000
2 0.352344 0.100781 0.126562 0.167187
2 0.457813 0.125781 0.153125 0.189062
2 0.572656 0.157812 0.139063 0.196875
2 0.414844 0.042969 0.176563 0.085938
6 0.495312 0.410938 0.162500 0.137500
2 0.573438 0.035937 0.156250 0.071875
1 0.181250 0.010156 0.137500 0.020313
1 0.705469 0.004687 0.064062 0.009375
1 0.536719 0.494531 0.132812 0.104688
1 0.701562 0.455469 0.084375 0.098437
1 0.767188 0.375781 0.100000 0.157812
1 0.643750 0.360156 0.196875 0.176563
2 0.881250 0.942969 0.168750 0.114062
1 0.922656 0.538281 0.154688 0.132812
2 0.742188 0.119531 0.093750 0.085938
1 0.260937 0.177344 0.171875 0.148438
