1 0.971875 0.603906 0.056250 0.198437
1 0.995313 0.477344 0.009375 0.045312
1 0.738281 0.996875 0.014063 0.006250
1 0.687500 0.996875 0.028125 0.006250
1 0.490625 0.986719 0.115625 0.026562
2 0.820312 0.976562 0.125000 0.046875
2 0.921094 0.945312 0.098437 0.109375
1 0.732031 0.925781 0.157812 0.148438
3 0.891406 0.919531 0.154688 0.129688
2 0.744531 0.751563 0.120313 0.181250
2 0.571875 0.642969 0.271875 0.220312
1 0.344531 0.975000 0.142187 0.050000
1 0.248438 0.957031 0.146875 0.085938
1 0.676562 0.564063 0.178125 0.153125
1 0.777344 0.496875 0.157812 0.175000
1 0.878125 0.554688 0.184375 0.175000
1 0.916406 0.405469 0.167187 0.170313
6 0.598437 0.890625 0.084375 0.128125
2 0.389062 0.670312 0.175000 0.209375
2 0.329688 0.526563 0.134375 0.181250
2 0.069531 0.962500 0.095312 0.075000
1 0.301563 0.724219 0.103125 0.110937
1 0.232031 0.779687 0.142187 0.168750
1 0.067187 0.741406 0.134375 0.189062
1 0.052344 0.593750 0.104688 0.150000
1 0.141406 0.546875 0.170313 0.159375
1 0.447656 0.918750 0.185938 0.128125
2 0.139063 0.934375 0.109375 0.118750
2 0.261719 0.882812 0.223438 0.150000
2 0.384375 0.817187 0.187500 0.156250
1 0.098437 0.835938 0.068750 0.065625
1 0.144531 0.793750 0.064062 0.100000
2 0.520312 0.767188 0.162500 0.121875
2 0.433594 0.370312 0.151562 0.125000
2 0.414844 0.260937 0.095312 0.112500
4 0.335938 0.235156 0.106250 0.120313
2 0.233594 0.283594 0.157812 0.173437
2 0.816406 0.072656 0.142187 0.145313
2 0.923438 0.125000 0.112500 0.137500
2 0.753125 0.004687 0.028125 0.009375
2 0.842187 0.004687 0.031250 0.009375
1 0.539062 0.185938 0.203125 0.346875
2 0.389062 0.105469 0.268750 0.207813
2 0.081250 0.089844 0.134375 0.179688
1 0.267969 0.409375 0.145313 0.137500
1 0.136719 0.346875 0.114062 0.115625
2 0.003906 0.361719 0.007812 0.048438
4 0.032813 0.315625 0.065625 0.062500
1 0.000000 0.039844 0.000000 0.001563
2 0.108594 0.023438 0.054688 0.046875
