1 0.210938 0.967969 0.075000 0.064062
6 0.442969 0.938281 0.057813 0.073438
1 0.475000 0.826562 0.150000 0.165625
2 0.999219 0.123438 0.001563 0.003125
2 0.989844 0.989062 0.020313 0.021875
6 0.989062 0.051562 0.021875 0.037500
2 0.941406 0.293750 0.117188 0.193750
1 0.986719 0.375000 0.026562 0.031250
1 0.996875 0.346094 0.006250 0.014063
1 0.989844 0.290625 0.020313 0.062500
6 0.586719 0.889844 0.107813 0.076563
1 0.649219 0.060156 0.167187 0.120313
1 0.600781 0.209375 0.198437 0.212500
1 0.040625 0.978125 0.081250 0.043750
6 0.046094 0.517969 0.085938 0.095312
6 0.128125 0.403906 0.062500 0.132812
2 0.741406 0.047656 0.060937 0.095312
1 0.858594 0.103906 0.235937 0.207813
2 0.894531 0.192969 0.210938 0.173437
1 0.687500 0.410938 0.134375 0.253125
1 0.817187 0.418750 0.228125 0.228125
2 0.789844 0.571094 0.126562 0.160938
1 0.892188 0.570312 0.134375 0.150000
6 0.851562 0.653125 0.053125 0.046875
6 0.775000 0.650781 0.071875 0.029687
7 0.821875 0.723437 0.084375 0.075000
2 0.876563 0.675781 0.081250 0.079687
1 0.944531 0.748437 0.107813 0.128125
1 0.882812 0.887500 0.121875 0.156250
2 0.999219 0.864062 0.001563 0.003125
2 0.958594 0.893750 0.082812 0.068750
2 0.997656 0.858594 0.004687 0.010937
1 0.987500 0.653906 0.025000 0.051562
5 0.975781 0.554688 0.048438 0.131250
2 0.034375 0.550781 0.068750 0.182812
1 0.147656 0.710156 0.295312 0.276562
1 0.108594 0.908594 0.217188 0.176563
1 0.245312 0.849219 0.150000 0.173437
2 0.315625 0.792188 0.134375 0.134375
1 0.378906 0.756250 0.167187 0.146875
1 0.464062 0.703125 0.100000 0.100000
1 0.537500 0.685156 0.075000 0.117188
1 0.546875 0.743750 0.121875 0.103125
1 0.585156 0.646094 0.082812 0.110937
6 0.657031 0.671094 0.110937 0.139063
1 0.436719 0.605469 0.129688 0.151562
1 0.376563 0.652344 0.134375 0.101562
1 0.342187 0.553906 0.168750 0.114062
1 0.293750 0.617969 0.121875 0.129688
1 0.235156 0.557813 0.076563 0.068750
3 0.723437 0.650781 0.106250 0.126562
1 0.661719 0.538281 0.129688 0.151562
1 0.564063 0.503906 0.184375 0.220312
2 0.799219 0.672656 0.060937 0.051562
1 0.261719 0.959375 0.095312 0.075000
1 0.299219 0.985156 0.067187 0.029687
1 0.505469 0.996094 0.023438 0.007812
2 0.577344 0.958594 0.148438 0.082812
2 0.560156 0.887500 0.045312 0.059375
3 0.585938 0.825781 0.106250 0.073438
1 0.737500 0.746094 0.112500 0.098437
2 0.699219 0.807031 0.142187 0.135937
2 0.658594 0.736719 0.145313 0.120313
2 0.750000 0.807813 0.087500 0.071875
2 0.121094 0.167969 0.148438 0.095312
1 0.208594 0.093750 0.170313 0.156250
1 0.419531 0.069531 0.229687 0.139063
1 0.434375 0.257031 0.221875 0.217188
1 0.556250 0.350000 0.181250 0.150000
1 0.449219 0.409375 0.120313 0.115625
1 0.296094 0.397656 0.210938 0.292187
1 0.055469 0.319531 0.110937 0.142187
2 0.047656 0.423438 0.095312 0.100000
