2 0.019531 0.099219 0.039062 0.120313
6 0.100781 0.023438 0.126562 0.046875
1 0.112500 0.155469 0.165625 0.198437
1 0.153906 0.075781 0.126562 0.123438
1 0.041406 0.310156 0.082812 0.104688
2 0.079687 0.421094 0.159375 0.235937
1 0.096875 0.584375 0.137500 0.106250
1 0.209375 0.664062 0.106250 0.125000
5 0.025000 0.717187 0.050000 0.137500
5 0.131250 0.827344 0.168750 0.185938
1 0.000000 0.969531 0.000000 0.004687
1 0.025000 0.881250 0.050000 0.143750
1 0.182812 0.959375 0.112500 0.081250
2 0.209375 0.990625 0.118750 0.018750
2 0.108594 0.952344 0.079687 0.085938
2 0.504687 0.900000 0.096875 0.096875
2 0.628125 0.971094 0.115625 0.057813
2 0.341406 0.972656 0.148438 0.054688
2 0.864844 0.988281 0.026562 0.023438
2 0.345313 0.921875 0.118750 0.081250
2 0.808594 0.903906 0.167187 0.126562
1 0.510156 0.964063 0.142187 0.071875
1 0.287500 0.874219 0.093750 0.126562
6 0.656250 0.882812 0.156250 0.134375
7 0.375781 0.835156 0.117188 0.107813
7 0.234375 0.848437 0.087500 0.109375
3 0.382812 0.315625 0.106250 0.096875
2 0.212500 0.348438 0.225000 0.209375
2 0.303906 0.428125 0.235937 0.156250
2 0.596094 0.607031 0.164062 0.154688
2 0.666406 0.564063 0.145313 0.171875
2 0.792188 0.478125 0.140625 0.131250
2 0.768750 0.349219 0.134375 0.167187
2 0.076563 0.725000 0.096875 0.134375
2 0.233594 0.751563 0.217188 0.100000
3 0.498437 0.530469 0.162500 0.167187
1 0.273438 0.662500 0.087500 0.162500
1 0.323437 0.539062 0.128125 0.115625
1 0.483594 0.435937 0.142187 0.175000
1 0.750781 0.754687 0.164062 0.131250
1 0.835156 0.577344 0.110937 0.123438
1 0.971875 0.452344 0.056250 0.126562
1 0.586719 0.311719 0.198437 0.145313
2 0.605469 0.792969 0.154688 0.098437
7 0.925781 0.235156 0.092188 0.098437
3 0.403906 0.025000 0.148438 0.050000
2 0.244531 0.067187 0.120313 0.134375
2 0.570312 0.092188 0.281250 0.184375
1 0.610156 0.164062 0.257812 0.246875
1 0.282031 0.132031 0.173437 0.167187
4 0.959375 0.714063 0.081250 0.143750
2 0.924219 0.898438 0.151562 0.203125
