1 0.046094 0.966406 0.092188 0.067187
1 0.496094 0.989844 0.054688 0.020313
1 0.396875 0.955469 0.168750 0.089063
1 0.606250 0.976562 0.087500 0.046875
1 0.195312 0.945312 0.228125 0.109375
1 0.786719 0.984375 0.117188 0.031250
1 0.982031 0.954688 0.035937 0.090625
4 0.875000 0.978125 0.078125 0.043750
1 0.903125 0.851562 0.193750 0.231250
1 0.980469 0.734375 0.039062 0.131250
1 0.698438 0.946875 0.150000 0.106250
1 0.521875 0.867188 0.115625 0.121875
1 0.638281 0.791406 0.160938 0.129688
4 0.809375 0.640625 0.059375 0.084375
1 0.908594 0.600000 0.182812 0.190625
1 0.560937 0.642969 0.181250 0.210938
1 0.472656 0.681250 0.098437 0.112500
1 0.551562 0.770312 0.103125 0.093750
1 0.479687 0.769531 0.112500 0.095312
4 0.442188 0.800000 0.031250 0.037500
4 0.410156 0.761719 0.089063 0.110937
1 0.288281 0.703906 0.145313 0.151562
1 0.439063 0.573438 0.109375 0.103125
1 0.216406 0.642969 0.148438 0.126562
1 0.377344 0.631250 0.120313 0.209375
1 0.272656 0.550000 0.129688 0.178125
2 0.647656 0.404687 0.267188 0.178125
1 0.143750 0.536719 0.178125 0.226562
1 0.052344 0.475781 0.104688 0.267188
4 0.032813 0.639062 0.065625 0.112500
1 0.950781 0.399219 0.098437 0.151562
4 0.992969 0.471875 0.014063 0.015625
6 0.288281 0.435156 0.101562 0.135937
2 0.248438 0.189844 0.150000 0.182812
1 0.611719 0.278906 0.123438 0.132812
1 0.487500 0.314063 0.125000 0.171875
1 0.350781 0.162500 0.114062 0.115625
1 0.375000 0.257031 0.137500 0.145313
1 0.446875 0.200781 0.125000 0.089063
1 0.458594 0.110156 0.173437 0.151562
3 0.323437 0.372656 0.131250 0.157812
1 0.728906 0.137500 0.226562 0.231250
1 0.786719 0.095312 0.185938 0.190625
1 0.350000 0.050000 0.225000 0.100000
2 0.985938 0.107813 0.028125 0.075000
