2 0.771875 0.060156 0.215625 0.120313
1 0.705469 0.191406 0.110937 0.170313
1 0.698438 0.413281 0.196875 0.214062
1 0.814844 0.343750 0.198437 0.175000
1 0.943750 0.372656 0.112500 0.101562
1 0.988281 0.414062 0.023438 0.065625
1 0.589844 0.225000 0.151562 0.200000
1 0.528906 0.166406 0.179688 0.145313
2 0.535156 0.067187 0.220312 0.134375
2 0.326562 0.256250 0.103125 0.103125
1 0.302344 0.118750 0.235937 0.237500
1 0.192969 0.046875 0.151562 0.093750
1 0.110156 0.089063 0.160938 0.175000
2 0.214062 0.305469 0.209375 0.167187
2 0.149219 0.200781 0.135937 0.117188
1 0.016406 0.300000 0.032813 0.150000
2 0.316406 0.402344 0.104688 0.129688
2 0.364844 0.371094 0.098437 0.117188
2 0.944531 0.934375 0.110937 0.131250
2 0.107031 0.997656 0.017188 0.004687
2 0.205469 0.956250 0.079687 0.087500
2 0.173437 0.830469 0.121875 0.126562
2 0.256250 0.765625 0.109375 0.131250
2 0.375000 0.824219 0.171875 0.164062
2 0.139844 0.960156 0.070312 0.079687
1 0.054688 0.888281 0.109375 0.223438
1 0.050000 0.750781 0.100000 0.092188
2 0.042188 0.657031 0.084375 0.104688
2 0.110937 0.680469 0.100000 0.092188
2 0.185938 0.657031 0.109375 0.101562
2 0.974219 0.792969 0.051562 0.117188
2 0.986719 0.703125 0.026562 0.071875
1 0.972656 0.604688 0.054688 0.140625
2 0.865625 0.603125 0.259375 0.315625
1 0.653125 0.643750 0.259375 0.265625
1 0.540625 0.828125 0.200000 0.209375
1 0.642969 0.884375 0.248438 0.231250
2 0.397656 0.930469 0.195312 0.139063
1 0.320312 0.966406 0.190625 0.067187
1 0.331250 0.635938 0.181250 0.203125
1 0.506250 0.641406 0.171875 0.189062
2 0.808594 0.895312 0.092188 0.084375
2 0.887500 0.834375 0.115625 0.143750
6 0.823438 0.776563 0.175000 0.146875
6 0.471875 0.368750 0.146875 0.112500
2 0.425000 0.489844 0.175000 0.185938
2 0.521875 0.452344 0.134375 0.129688
2 0.012500 0.177344 0.025000 0.064062
2 0.000000 0.130469 0.000000 0.004687
2 0.015625 0.093750 0.031250 0.021875
1 0.000000 0.057813 0.000000 0.006250
1 0.000000 0.035937 0.000000 0.006250
2 0.131250 0.445312 0.218750 0.237500
2 0.093750 0.289844 0.131250 0.164062
2 0.016406 0.525781 0.032813 0.176563
2 0.052344 0.540625 0.085938 0.131250
2 0.029687 0.389844 0.059375 0.117188
2 0.999219 0.381250 0.001563 0.015625
2 0.999219 0.371094 0.001563 0.001563
2 0.999219 0.360938 0.001563 0.000000
2 0.981250 0.328906 0.037500 0.026562
