6 0.979688 0.016406 0.040625 0.032813
1 0.538281 0.022656 0.157812 0.045312
1 0.900781 0.101562 0.198437 0.203125
1 0.792969 0.018750 0.095312 0.037500
1 0.833594 0.300000 0.189062 0.178125
1 0.935937 0.380469 0.128125 0.185938
1 0.867969 0.480469 0.129688 0.145313
2 0.955469 0.257812 0.089063 0.115625
1 0.999219 0.498437 0.001563 0.006250
3 0.314844 0.005469 0.076563 0.010937
1 0.441406 0.082031 0.182812 0.164062
1 0.571875 0.085938 0.125000 0.162500
1 0.586719 0.186719 0.157812 0.145313
1 0.209375 0.139063 0.246875 0.265625
1 0.319531 0.211719 0.220312 0.301563
2 0.527344 0.292969 0.160938 0.098437
1 0.488281 0.413281 0.179688 0.185938
1 0.721094 0.450000 0.223438 0.231250
1 0.639844 0.367969 0.145313 0.139063
1 0.615625 0.533594 0.187500 0.198437
1 0.243750 0.326562 0.168750 0.118750
1 0.189062 0.360938 0.168750 0.125000
1 0.184375 0.450781 0.193750 0.157812
1 0.338281 0.450781 0.145313 0.160938
1 0.385156 0.527344 0.173437 0.173437
1 0.385156 0.353125 0.120313 0.100000
3 0.146094 0.541406 0.089063 0.092188
2 0.136719 0.670312 0.164062 0.175000
2 0.209375 0.584375 0.068750 0.093750
2 0.587500 0.846875 0.293750 0.240625
2 0.927344 0.825781 0.145313 0.154688
2 0.813281 0.890625 0.214062 0.218750
2 0.496094 0.944531 0.182812 0.110937
2 0.673438 0.950781 0.193750 0.098437
4 0.507812 0.608594 0.078125 0.067187
4 0.558594 0.634375 0.070312 0.081250
4 0.469531 0.682813 0.145313 0.096875
1 0.207031 0.851562 0.242188 0.215625
1 0.456250 0.787500 0.115625 0.146875
2 0.335938 0.896094 0.106250 0.110937
2 0.335156 0.973437 0.076563 0.053125
1 0.157812 0.975781 0.150000 0.048438
6 0.287500 0.992969 0.034375 0.014063
1 0.919531 0.575781 0.110937 0.123438
2 0.972656 0.540625 0.054688 0.125000
4 0.968750 0.691406 0.062500 0.126562
4 0.998437 0.622656 0.003125 0.004687
1 0.890625 0.978125 0.112500 0.043750
6 0.981250 0.953125 0.037500 0.093750
2 0.054688 0.935156 0.109375 0.129688
1 0.025781 0.842969 0.051562 0.270313
2 0.053125 0.602344 0.106250 0.101562
2 0.051562 0.482031 0.103125 0.173437
1 0.024219 0.416406 0.048438 0.114062
3 0.088281 0.345313 0.082812 0.096875
1 0.035156 0.165625 0.070312 0.221875
1 0.019531 0.321094 0.039062 0.095312
1 0.006250 0.050000 0.012500 0.037500
1 0.026562 0.017969 0.053125 0.035937
4 0.239063 0.014844 0.090625 0.029687
3 0.081250 0.016406 0.075000 0.032813
6 0.707812 0.082812 0.112500 0.062500
