2 0.340625 0.983594 0.078125 0.032813
2 0.180469 0.949219 0.107813 0.101562
2 0.635156 0.837500 0.232813 0.190625
2 0.592969 0.669531 0.117188 0.104688
2 0.793750 0.592969 0.200000 0.248438
2 0.896094 0.844531 0.126562 0.089063
2 0.990625 0.816406 0.018750 0.076563
2 0.992188 0.752344 0.015625 0.032813
6 0.679688 0.735156 0.046875 0.026562
6 0.773438 0.729688 0.050000 0.056250
6 0.729688 0.907031 0.059375 0.095312
2 0.940625 0.599219 0.118750 0.114062
2 0.933594 0.532031 0.060937 0.057813
2 0.976562 0.544531 0.046875 0.110937
2 0.999219 0.540625 0.001563 0.000000
2 0.985156 0.478906 0.029687 0.064062
7 0.965625 0.846094 0.068750 0.114062
1 0.251563 0.703906 0.150000 0.123438
2 0.030469 0.733594 0.060937 0.107813
2 0.102344 0.589844 0.117188 0.120313
2 0.422656 0.564063 0.098437 0.131250
1 0.321094 0.579688 0.151562 0.181250
7 0.250000 0.634375 0.071875 0.059375
2 0.000000 0.472656 0.000000 0.001563
7 0.015625 0.328906 0.031250 0.123438
2 0.179688 0.475781 0.056250 0.057813
2 0.109375 0.299219 0.037500 0.035937
2 0.151562 0.275000 0.084375 0.053125
2 0.226562 0.444531 0.053125 0.032813
2 0.252344 0.272656 0.057813 0.054688
7 0.129688 0.325000 0.078125 0.059375
7 0.222656 0.406250 0.070312 0.065625
7 0.479687 0.442969 0.084375 0.098437
6 0.221094 0.581250 0.070312 0.065625
2 0.533594 0.332813 0.076563 0.071875
7 0.483594 0.320312 0.057813 0.078125
1 0.567969 0.217969 0.120313 0.110937
7 0.502344 0.185156 0.060937 0.060937
1 0.523438 0.121094 0.053125 0.064062
1 0.390625 0.196875 0.046875 0.046875
2 0.967187 0.134375 0.065625 0.062500
2 0.126562 0.071094 0.100000 0.079687
2 0.037500 0.135937 0.043750 0.053125
2 0.972656 0.194531 0.054688 0.067187
1 0.344531 0.460938 0.145313 0.115625
