2 0.850781 0.052344 0.117188 0.104688
2 0.763281 0.132031 0.117188 0.145313
1 0.816406 0.352344 0.117188 0.092188
1 0.384375 0.021875 0.118750 0.043750
2 0.136719 0.031250 0.142187 0.062500
1 0.533594 0.232031 0.192188 0.214062
1 0.486719 0.303125 0.154688 0.178125
6 0.632812 0.525781 0.056250 0.070312
1 0.054688 0.453906 0.109375 0.132812
2 0.651563 0.319531 0.125000 0.114062
2 0.814844 0.424219 0.110937 0.085938
1 0.794531 0.511719 0.117188 0.126562
2 0.876563 0.510938 0.078125 0.128125
2 0.903906 0.396094 0.092188 0.110937
6 0.953906 0.696875 0.042188 0.037500
1 0.966406 0.591406 0.067187 0.157812
2 0.595313 0.432031 0.096875 0.085938
1 0.442188 0.619531 0.125000 0.089063
1 0.249219 0.721094 0.154688 0.120313
1 0.165625 0.782813 0.150000 0.162500
1 0.150781 0.910937 0.148438 0.150000
1 0.423438 0.957812 0.109375 0.084375
1 0.407031 0.999219 0.001563 0.001563
1 0.419531 0.988281 0.017188 0.023438
1 0.335938 0.965625 0.081250 0.068750
6 0.532813 0.906250 0.043750 0.075000
7 0.034375 0.695312 0.068750 0.171875
7 0.158594 0.971094 0.117188 0.057813
1 0.669531 0.993750 0.039062 0.012500
2 0.629687 0.901563 0.115625 0.196875
3 0.664062 0.769531 0.059375 0.082812
2 0.712500 0.566406 0.103125 0.092188
7 0.691406 0.644531 0.123438 0.126562
2 0.585938 0.780469 0.128125 0.167187
1 0.037500 0.948438 0.075000 0.103125
1 0.001563 0.876563 0.003125 0.006250
2 0.001563 0.603125 0.003125 0.006250
2 0.796875 0.649219 0.106250 0.154688
2 0.904687 0.643750 0.150000 0.134375
1 0.271875 0.999219 0.006250 0.001563
1 0.240625 0.991406 0.028125 0.017188
2 0.559375 0.986719 0.081250 0.026562
2 0.560156 0.924219 0.076563 0.089063
2 0.306250 0.911719 0.125000 0.098437
2 0.510938 0.814063 0.093750 0.093750
2 0.445312 0.783594 0.065625 0.073438
2 0.317969 0.803125 0.085938 0.087500
2 0.334375 0.709375 0.053125 0.109375
2 0.364063 0.761719 0.043750 0.067187
2 0.396875 0.775000 0.040625 0.031250
2 0.374219 0.697656 0.079687 0.095312
3 0.411719 0.739844 0.026562 0.039062
2 0.026562 0.550781 0.053125 0.051562
1 0.203125 0.459375 0.040625 0.031250
7 0.027344 0.356250 0.054688 0.059375
1 0.591406 0.612500 0.154688 0.162500
1 0.555469 0.687500 0.117188 0.121875
2 0.663281 0.216406 0.123438 0.114062
2 0.737500 0.229687 0.103125 0.109375
1 0.058594 0.918750 0.117188 0.162500
