3 0.760938 0.997656 0.006250 0.004687
3 0.452344 0.957812 0.104688 0.084375
3 0.514844 0.938281 0.123438 0.101562
3 0.610156 0.996094 0.010937 0.007812
3 0.555469 0.994531 0.029687 0.010937
3 0.649219 0.935937 0.164062 0.128125
3 0.810937 0.950781 0.112500 0.085938
3 0.927344 0.928125 0.135937 0.143750
3 0.816406 0.848437 0.135937 0.128125
3 0.915625 0.757812 0.150000 0.184375
3 0.990625 0.851562 0.018750 0.062500
3 0.986719 0.685937 0.026562 0.090625
3 0.889062 0.610938 0.093750 0.103125
3 0.791406 0.582812 0.114062 0.118750
3 0.610156 0.643750 0.145313 0.128125
3 0.681250 0.792969 0.143750 0.148438
3 0.496875 0.833594 0.112500 0.089063
3 0.471094 0.743750 0.123438 0.115625
3 0.402344 0.675781 0.129688 0.089063
3 0.163281 0.858594 0.220312 0.201563
3 0.146875 0.689063 0.156250 0.140625
3 0.262500 0.667188 0.115625 0.134375
3 0.307812 0.570312 0.109375 0.125000
3 0.160156 0.532031 0.110937 0.104688
3 0.255469 0.451562 0.110937 0.103125
3 0.348438 0.389844 0.206250 0.179688
3 0.664844 0.543750 0.092188 0.084375
3 0.409375 0.553125 0.128125 0.150000
3 0.485156 0.514844 0.085938 0.095312
3 0.546094 0.453125 0.132812 0.153125
3 0.683594 0.387500 0.160938 0.168750
3 0.816406 0.429688 0.148438 0.171875
3 0.955469 0.517188 0.089063 0.181250
3 0.550781 0.180469 0.223438 0.189062
3 0.582031 0.546094 0.042188 0.032813
