2 0.989844 0.135937 0.020313 0.096875
2 0.999219 0.044531 0.001563 0.004687
1 0.796875 0.525000 0.203125 0.203125
6 0.835156 0.099219 0.070312 0.123438
7 0.541406 0.766406 0.117188 0.126562
2 0.707812 0.823438 0.162500 0.165625
1 0.512500 0.955469 0.159375 0.089063
1 0.544531 0.884375 0.151562 0.112500
1 0.296094 0.975781 0.123438 0.048438
6 0.356250 0.904687 0.075000 0.081250
1 0.440625 0.999219 0.003125 0.001563
1 0.403125 0.948438 0.087500 0.103125
2 0.459375 0.584375 0.218750 0.284375
6 0.147656 0.460156 0.107813 0.073438
1 0.910156 0.894531 0.179688 0.185938
1 0.920312 0.972656 0.093750 0.054688
1 0.980469 0.960938 0.039062 0.078125
7 0.035937 0.959375 0.071875 0.078125
1 0.419531 0.770312 0.132812 0.178125
1 0.936719 0.667188 0.126562 0.134375
1 0.967969 0.744531 0.064062 0.107813
1 0.998437 0.620313 0.003125 0.015625
1 0.989062 0.574219 0.021875 0.048438
1 0.144531 0.936719 0.164062 0.126562
1 0.192969 0.804688 0.323437 0.306250
1 0.042188 0.879687 0.084375 0.093750
1 0.655469 0.922656 0.135937 0.139063
1 0.696094 0.974219 0.076563 0.051562
2 0.797656 0.910937 0.085938 0.137500
7 0.162500 0.539062 0.090625 0.084375
7 0.216406 0.579688 0.104688 0.100000
7 0.243750 0.642969 0.125000 0.092188
2 0.298438 0.542188 0.137500 0.162500
2 0.350781 0.461719 0.085938 0.070312
2 0.388281 0.336719 0.107813 0.092188
1 0.647656 0.504687 0.204687 0.203125
1 0.652344 0.635938 0.164062 0.156250
1 0.935937 0.773438 0.103125 0.103125
2 0.989844 0.521875 0.020313 0.056250
2 0.910937 0.544531 0.090625 0.114062
2 0.967969 0.518750 0.054688 0.084375
2 0.941406 0.462500 0.067187 0.087500
2 0.786719 0.413281 0.132812 0.117188
1 0.850000 0.380469 0.125000 0.142187
1 0.737500 0.283594 0.203125 0.192188
2 0.640625 0.044531 0.103125 0.089063
1 0.528906 0.096094 0.179688 0.167187
2 0.442969 0.050781 0.232813 0.101562
2 0.865625 0.016406 0.143750 0.032813
