2 0.016406 0.988281 0.032813 0.023438
2 0.110937 0.882812 0.100000 0.096875
7 0.111719 0.616406 0.070312 0.076563
2 0.123438 0.153125 0.078125 0.087500
2 0.180469 0.173437 0.048438 0.071875
2 0.124219 0.027344 0.076563 0.048438
2 0.388281 0.207813 0.095312 0.112500
7 0.045312 0.034375 0.090625 0.068750
7 0.526563 0.081250 0.221875 0.162500
1 0.469531 0.182812 0.098437 0.081250
1 0.698438 0.032813 0.115625 0.065625
1 0.047656 0.157031 0.095312 0.098437
1 0.066406 0.082031 0.117188 0.057813
1 0.155469 0.068750 0.095312 0.068750
1 0.178906 0.237500 0.079687 0.075000
1 0.217188 0.271094 0.056250 0.048438
1 0.337500 0.319531 0.062500 0.082812
1 0.635938 0.266406 0.078125 0.098437
1 0.568750 0.443750 0.159375 0.100000
2 0.557031 0.289062 0.098437 0.115625
2 0.243750 0.427344 0.090625 0.110937
2 0.281250 0.653906 0.087500 0.095312
2 0.413281 0.612500 0.167187 0.159375
2 0.391406 0.781250 0.042188 0.059375
1 0.232031 0.520312 0.120313 0.093750
2 0.805469 0.016406 0.117188 0.032813
7 0.707031 0.128906 0.160938 0.151562
7 0.854688 0.066406 0.125000 0.110937
7 0.926562 0.040625 0.068750 0.071875
1 0.955469 0.155469 0.079687 0.126562
1 0.989844 0.197656 0.020313 0.073438
1 0.826562 0.264844 0.087500 0.101562
2 0.945312 0.335938 0.109375 0.178125
2 0.921094 0.456250 0.104688 0.087500
1 0.947656 0.534375 0.095312 0.096875
7 0.808594 0.175781 0.114062 0.095312
2 0.756250 0.489844 0.046875 0.073438
2 0.697656 0.647656 0.142187 0.179688
2 0.983594 0.782031 0.032813 0.064062
1 0.887500 0.816406 0.112500 0.079687
1 0.889844 0.664062 0.092188 0.068750
1 0.789062 0.914844 0.093750 0.073438
1 0.768750 0.993750 0.040625 0.012500
7 0.767188 0.792969 0.118750 0.089063
7 0.786719 0.732031 0.101562 0.079687
7 0.965625 0.951562 0.068750 0.078125
7 0.996875 0.989062 0.006250 0.021875
6 0.419531 0.891406 0.101562 0.045312
2 0.480469 0.968750 0.064062 0.062500
6 0.779687 0.867188 0.125000 0.087500
1 0.531250 0.210156 0.084375 0.073438
