1 0.583594 0.964063 0.217188 0.071875
1 0.424219 0.993750 0.073438 0.012500
1 0.753125 0.999219 0.021875 0.001563
1 0.849219 0.971875 0.057813 0.056250
1 0.681250 0.869531 0.300000 0.248438
1 0.938281 0.925781 0.123438 0.148438
1 0.988281 0.807813 0.023438 0.106250
4 0.786719 0.938281 0.195312 0.123438
2 0.964063 0.625781 0.071875 0.148438
1 0.831250 0.683594 0.225000 0.254688
1 0.672656 0.719531 0.101562 0.079687
1 0.888281 0.314844 0.185938 0.132812
1 0.765625 0.403125 0.175000 0.178125
1 0.814063 0.257812 0.181250 0.153125
1 0.766406 0.166406 0.135937 0.129688
1 0.903906 0.175781 0.192188 0.151562
1 0.866406 0.070312 0.201563 0.140625
1 0.979688 0.129688 0.040625 0.050000
1 0.993750 0.006250 0.012500 0.012500
1 0.901563 0.021094 0.134375 0.042188
1 0.740625 0.003906 0.037500 0.007812
1 0.335938 0.975000 0.106250 0.050000
1 0.242969 0.967187 0.179688 0.065625
1 0.129688 0.985938 0.059375 0.028125
1 0.165625 0.881250 0.193750 0.196875
1 0.293750 0.903906 0.103125 0.104688
2 0.076563 0.514062 0.153125 0.175000
2 0.060156 0.964063 0.120313 0.071875
2 0.027344 0.865625 0.054688 0.146875
6 0.049219 0.889062 0.048438 0.043750
2 0.053125 0.814063 0.081250 0.115625
1 0.721875 0.613281 0.190625 0.201563
1 0.579688 0.671875 0.134375 0.181250
1 0.356250 0.797656 0.134375 0.132812
1 0.436719 0.689844 0.276562 0.220312
1 0.508594 0.811719 0.095312 0.104688
1 0.207031 0.458594 0.164062 0.189062
1 0.287500 0.388281 0.084375 0.129688
2 0.572656 0.493750 0.114062 0.156250
2 0.636719 0.285938 0.182812 0.178125
1 0.597656 0.168750 0.201563 0.146875
1 0.446094 0.260156 0.201563 0.189062
2 0.737500 0.056250 0.090625 0.112500
2 0.630469 0.066406 0.217188 0.132812
2 0.560156 0.035156 0.148438 0.070312
2 0.478125 0.007031 0.046875 0.014063
2 0.395313 0.015625 0.090625 0.031250
1 0.462500 0.089844 0.168750 0.179688
1 0.080469 0.012500 0.073438 0.025000
1 0.368750 0.115625 0.103125 0.200000
2 0.033594 0.089063 0.067187 0.178125
1 0.037500 0.449219 0.075000 0.123438
1 0.285156 0.090625 0.151562 0.181250
1 0.035937 0.700000 0.071875 0.228125
2 0.078906 0.388281 0.154688 0.085938
