2 0.035156 0.565625 0.070312 0.090625
7 0.002344 0.783594 0.004687 0.023438
7 0.000781 0.750000 0.001563 0.012500
7 0.000000 0.731250 0.000000 0.003125
7 0.394531 0.574219 0.151562 0.142187
2 0.535156 0.522656 0.185938 0.154688
7 0.697656 0.625781 0.123438 0.104688
7 0.710938 0.729688 0.165625 0.115625
7 0.853125 0.650000 0.062500 0.065625
7 0.892969 0.641406 0.060937 0.082812
7 0.879687 0.553125 0.068750 0.059375
2 0.942969 0.521094 0.064062 0.067187
7 0.769531 0.413281 0.110937 0.129688
7 0.796094 0.312500 0.110937 0.090625
7 0.696094 0.401562 0.114062 0.165625
7 0.611719 0.340625 0.114062 0.137500
7 0.663281 0.277344 0.070312 0.107813
2 0.741406 0.246094 0.123438 0.164062
7 0.873437 0.303125 0.081250 0.075000
7 0.967187 0.145313 0.065625 0.103125
7 0.933594 0.096875 0.064062 0.106250
7 0.972656 0.081250 0.054688 0.062500
7 0.863281 0.082812 0.085938 0.106250
7 0.864062 0.027344 0.096875 0.054688
7 0.925000 0.014844 0.046875 0.029687
7 0.819531 0.009375 0.029687 0.018750
2 0.617188 0.457813 0.065625 0.068750
2 0.603906 0.428906 0.073438 0.054688
4 0.540625 0.425000 0.003125 0.000000
4 0.573438 0.405469 0.065625 0.067187
2 0.410156 0.143750 0.092188 0.075000
2 0.617188 0.182812 0.109375 0.103125
2 0.389062 0.060156 0.093750 0.120313
2 0.755469 0.086719 0.132812 0.173437
6 0.688281 0.171094 0.057813 0.057813
2 0.306250 0.042969 0.090625 0.085938
2 0.362500 0.005469 0.025000 0.010937
7 0.155469 0.184375 0.167187 0.100000
2 0.176563 0.093750 0.103125 0.118750
1 0.213281 0.014063 0.076563 0.028125
2 0.053906 0.194531 0.067187 0.057813
2 0.012500 0.150781 0.025000 0.042188
2 0.010156 0.103125 0.020313 0.056250
2 0.002344 0.058594 0.004687 0.010937
2 0.025781 0.216406 0.051562 0.107813
