1 0.044531 0.652344 0.089063 0.123438
1 0.012500 0.610156 0.025000 0.048438
1 0.033594 0.515625 0.067187 0.137500
1 0.048438 0.413281 0.056250 0.054688
1 0.103125 0.458594 0.115625 0.107813
2 0.017188 0.992969 0.034375 0.014063
2 0.339062 0.886719 0.059375 0.045312
2 0.214062 0.885156 0.128125 0.107813
2 0.244531 0.978125 0.057813 0.043750
2 0.253906 0.954688 0.073438 0.078125
2 0.075000 0.936719 0.046875 0.042188
1 0.301563 0.916406 0.065625 0.064062
2 0.498437 0.906250 0.068750 0.059375
2 0.807813 0.997656 0.009375 0.004687
2 0.921094 0.279687 0.157812 0.181250
1 0.951562 0.592969 0.096875 0.089063
2 0.910937 0.666406 0.096875 0.114062
2 0.744531 0.777344 0.054688 0.076563
2 0.793750 0.752344 0.100000 0.070312
2 0.585938 0.971094 0.087500 0.057813
2 0.621875 0.844531 0.031250 0.023438
2 0.877344 0.937500 0.135937 0.075000
2 0.611719 0.773438 0.095312 0.118750
2 0.650781 0.609375 0.135937 0.128125
2 0.846875 0.601562 0.090625 0.059375
2 0.587500 0.670312 0.062500 0.046875
2 0.752344 0.617188 0.101562 0.087500
7 0.200781 0.564844 0.114062 0.114062
7 0.269531 0.650781 0.189062 0.154688
1 0.692969 0.468750 0.129688 0.115625
7 0.981250 0.185938 0.037500 0.068750
6 0.966406 0.129688 0.048438 0.071875
6 0.986719 0.047656 0.026562 0.054688
2 0.870313 0.137500 0.231250 0.181250
1 0.758594 0.238281 0.204687 0.185938
1 0.620313 0.178125 0.175000 0.146875
1 0.594531 0.278906 0.157812 0.135937
1 0.364844 0.255469 0.110937 0.114062
1 0.303125 0.188281 0.096875 0.098437
1 0.218750 0.203125 0.100000 0.112500
2 0.267188 0.284375 0.078125 0.100000
2 0.158594 0.255469 0.145313 0.123438
1 0.124219 0.325000 0.123438 0.106250
1 0.205469 0.381250 0.120313 0.140625
2 0.048438 0.285938 0.096875 0.109375
2 0.012500 0.322656 0.025000 0.042188
6 0.025781 0.232031 0.051562 0.089063
1 0.088281 0.203906 0.089063 0.082812
1 0.147656 0.157812 0.101562 0.087500
2 0.053125 0.135156 0.106250 0.085938
2 0.497656 0.294531 0.051562 0.045312
2 0.622656 0.042188 0.092188 0.084375
2 0.002344 0.009375 0.004687 0.018750
7 0.086719 0.008594 0.051562 0.017188
1 0.144531 0.066406 0.120313 0.132812
1 0.241406 0.087500 0.148438 0.153125
1 0.506250 0.014844 0.078125 0.029687
1 0.350000 0.013281 0.053125 0.026562
2 0.295312 0.042188 0.093750 0.084375
2 0.575781 0.584375 0.092188 0.065625
2 0.486719 0.525000 0.107813 0.100000
1 0.868750 0.386719 0.106250 0.098437
1 0.888281 0.479687 0.076563 0.078125
