1 0.838281 0.998437 0.023438 0.003125
1 0.700781 0.992969 0.032813 0.014063
1 0.783594 0.957031 0.135937 0.085938
1 0.935156 0.935156 0.129688 0.129688
1 0.885938 0.860156 0.215625 0.201563
1 0.786719 0.878125 0.114062 0.118750
1 0.982812 0.529687 0.034375 0.137500
1 0.673438 0.796094 0.187500 0.170313
2 0.657813 0.927344 0.131250 0.145313
2 0.556250 0.960156 0.153125 0.079687
2 0.541406 0.889062 0.148438 0.106250
1 0.564844 0.573438 0.151562 0.196875
1 0.885938 0.569531 0.075000 0.095312
1 0.850000 0.649219 0.134375 0.145313
2 0.592187 0.457813 0.121875 0.115625
2 0.696875 0.371875 0.156250 0.100000
7 0.698438 0.258594 0.156250 0.154688
2 0.902344 0.067969 0.151562 0.135937
4 0.860156 0.335938 0.073438 0.090625
4 0.912500 0.321094 0.090625 0.098437
4 0.980469 0.220312 0.039062 0.065625
4 0.825000 0.425781 0.109375 0.132812
4 0.529687 0.378906 0.187500 0.176563
2 0.403906 0.544531 0.173437 0.160938
7 0.657031 0.582031 0.095312 0.151562
1 0.292187 0.984375 0.100000 0.031250
1 0.455469 0.937500 0.085938 0.125000
1 0.164062 0.919531 0.159375 0.160938
2 0.192188 0.818750 0.137500 0.153125
2 0.217188 0.956250 0.118750 0.087500
6 0.134375 0.948438 0.087500 0.050000
6 0.301563 0.892188 0.134375 0.100000
2 0.051562 0.962500 0.103125 0.075000
2 0.038281 0.889062 0.076563 0.125000
6 0.508594 0.814844 0.079687 0.076563
4 0.943750 0.264062 0.078125 0.078125
1 0.415625 0.111719 0.275000 0.223438
2 0.607812 0.075781 0.146875 0.135937
1 0.834375 0.017969 0.065625 0.035937
