2 0.892969 0.879687 0.164062 0.181250
4 0.964844 0.785156 0.070312 0.114062
2 0.968750 0.673438 0.062500 0.106250
2 0.981250 0.487500 0.037500 0.068750
2 0.959375 0.553125 0.081250 0.134375
4 0.974219 0.925000 0.051562 0.084375
2 0.405469 0.955469 0.176563 0.089063
2 0.464844 0.927344 0.082812 0.101562
2 0.250781 0.953125 0.170313 0.093750
4 0.563281 0.785937 0.085938 0.078125
2 0.668750 0.679688 0.240625 0.246875
2 0.109375 0.935156 0.103125 0.076563
1 0.186719 0.853125 0.207813 0.212500
1 0.120313 0.628906 0.240625 0.335938
1 0.218750 0.439844 0.190625 0.176563
2 0.061719 0.299219 0.123438 0.173437
2 0.417969 0.506250 0.217188 0.200000
2 0.939844 0.449219 0.120313 0.139063
2 0.943750 0.003125 0.028125 0.006250
2 0.961719 0.332813 0.076563 0.125000
1 0.252344 0.024219 0.079687 0.048438
2 0.290625 0.105469 0.278125 0.210938
2 0.132031 0.071094 0.182812 0.142187
