4 0.102344 0.652344 0.204687 0.204687
1 0.920312 0.097656 0.143750 0.179688
1 0.718750 0.062500 0.190625 0.125000
5 0.195312 0.097656 0.390625 0.195312
1 0.981250 0.971094 0.037500 0.057813
2 0.858594 0.469531 0.182812 0.104688
1 0.985938 0.465625 0.028125 0.134375
6 0.549219 0.061719 0.114062 0.123438
1 0.000781 0.266406 0.001563 0.023438
1 0.393750 0.458594 0.137500 0.120313
1 0.310937 0.289844 0.178125 0.273438
2 0.206250 0.248438 0.143750 0.134375
2 0.564063 0.473438 0.268750 0.290625
1 0.855469 0.378906 0.098437 0.126562
2 0.893750 0.346094 0.071875 0.107813
2 0.939844 0.267969 0.120313 0.229687
4 0.226562 0.516406 0.090625 0.085938
4 0.557813 0.135156 0.228125 0.182812
1 0.425000 0.097656 0.209375 0.145313
1 0.456250 0.034375 0.175000 0.068750
2 0.036719 0.008594 0.032813 0.017188
3 0.017188 0.029687 0.034375 0.059375
2 0.928906 0.005469 0.051562 0.010937
