1 0.012500 0.983594 0.025000 0.032813
2 0.767969 0.963281 0.164062 0.073438
1 0.835156 0.913281 0.129688 0.123438
1 0.694531 0.894531 0.167187 0.176563
1 0.752344 0.789062 0.170313 0.143750
1 0.610938 0.735938 0.171875 0.178125
1 0.266406 0.926562 0.195312 0.146875
2 0.248438 0.785156 0.178125 0.170313
2 0.125781 0.494531 0.192188 0.154688
2 0.475000 0.530469 0.143750 0.126562
2 0.681250 0.489063 0.168750 0.237500
1 0.767188 0.289844 0.150000 0.176563
2 0.854688 0.196875 0.168750 0.162500
2 0.825000 0.385937 0.159375 0.209375
2 0.685156 0.132812 0.220312 0.265625
1 0.871094 0.061719 0.167187 0.123438
1 0.975781 0.095312 0.048438 0.071875
1 0.939063 0.012500 0.059375 0.025000
1 0.850781 0.005469 0.032813 0.010937
2 0.972656 0.032031 0.054688 0.064062
2 0.936719 0.342969 0.126562 0.160938
1 0.437500 0.018750 0.071875 0.037500
1 0.517188 0.220312 0.265625 0.231250
1 0.361719 0.476562 0.126562 0.165625
1 0.423438 0.419531 0.128125 0.145313
2 0.360938 0.252344 0.137500 0.148438
1 0.102344 0.350781 0.204687 0.195312
1 0.011719 0.414062 0.023438 0.053125
1 0.071875 0.210938 0.143750 0.140625
1 0.195312 0.214062 0.178125 0.143750
1 0.304688 0.101562 0.137500 0.203125
1 0.400000 0.099219 0.096875 0.129688
1 0.182031 0.104688 0.173437 0.146875
1 0.059375 0.085156 0.118750 0.170313
1 0.006250 0.149219 0.012500 0.060937
1 0.003906 0.057031 0.007812 0.039062
1 0.337500 0.000781 0.015625 0.001563
1 0.316406 0.001563 0.007812 0.003125
1 0.259375 0.003906 0.034375 0.007812
1 0.210156 0.015625 0.076563 0.031250
6 0.000000 0.893750 0.000000 0.003125
6 0.009375 0.846875 0.018750 0.087500
6 0.082031 0.694531 0.164062 0.185938
6 0.007812 0.565625 0.015625 0.037500
6 0.005469 0.525781 0.010937 0.029687
6 0.146875 0.600000 0.062500 0.090625
6 0.110937 0.553125 0.068750 0.062500
2 0.442188 0.153125 0.140625 0.137500
7 0.019531 0.296875 0.039062 0.109375
2 0.407813 0.702344 0.162500 0.189062
2 0.478906 0.745313 0.107813 0.112500
2 0.145313 0.643750 0.131250 0.146875
1 0.942187 0.760938 0.115625 0.153125
1 0.963281 0.221875 0.073438 0.146875
7 0.948438 0.507812 0.103125 0.140625
4 0.257031 0.312500 0.139063 0.153125
