1 0.675781 0.996875 0.029687 0.006250
2 0.332813 0.942969 0.159375 0.114062
1 0.992188 0.604688 0.015625 0.034375
1 0.880469 0.660156 0.239063 0.217188
1 0.995313 0.450000 0.009375 0.056250
1 0.991406 0.332813 0.017188 0.040625
1 0.996875 0.257031 0.006250 0.029687
1 0.958594 0.335938 0.082812 0.193750
1 0.889844 0.178125 0.220312 0.256250
6 0.938281 0.998437 0.004687 0.003125
6 0.994531 0.935937 0.010937 0.018750
6 0.986719 0.893750 0.026562 0.028125
6 0.999219 0.876563 0.001563 0.006250
2 0.678906 0.755469 0.142187 0.173437
7 0.706250 0.620313 0.150000 0.175000
7 0.601562 0.585938 0.140625 0.150000
2 0.499219 0.647656 0.185938 0.132812
2 0.826562 0.468750 0.218750 0.253125
2 0.689844 0.468750 0.092188 0.150000
2 0.786719 0.342187 0.182812 0.150000
6 0.757812 0.184375 0.081250 0.112500
7 0.671094 0.149219 0.129688 0.126562
6 0.614844 0.266406 0.039062 0.089063
6 0.701562 0.410938 0.056250 0.100000
2 0.646875 0.401562 0.100000 0.181250
2 0.551562 0.400000 0.121875 0.171875
6 0.967969 0.760938 0.064062 0.090625
6 0.810937 0.789062 0.100000 0.159375
6 0.890625 0.891406 0.106250 0.073438
7 0.354687 0.682031 0.093750 0.070312
7 0.331250 0.714844 0.100000 0.082812
1 0.242969 0.686719 0.095312 0.123438
1 0.163281 0.745313 0.104688 0.112500
1 0.149219 0.642969 0.076563 0.123438
1 0.000000 0.925781 0.000000 0.004687
2 0.047656 0.922656 0.095312 0.154688
2 0.033594 0.037500 0.067187 0.075000
2 0.127344 0.000000 0.004687 0.000000
2 0.417187 0.002344 0.025000 0.004687
2 0.363281 0.001563 0.020313 0.003125
2 0.625000 0.053906 0.153125 0.107813
2 0.570312 0.132031 0.103125 0.110937
2 0.484375 0.189062 0.221875 0.193750
2 0.072656 0.341406 0.098437 0.098437
3 0.704688 0.036719 0.053125 0.057813
4 0.773438 0.053125 0.106250 0.106250
4 0.879687 0.045312 0.121875 0.090625
1 0.887500 0.086719 0.065625 0.067187
7 0.949219 0.522656 0.101562 0.157812
1 0.107813 0.484375 0.096875 0.162500
2 0.061719 0.750000 0.123438 0.128125
1 0.039844 0.421875 0.079687 0.200000
1 0.048438 0.627344 0.096875 0.217188
6 0.541406 0.882812 0.154688 0.140625
2 0.185938 0.102344 0.103125 0.120313
