2 0.250781 0.846875 0.129688 0.140625
1 0.434375 0.989844 0.046875 0.020313
1 0.509375 0.966406 0.115625 0.067187
2 0.586719 0.983594 0.048438 0.032813
2 0.767969 0.958594 0.120313 0.082812
2 0.696094 0.994531 0.026562 0.010937
1 0.655469 0.957031 0.114062 0.085938
2 0.832812 0.921875 0.146875 0.156250
1 0.962500 0.977344 0.075000 0.045312
1 0.939844 0.917188 0.110937 0.103125
1 0.758594 0.653125 0.264062 0.153125
2 0.967187 0.367969 0.065625 0.145313
2 0.952344 0.517188 0.095312 0.146875
2 0.359375 0.905469 0.153125 0.189062
2 0.269531 0.895312 0.070312 0.084375
2 0.517188 0.917969 0.193750 0.148438
1 0.414062 0.836719 0.125000 0.164062
1 0.607031 0.770312 0.195312 0.190625
1 0.333594 0.557813 0.167187 0.156250
1 0.486719 0.507812 0.185938 0.159375
1 0.476562 0.367188 0.150000 0.168750
1 0.403906 0.319531 0.223438 0.201563
1 0.300000 0.411719 0.140625 0.173437
2 0.982812 0.590625 0.034375 0.034375
2 0.927344 0.640625 0.098437 0.081250
2 0.964063 0.655469 0.071875 0.123438
4 0.989062 0.727344 0.021875 0.042188
2 0.925781 0.747656 0.089063 0.076563
2 0.134375 0.492188 0.187500 0.240625
2 0.045312 0.545312 0.090625 0.237500
2 0.085156 0.177344 0.170313 0.195312
2 0.220312 0.264062 0.078125 0.087500
2 0.023438 0.648438 0.046875 0.050000
3 0.158594 0.246094 0.076563 0.073438
1 0.115625 0.091406 0.150000 0.142187
1 0.040625 0.026562 0.081250 0.053125
2 0.588281 0.060156 0.176563 0.120313
1 0.796094 0.032813 0.164062 0.065625
1 0.417187 0.189844 0.181250 0.123438
1 0.736719 0.184375 0.220312 0.203125
1 0.987500 0.031250 0.025000 0.050000
2 0.844531 0.266406 0.170313 0.154688
2 0.503906 0.235156 0.092188 0.107813
2 0.595313 0.152344 0.162500 0.098437
6 0.685156 0.300781 0.051562 0.060937
4 0.820312 0.104688 0.106250 0.131250
1 0.940625 0.185938 0.084375 0.081250
1 0.974219 0.205469 0.051562 0.095312
3 0.000000 0.060156 0.000000 0.007812
3 0.210938 0.321875 0.193750 0.115625
