2 0.860938 0.462500 0.246875 0.281250
1 0.590625 0.238281 0.165625 0.267188
4 0.902344 0.310937 0.129688 0.096875
4 0.984375 0.414062 0.031250 0.046875
4 0.979688 0.362500 0.040625 0.078125
4 0.993750 0.800000 0.012500 0.031250
4 0.911719 0.611719 0.035937 0.026562
4 0.938281 0.650781 0.104688 0.095312
4 0.975000 0.601562 0.050000 0.084375
4 0.988281 0.752344 0.023438 0.035937
4 0.984375 0.665625 0.031250 0.053125
1 0.696875 0.459375 0.103125 0.137500
1 0.564844 0.415625 0.139063 0.137500
1 0.442188 0.448437 0.159375 0.171875
1 0.312500 0.425000 0.146875 0.156250
1 0.377344 0.548438 0.157812 0.140625
1 0.253125 0.525781 0.121875 0.204687
2 0.539844 0.928125 0.123438 0.143750
2 0.578125 0.707812 0.296875 0.315625
1 0.464844 0.682813 0.148438 0.131250
4 0.716406 0.563281 0.079687 0.082812
2 0.757812 0.756250 0.106250 0.115625
2 0.528125 0.499219 0.200000 0.164062
2 0.914844 0.084375 0.101562 0.118750
2 0.847656 0.067187 0.085938 0.068750
2 0.896094 0.025000 0.126562 0.050000
2 0.794531 0.018750 0.095312 0.037500
1 0.756250 0.074219 0.146875 0.132812
2 0.521094 0.084375 0.129688 0.140625
1 0.293750 0.831250 0.171875 0.181250
1 0.235937 0.762500 0.181250 0.190625
1 0.135937 0.737500 0.171875 0.193750
2 0.179688 0.560937 0.093750 0.081250
2 0.115625 0.157031 0.178125 0.198437
2 0.161719 0.072656 0.151562 0.145313
2 0.066406 0.016406 0.073438 0.032813
4 0.428125 0.262500 0.175000 0.128125
2 0.231250 0.337500 0.106250 0.125000
2 0.207813 0.435937 0.081250 0.103125
3 0.228125 0.226562 0.096875 0.115625
4 0.179688 0.259375 0.040625 0.046875
2 0.211719 0.156250 0.082812 0.065625
2 0.488281 0.217969 0.092188 0.110937
2 0.410938 0.108594 0.128125 0.114062
3 0.290625 0.260156 0.093750 0.073438
2 0.454688 0.322656 0.193750 0.114062
2 0.316406 0.315625 0.104688 0.103125
1 0.324219 0.075000 0.157812 0.150000
1 0.421094 0.032031 0.135937 0.064062
1 0.275781 0.010937 0.035937 0.021875
2 0.043750 0.806250 0.087500 0.115625
1 0.015625 0.964844 0.031250 0.070312
4 0.035937 0.722656 0.071875 0.101562
1 0.002344 0.677344 0.004687 0.020313
2 0.078906 0.846094 0.076563 0.067187
1 0.003906 0.291406 0.007812 0.023438
1 0.002344 0.073438 0.004687 0.012500
6 0.100781 0.051562 0.060937 0.050000
6 0.428125 0.189844 0.159375 0.139063
2 0.208594 0.023438 0.057813 0.046875
2 0.141406 0.005469 0.026562 0.010937
