1 0.321875 0.493750 0.184375 0.225000
1 0.224219 0.508594 0.098437 0.132812
5 0.522656 0.422656 0.164062 0.217188
5 0.671094 0.558594 0.142187 0.160938
1 0.016406 0.879687 0.032813 0.125000
6 0.096094 0.336719 0.135937 0.129688
3 0.023438 0.396094 0.046875 0.070312
1 0.447656 0.481250 0.095312 0.115625
1 0.569531 0.552344 0.092188 0.114062
2 0.457813 0.620313 0.115625 0.096875
1 0.264062 0.047656 0.137500 0.095312
1 0.258594 0.114062 0.092188 0.078125
2 0.230469 0.186719 0.123438 0.101562
2 0.088281 0.206250 0.117188 0.118750
1 0.025000 0.239844 0.050000 0.154688
1 0.192969 0.372656 0.170313 0.204687
1 0.367969 0.359375 0.160938 0.162500
2 0.171094 0.725000 0.120313 0.112500
1 0.753906 0.639062 0.185938 0.143750
2 0.905469 0.976562 0.095312 0.046875
2 0.575000 0.992188 0.050000 0.015625
2 0.434375 0.971094 0.087500 0.057813
2 0.329688 0.962500 0.150000 0.075000
2 0.960938 0.639844 0.078125 0.095312
1 0.895312 0.716406 0.093750 0.089063
2 0.632031 0.680469 0.107813 0.123438
1 0.975781 0.746094 0.048438 0.089063
1 0.053906 0.972656 0.107813 0.054688
2 0.066406 0.779687 0.132812 0.081250
2 0.231250 0.882031 0.087500 0.076563
2 0.115625 0.896875 0.178125 0.206250
2 0.640625 0.931250 0.068750 0.090625
2 0.560937 0.948438 0.100000 0.096875
2 0.619531 0.837500 0.098437 0.153125
2 0.680469 0.779687 0.079687 0.109375
2 0.732031 0.867969 0.135937 0.082812
6 0.827344 0.919531 0.120313 0.107813
2 0.005469 0.093750 0.010937 0.046875
2 0.017969 0.129688 0.035937 0.040625
2 0.550781 0.707031 0.129688 0.170313
2 0.243750 0.763281 0.065625 0.073438
2 0.312500 0.691406 0.206250 0.139063
1 0.402344 0.242188 0.060937 0.075000
1 0.467969 0.266406 0.129688 0.114062
1 0.446094 0.152344 0.092188 0.110937
1 0.454688 0.058594 0.084375 0.117188
