1 0.032813 0.071875 0.065625 0.143750
1 0.128906 0.060156 0.229687 0.120313
1 0.290625 0.015625 0.050000 0.031250
1 0.246875 0.000781 0.009375 0.001563
2 0.313281 0.019531 0.151562 0.039062
2 0.434375 0.024219 0.100000 0.048438
2 0.496875 0.117969 0.178125 0.235937
6 0.071094 0.135156 0.085938 0.082812
1 0.158594 0.142187 0.092188 0.103125
1 0.233594 0.145313 0.135937 0.162500
3 0.056250 0.230469 0.112500 0.110937
3 0.079687 0.297656 0.106250 0.101562
6 0.128125 0.229687 0.059375 0.046875
2 0.342187 0.205469 0.115625 0.104688
2 0.482812 0.243750 0.093750 0.087500
2 0.362500 0.252344 0.118750 0.120313
1 0.015625 0.294531 0.031250 0.089063
2 0.204687 0.323437 0.187500 0.168750
2 0.260937 0.461719 0.168750 0.192188
2 0.059375 0.364063 0.118750 0.153125
1 0.123438 0.430469 0.090625 0.092188
1 0.292187 0.617188 0.146875 0.162500
3 0.042969 0.474219 0.085938 0.085938
1 0.211719 0.700000 0.179688 0.187500
1 0.145313 0.593750 0.140625 0.228125
1 0.089063 0.541406 0.100000 0.139063
1 0.077344 0.687500 0.117188 0.093750
2 0.076563 0.831250 0.096875 0.090625
2 0.071094 0.885156 0.142187 0.064062
2 0.338281 0.844531 0.326562 0.310937
2 0.416406 0.648438 0.092188 0.100000
2 0.544531 0.657031 0.214062 0.201563
1 0.486719 0.837500 0.145313 0.165625
2 0.547656 0.902344 0.251563 0.195312
2 0.563281 0.347656 0.123438 0.117188
2 0.607812 0.417969 0.112500 0.185938
1 0.643750 0.067187 0.153125 0.134375
1 0.662500 0.182031 0.196875 0.201563
2 0.774219 0.080469 0.089063 0.132812
2 0.741406 0.274219 0.204687 0.217188
1 0.729688 0.049219 0.078125 0.098437
1 0.978125 0.574219 0.043750 0.098437
2 0.653906 0.544531 0.101562 0.117188
1 0.596094 0.774219 0.104688 0.073438
2 0.671094 0.780469 0.095312 0.135937
2 0.963281 0.178906 0.073438 0.107813
3 0.994531 0.003125 0.010937 0.006250
6 0.878906 0.178125 0.129688 0.090625
6 0.999219 0.085156 0.001563 0.001563
6 0.998437 0.038281 0.003125 0.010937
6 0.953125 0.041406 0.093750 0.035937
6 0.889844 0.052344 0.132812 0.104688
1 0.970313 0.953906 0.059375 0.092188
2 0.871094 0.966406 0.098437 0.067187
1 0.768750 0.907031 0.278125 0.185938
2 0.983594 0.863281 0.032813 0.095312
2 0.946094 0.923438 0.067187 0.078125
2 0.940625 0.861719 0.081250 0.107813
2 0.889844 0.870313 0.067187 0.090625
2 0.953906 0.800781 0.092188 0.095312
1 0.960938 0.692969 0.078125 0.151562
1 0.853906 0.741406 0.223438 0.160938
1 0.804688 0.646875 0.165625 0.140625
1 0.905469 0.300781 0.189062 0.201563
