1 0.790625 0.973437 0.134375 0.053125
1 0.766406 0.931250 0.135937 0.128125
1 0.903906 0.932031 0.192188 0.135937
1 0.866406 0.828125 0.201563 0.156250
1 0.979688 0.893750 0.040625 0.050000
1 0.981250 0.717187 0.037500 0.121875
1 0.958594 0.614062 0.082812 0.090625
1 0.902344 0.728125 0.148438 0.156250
1 0.867188 0.671094 0.146875 0.182812
1 0.742188 0.678125 0.156250 0.187500
1 0.635156 0.650781 0.164062 0.139063
1 0.816406 0.454688 0.164062 0.134375
1 0.786719 0.324219 0.185938 0.229687
1 0.840625 0.164062 0.237500 0.237500
1 0.955469 0.161719 0.089063 0.242188
1 0.689063 0.133594 0.118750 0.157812
1 0.653906 0.071094 0.089063 0.082812
1 0.729688 0.032813 0.168750 0.065625
1 0.858594 0.026562 0.114062 0.053125
1 0.967187 0.031250 0.065625 0.062500
1 0.917188 0.000781 0.003125 0.001563
1 0.896094 0.000781 0.004687 0.001563
1 0.078125 0.076563 0.156250 0.153125
1 0.557813 0.315625 0.234375 0.246875
1 0.465625 0.214062 0.181250 0.209375
1 0.405469 0.361719 0.104688 0.117188
1 0.555469 0.025000 0.145313 0.050000
1 0.566406 0.069531 0.135937 0.110937
6 0.249219 0.042188 0.089063 0.084375
2 0.012500 0.148438 0.025000 0.046875
2 0.452344 0.093750 0.132812 0.134375
2 0.112500 0.109375 0.103125 0.112500
3 0.087500 0.189062 0.096875 0.062500
3 0.034375 0.223438 0.068750 0.065625
2 0.320312 0.131250 0.084375 0.118750
1 0.323437 0.237500 0.112500 0.115625
2 0.241406 0.157812 0.101562 0.103125
1 0.524219 0.468750 0.201563 0.184375
2 0.846875 0.570312 0.096875 0.078125
2 0.732031 0.560937 0.201563 0.106250
2 0.610938 0.517969 0.109375 0.167187
2 0.672656 0.546094 0.045312 0.051562
2 0.686719 0.461719 0.073438 0.114062
2 0.726562 0.494531 0.137500 0.085938
2 0.584375 0.992188 0.071875 0.015625
2 0.678125 0.981250 0.096875 0.037500
1 0.596875 0.929688 0.203125 0.140625
1 0.392188 0.980469 0.065625 0.039062
1 0.486719 0.964844 0.107813 0.070312
2 0.742969 0.810156 0.101562 0.132812
2 0.630469 0.817969 0.217188 0.160938
2 0.574219 0.772656 0.179688 0.123438
2 0.435937 0.727344 0.184375 0.139063
1 0.461719 0.852344 0.170313 0.185938
1 0.490625 0.606250 0.165625 0.128125
2 0.203125 0.201563 0.153125 0.090625
2 0.020313 0.201563 0.040625 0.062500
1 0.059375 0.342187 0.118750 0.181250
2 0.057031 0.452344 0.114062 0.129688
2 0.141406 0.495312 0.129688 0.112500
2 0.088281 0.587500 0.170313 0.171875
1 0.214844 0.488281 0.129688 0.110937
1 0.222656 0.597656 0.126562 0.126562
1 0.302344 0.624219 0.132812 0.142187
1 0.081250 0.725000 0.146875 0.131250
2 0.332031 0.495312 0.123438 0.128125
1 0.430469 0.512500 0.117188 0.115625
1 0.368750 0.881250 0.103125 0.200000
2 0.214844 0.690625 0.135937 0.106250
4 0.007031 0.557031 0.014063 0.076563
2 0.033594 0.847656 0.067187 0.189062
1 0.285156 0.850000 0.151562 0.193750
6 0.335156 0.541406 0.073438 0.054688
6 0.350000 0.442969 0.062500 0.089063
2 0.683594 0.265625 0.060937 0.128125
