6 0.479687 0.925000 0.200000 0.140625
1 0.346875 0.915625 0.112500 0.115625
1 0.785937 0.967969 0.143750 0.064062
3 0.801562 0.839844 0.121875 0.135937
3 0.673438 0.972656 0.059375 0.054688
3 0.998437 0.590625 0.003125 0.012500
3 0.994531 0.564844 0.010937 0.014063
2 0.952344 0.382031 0.095312 0.132812
2 0.823438 0.231250 0.178125 0.071875
2 0.710938 0.143750 0.106250 0.084375
1 0.653906 0.082812 0.076563 0.159375
6 0.977344 0.144531 0.045312 0.064062
6 0.983594 0.705469 0.032813 0.070312
4 0.999219 0.323437 0.001563 0.006250
4 0.999219 0.295312 0.001563 0.006250
4 0.998437 0.249219 0.003125 0.007812
4 0.996094 0.223438 0.007812 0.012500
3 0.644531 0.585938 0.189062 0.193750
2 0.589844 0.476562 0.104688 0.090625
3 0.398438 0.711719 0.118750 0.070312
3 0.414844 0.770312 0.095312 0.068750
2 0.571094 0.093750 0.104688 0.184375
2 0.589844 0.349219 0.135937 0.198437
2 0.634375 0.439844 0.059375 0.035937
1 0.999219 0.999219 0.001563 0.001563
1 0.926562 0.960156 0.146875 0.079687
2 0.986719 0.898438 0.026562 0.065625
3 0.925000 0.745313 0.150000 0.121875
3 0.934375 0.843750 0.131250 0.118750
4 0.960156 0.253906 0.079687 0.126562
