7 0.583594 0.958594 0.076563 0.082812
7 0.650000 0.890625 0.053125 0.059375
7 0.735938 0.889062 0.106250 0.084375
7 0.525000 0.991406 0.031250 0.017188
7 0.463281 0.977344 0.123438 0.045312
1 0.999219 0.850000 0.001563 0.000000
1 0.994531 0.808594 0.010937 0.045312
1 0.897656 0.822656 0.079687 0.064062
1 0.942187 0.680469 0.112500 0.135937
1 0.752344 0.957812 0.057813 0.081250
7 0.808594 0.843750 0.126562 0.118750
7 0.827344 0.749219 0.060937 0.079687
7 0.718750 0.834375 0.053125 0.056250
7 0.697656 0.803906 0.039062 0.054688
7 0.671094 0.834375 0.051562 0.053125
7 0.773438 0.765625 0.065625 0.075000
7 0.611719 0.743750 0.048438 0.075000
1 0.677344 0.445312 0.048438 0.034375
1 0.720313 0.440625 0.056250 0.043750
7 0.950000 0.162500 0.100000 0.093750
7 0.877344 0.489063 0.051562 0.062500
1 0.875781 0.764844 0.067187 0.073438
7 0.981250 0.596875 0.037500 0.078125
1 0.665625 0.964063 0.103125 0.071875
1 0.844531 0.989844 0.042188 0.020313
1 0.928906 0.950781 0.142187 0.098437
6 0.580469 0.617188 0.054688 0.053125
