2 0.737500 0.053125 0.112500 0.106250
6 0.597656 0.424219 0.107813 0.101562
7 0.707812 0.569531 0.131250 0.132812
7 0.557813 0.640625 0.087500 0.081250
7 0.774219 0.713281 0.104688 0.107813
7 0.783594 0.661719 0.110937 0.073438
7 0.874219 0.710938 0.104688 0.087500
2 0.855469 0.256250 0.123438 0.128125
2 0.520312 0.317969 0.075000 0.070312
2 0.477344 0.180469 0.067187 0.073438
3 0.284375 0.582812 0.093750 0.081250
7 0.659375 0.348438 0.081250 0.109375
6 0.011719 0.230469 0.023438 0.048438
7 0.000000 0.435156 0.000000 0.029687
7 0.000000 0.301563 0.000000 0.006250
2 0.009375 0.121875 0.018750 0.065625
7 0.014844 0.367969 0.029687 0.070312
7 0.094531 0.489844 0.070312 0.070312
7 0.166406 0.328906 0.132812 0.142187
7 0.221094 0.357812 0.104688 0.090625
7 0.218750 0.437500 0.106250 0.093750
7 0.299219 0.428906 0.073438 0.060937
7 0.199219 0.535937 0.098437 0.100000
1 0.285156 0.526563 0.064062 0.040625
1 0.271094 0.500781 0.067187 0.045312
1 0.067969 0.423438 0.064062 0.059375
2 0.082031 0.378125 0.032813 0.050000
1 0.360938 0.276562 0.093750 0.118750
7 0.053125 0.546875 0.106250 0.109375
7 0.951562 0.821094 0.096875 0.142187
7 0.985938 0.951562 0.028125 0.056250
7 0.971094 0.963281 0.057813 0.073438
2 0.996094 0.389844 0.007812 0.020313
2 0.990625 0.344531 0.018750 0.017188
1 0.250781 0.084375 0.151562 0.118750
2 0.246875 0.177344 0.131250 0.104688
2 0.088281 0.137500 0.132812 0.181250
1 0.063281 0.039062 0.107813 0.078125
1 0.189844 0.019531 0.167187 0.039062
1 0.832812 0.400000 0.134375 0.134375
2 0.910156 0.464062 0.101562 0.059375
1 0.950781 0.621094 0.098437 0.220312
2 0.878906 0.619531 0.101562 0.073438
2 0.891406 0.534375 0.123438 0.087500
2 0.978906 0.743750 0.042188 0.096875
2 0.427344 0.032031 0.092188 0.064062
2 0.523438 0.014844 0.090625 0.029687
2 0.521094 0.050781 0.067187 0.057813
2 0.914844 0.055469 0.073438 0.076563
