3 0.961719 0.321094 0.064062 0.082812
2 0.968750 0.073438 0.056250 0.068750
1 0.967187 0.725000 0.065625 0.093750
1 0.989844 0.419531 0.020313 0.029687
4 0.295312 0.189844 0.065625 0.051562
3 0.126562 0.952344 0.150000 0.095312
3 0.113281 0.878906 0.126562 0.095312
2 0.475781 0.792188 0.157812 0.175000
2 0.661719 0.591406 0.079687 0.101562
2 0.582031 0.466406 0.160938 0.167187
2 0.546094 0.382031 0.157812 0.145313
2 0.610156 0.257812 0.123438 0.128125
2 0.489844 0.216406 0.185938 0.192188
2 0.626563 0.169531 0.115625 0.104688
6 0.638281 0.117969 0.085938 0.051562
1 0.554688 0.101562 0.065625 0.093750
2 0.387500 0.286719 0.128125 0.123438
1 0.413281 0.395313 0.135937 0.153125
1 0.446094 0.523438 0.117188 0.125000
2 0.356250 0.574219 0.125000 0.067187
2 0.249219 0.848437 0.157812 0.156250
3 0.235937 0.935937 0.081250 0.078125
1 0.621875 0.732812 0.096875 0.103125
2 0.637500 0.744531 0.200000 0.220312
2 0.747656 0.597656 0.110937 0.095312
1 0.751563 0.496875 0.128125 0.125000
2 0.764844 0.420312 0.110937 0.071875
2 0.752344 0.366406 0.123438 0.076563
2 0.671875 0.406250 0.062500 0.087500
1 0.989844 0.043750 0.020313 0.071875
1 0.999219 0.000781 0.001563 0.001563
2 0.682813 0.531250 0.090625 0.115625
6 0.151562 0.003125 0.015625 0.006250
6 0.130469 0.003125 0.014063 0.006250
2 0.192969 0.002344 0.035937 0.004687
2 0.147656 0.081250 0.167187 0.162500
1 0.018750 0.842187 0.037500 0.109375
2 0.553906 0.039062 0.173437 0.078125
2 0.174219 0.713281 0.192188 0.157812
1 0.207813 0.635156 0.153125 0.139063
1 0.127344 0.569531 0.157812 0.154688
1 0.039062 0.973437 0.078125 0.053125
4 0.045312 0.484375 0.090625 0.221875
2 0.003125 0.349219 0.006250 0.032813
1 0.003125 0.317969 0.006250 0.032813
1 0.025781 0.189844 0.051562 0.142187
1 0.667188 0.000000 0.003125 0.000000
3 0.055469 0.079687 0.092188 0.159375
2 0.009375 0.029687 0.018750 0.059375
2 0.379688 0.172656 0.100000 0.070312
1 0.429688 0.125781 0.078125 0.064062
2 0.307812 0.931250 0.184375 0.137500
2 0.423438 0.960156 0.193750 0.079687
3 0.420312 0.880469 0.187500 0.107813
2 0.700781 0.999219 0.010937 0.001563
2 0.567969 0.939844 0.192188 0.120313
2 0.355469 0.508594 0.154688 0.154688
2 0.229687 0.464844 0.137500 0.129688
3 0.249219 0.523438 0.117188 0.103125
1 0.046094 0.691406 0.092188 0.179688
3 0.139844 0.803906 0.089063 0.079687
2 0.658594 0.322656 0.064062 0.054688
3 0.819531 0.559375 0.073438 0.068750
3 0.940625 0.399219 0.059375 0.070312
2 0.857812 0.684375 0.171875 0.128125
3 0.781250 0.664844 0.109375 0.110937
2 0.940625 0.515625 0.118750 0.100000
2 0.957812 0.621875 0.084375 0.106250
6 0.994531 0.308594 0.010937 0.042188
6 0.983594 0.266406 0.032813 0.029687
1 0.935156 0.053125 0.067187 0.096875
