1 0.418750 0.043750 0.153125 0.087500
1 0.305469 0.001563 0.026562 0.003125
2 0.251563 0.048438 0.109375 0.096875
1 0.931250 0.127344 0.137500 0.117188
2 0.808594 0.478125 0.145313 0.162500
2 0.593750 0.996094 0.028125 0.007812
1 0.385156 0.964063 0.192188 0.071875
1 0.346875 0.897656 0.175000 0.160938
1 0.482031 0.909375 0.104688 0.131250
2 0.569531 0.835156 0.192188 0.154688
7 0.839844 0.607812 0.120313 0.168750
1 0.528906 0.565625 0.192188 0.165625
1 0.728125 0.545312 0.115625 0.071875
1 0.653906 0.542969 0.098437 0.167187
1 0.697656 0.445312 0.151562 0.128125
1 0.622656 0.355469 0.120313 0.101562
1 0.707812 0.362500 0.100000 0.084375
1 0.723437 0.297656 0.100000 0.064062
1 0.646875 0.231250 0.212500 0.228125
1 0.509375 0.235156 0.153125 0.217188
1 0.379688 0.615625 0.118750 0.146875
2 0.362500 0.413281 0.246875 0.164062
2 0.146094 0.325781 0.198437 0.192188
1 0.362500 0.113281 0.143750 0.114062
2 0.164844 0.086719 0.101562 0.154688
2 0.155469 0.014063 0.092188 0.028125
2 0.095312 0.066406 0.103125 0.132812
2 0.000000 0.124219 0.000000 0.001563
2 0.003125 0.105469 0.006250 0.014063
1 0.055469 0.214062 0.110937 0.078125
1 0.007812 0.209375 0.015625 0.040625
4 0.080469 0.111719 0.160938 0.210938
4 0.148438 0.221875 0.071875 0.065625
2 0.854688 0.992969 0.087500 0.014063
7 0.058594 0.607031 0.117188 0.242188
2 0.502344 0.499219 0.232813 0.132812
2 0.589063 0.074219 0.118750 0.117188
