1 0.801562 0.998437 0.025000 0.003125
1 0.739844 0.997656 0.035937 0.004687
1 0.350000 0.955469 0.234375 0.089063
2 0.931250 0.542188 0.137500 0.243750
2 0.969531 0.167187 0.060937 0.121875
2 0.488281 0.877344 0.151562 0.173437
1 0.660937 0.889062 0.225000 0.146875
6 0.771094 0.849219 0.120313 0.092188
2 0.569531 0.757031 0.135937 0.145313
2 0.688281 0.753906 0.142187 0.201563
2 0.808594 0.732812 0.198437 0.206250
2 0.952344 0.650781 0.095312 0.104688
1 0.903125 0.695312 0.096875 0.084375
2 0.842187 0.605469 0.162500 0.164062
1 0.524219 0.620313 0.173437 0.159375
1 0.600000 0.577344 0.153125 0.170313
1 0.664062 0.647656 0.121875 0.107813
1 0.513281 0.464062 0.217188 0.171875
1 0.474219 0.367969 0.145313 0.117188
1 0.857031 0.351562 0.157812 0.162500
1 0.764844 0.278125 0.176563 0.171875
1 0.765625 0.144531 0.131250 0.126562
1 0.655469 0.196094 0.160938 0.123438
2 0.855469 0.069531 0.204687 0.139063
1 0.986719 0.015625 0.026562 0.031250
1 0.923438 0.023438 0.121875 0.046875
3 0.970313 0.076563 0.059375 0.093750
1 0.621094 0.106250 0.182812 0.178125
2 0.606250 0.035156 0.118750 0.070312
2 0.472656 0.081250 0.207813 0.162500
2 0.385937 0.020313 0.128125 0.040625
4 0.654687 0.503906 0.071875 0.079687
1 0.298438 0.096875 0.240625 0.193750
2 0.407813 0.335938 0.134375 0.140625
2 0.406250 0.242969 0.162500 0.170313
6 0.292969 0.910937 0.064062 0.065625
2 0.024219 0.013281 0.048438 0.026562
1 0.718750 0.000000 0.003125 0.000000
1 0.662500 0.001563 0.003125 0.003125
1 0.072656 0.142969 0.145313 0.251563
