2 0.926562 0.367188 0.146875 0.175000
2 0.986719 0.416406 0.026562 0.085938
2 0.999219 0.355469 0.001563 0.017188
6 0.947656 0.482812 0.089063 0.103125
2 0.839063 0.248438 0.153125 0.134375
1 0.897656 0.641406 0.204687 0.232813
2 0.919531 0.761719 0.098437 0.067187
1 0.810937 0.791406 0.125000 0.117188
2 0.834375 0.865625 0.178125 0.159375
2 0.999219 0.835938 0.001563 0.006250
2 0.965625 0.777344 0.068750 0.110937
2 0.996875 0.709375 0.006250 0.009375
1 0.178906 0.571094 0.135937 0.120313
1 0.137500 0.658594 0.143750 0.120313
1 0.071875 0.783594 0.143750 0.179688
1 0.140625 0.859375 0.093750 0.125000
2 0.792188 0.714063 0.125000 0.165625
2 0.697656 0.792969 0.189062 0.232813
1 0.014063 0.884375 0.028125 0.096875
1 0.009375 0.814844 0.018750 0.014063
2 0.977344 0.550000 0.045312 0.159375
2 0.663281 0.953906 0.232813 0.092188
2 0.801562 0.985938 0.050000 0.028125
1 0.401562 0.947656 0.184375 0.104688
2 0.490625 0.995313 0.015625 0.009375
2 0.514844 0.984375 0.051562 0.031250
1 0.464844 0.874219 0.248438 0.201563
1 0.557031 0.785156 0.198437 0.139063
1 0.554688 0.024219 0.121875 0.048438
1 0.065625 0.952344 0.131250 0.095312
2 0.247656 0.969531 0.135937 0.060937
2 0.604688 0.594531 0.281250 0.254688
2 0.940625 0.900000 0.118750 0.121875
2 0.953125 0.949219 0.093750 0.101562
2 0.351562 0.801562 0.159375 0.131250
2 0.262500 0.896875 0.131250 0.125000
2 0.617969 0.057813 0.142187 0.115625
2 0.660937 0.127344 0.115625 0.129688
2 0.904687 0.089844 0.150000 0.151562
2 0.801562 0.119531 0.109375 0.107813
2 0.856250 0.167187 0.078125 0.071875
1 0.425000 0.079687 0.178125 0.159375
1 0.902344 0.010937 0.079687 0.021875
1 0.792188 0.035937 0.096875 0.071875
1 0.962500 0.040625 0.075000 0.081250
2 0.797656 0.517969 0.154688 0.145313
1 0.628125 0.272656 0.131250 0.139063
3 0.578906 0.423438 0.079687 0.075000
2 0.675000 0.228125 0.193750 0.115625
2 0.504687 0.164062 0.146875 0.184375
1 0.418750 0.232031 0.137500 0.160938
2 0.467187 0.550000 0.118750 0.209375
2 0.334375 0.520312 0.171875 0.150000
1 0.342969 0.671094 0.129688 0.157812
2 0.239063 0.776563 0.150000 0.100000
1 0.245312 0.702344 0.084375 0.104688
2 0.264062 0.439844 0.112500 0.110937
1 0.289062 0.363281 0.118750 0.120313
1 0.085156 0.392969 0.151562 0.164062
1 0.175000 0.423438 0.068750 0.087500
2 0.188281 0.350781 0.101562 0.101562
2 0.199219 0.228125 0.085938 0.078125
3 0.344531 0.203906 0.082812 0.079687
1 0.295312 0.126562 0.106250 0.118750
1 0.309375 0.050000 0.134375 0.100000
1 0.215625 0.017969 0.109375 0.035937
1 0.094531 0.039844 0.117188 0.079687
1 0.091406 0.152344 0.170313 0.164062
3 0.181250 0.046094 0.053125 0.060937
6 0.165625 0.104688 0.087500 0.087500
2 0.055469 0.268750 0.110937 0.156250
2 0.013281 0.364844 0.026562 0.070312
2 0.025781 0.614062 0.051562 0.159375
2 0.219531 0.507031 0.085938 0.079687
