6 0.688281 0.821094 0.073438 0.114062
3 0.807813 0.725781 0.093750 0.076563
1 0.542188 0.915625 0.171875 0.168750
1 0.159375 0.911719 0.168750 0.167187
1 0.171875 0.986719 0.184375 0.026562
3 0.225000 0.866406 0.078125 0.085938
2 0.062500 0.951562 0.062500 0.096875
2 0.023438 0.977344 0.046875 0.045312
1 0.080469 0.650781 0.160938 0.179688
1 0.142969 0.504687 0.126562 0.121875
1 0.652344 0.968750 0.085938 0.062500
1 0.592969 0.977344 0.054688 0.045312
1 0.953125 0.885156 0.093750 0.117188
2 0.991406 0.102344 0.017188 0.079687
1 0.937500 0.053906 0.125000 0.107813
2 0.932813 0.158594 0.134375 0.089063
1 0.968750 0.767188 0.062500 0.131250
1 0.987500 0.675781 0.025000 0.054688
2 0.931250 0.749219 0.087500 0.107813
2 0.899219 0.635938 0.201563 0.156250
3 0.789844 0.796094 0.185938 0.135937
1 0.683594 0.695312 0.110937 0.109375
1 0.999219 0.552344 0.001563 0.010937
1 0.997656 0.539062 0.004687 0.015625
1 0.955469 0.439844 0.089063 0.151562
2 0.689063 0.144531 0.109375 0.092188
1 0.721875 0.217188 0.125000 0.128125
3 0.550781 0.418750 0.123438 0.109375
1 0.295312 0.107813 0.078125 0.103125
1 0.834375 0.232813 0.128125 0.131250
1 0.931250 0.287500 0.112500 0.168750
1 0.812500 0.316406 0.181250 0.117188
1 0.076563 0.457813 0.153125 0.156250
1 0.026562 0.346094 0.053125 0.145313
1 0.642188 0.067969 0.175000 0.135937
1 0.004687 0.050000 0.009375 0.037500
2 0.047656 0.859375 0.095312 0.140625
1 0.394531 0.502344 0.176563 0.145313
1 0.617969 0.294531 0.160938 0.151562
1 0.419531 0.643750 0.145313 0.112500
2 0.349219 0.933594 0.095312 0.132812
2 0.286719 0.941406 0.110937 0.117188
1 0.311719 0.250000 0.095312 0.168750
1 0.203906 0.255469 0.139063 0.142187
1 0.030469 0.192188 0.060937 0.150000
1 0.697656 0.399219 0.176563 0.148438
1 0.606250 0.669531 0.203125 0.173437
1 0.432812 0.379688 0.215625 0.153125
3 0.124219 0.112500 0.248438 0.150000
2 0.000000 0.657813 0.000000 0.000000
2 0.008594 0.611719 0.017188 0.048438
1 0.045312 0.000000 0.015625 0.000000
1 0.370312 0.060937 0.165625 0.121875
1 0.557813 0.011719 0.112500 0.023438
1 0.463281 0.002344 0.026562 0.004687
1 0.779687 0.531250 0.171875 0.165625
2 0.679688 0.530469 0.084375 0.070312
2 0.777344 0.586719 0.092188 0.095312
