1 0.996875 0.989844 0.006250 0.020313
1 0.989844 0.957812 0.020313 0.040625
2 0.942969 0.871094 0.114062 0.123438
2 0.988281 0.544531 0.023438 0.076563
2 0.946875 0.568750 0.106250 0.156250
2 0.970313 0.246875 0.059375 0.140625
2 0.939063 0.116406 0.121875 0.179688
6 0.946094 0.967969 0.107813 0.064062
1 0.748437 0.860156 0.253125 0.279687
1 0.614062 0.914844 0.146875 0.120313
1 0.577344 0.829688 0.135937 0.134375
1 0.589844 0.725000 0.160938 0.106250
1 0.795312 0.744531 0.115625 0.098437
1 0.469531 0.867969 0.107813 0.101562
1 0.435937 0.755469 0.187500 0.173437
2 0.875000 0.789062 0.159375 0.150000
2 0.621094 0.600000 0.201563 0.184375
1 0.714844 0.707031 0.114062 0.067187
1 0.700781 0.642969 0.126562 0.123438
1 0.776563 0.657813 0.062500 0.087500
1 0.768750 0.584375 0.090625 0.081250
1 0.865625 0.539062 0.159375 0.181250
1 0.759375 0.518750 0.112500 0.112500
2 0.739062 0.464844 0.115625 0.098437
2 0.864844 0.406250 0.154688 0.156250
2 0.817969 0.331250 0.098437 0.093750
3 0.725781 0.356250 0.154688 0.140625
1 0.667969 0.193750 0.189062 0.265625
1 0.488281 0.258594 0.204687 0.198437
2 0.585156 0.068750 0.132812 0.137500
2 0.405469 0.173437 0.142187 0.184375
1 0.385156 0.041406 0.201563 0.082812
2 0.461719 0.953125 0.195312 0.093750
2 0.199219 0.950781 0.198437 0.098437
1 0.123438 0.779687 0.190625 0.212500
1 0.209375 0.634375 0.178125 0.156250
1 0.242969 0.746094 0.101562 0.135937
1 0.334375 0.694531 0.156250 0.176563
1 0.343750 0.426563 0.221875 0.193750
1 0.405469 0.527344 0.135937 0.195312
1 0.509375 0.566406 0.100000 0.148438
2 0.550781 0.374219 0.123438 0.120313
1 0.080469 0.528906 0.154688 0.164062
1 0.117969 0.377344 0.198437 0.214062
1 0.038281 0.330469 0.076563 0.079687
1 0.006250 0.168750 0.012500 0.090625
2 0.075781 0.204687 0.151562 0.215625
2 0.824219 0.062500 0.173437 0.125000
2 0.776563 0.145313 0.165625 0.168750
6 0.589844 0.465625 0.210938 0.168750
2 0.027344 0.592187 0.054688 0.143750
2 0.228125 0.260937 0.125000 0.159375
2 0.307031 0.150000 0.132812 0.150000
2 0.643750 0.407031 0.093750 0.098437
1 0.020313 0.457031 0.040625 0.145313
7 0.022656 0.739062 0.045312 0.128125
1 0.732031 0.266406 0.076563 0.076563
1 0.839063 0.265625 0.093750 0.106250
