1 0.980469 0.917188 0.039062 0.103125
1 0.958594 0.565625 0.082812 0.221875
1 0.983594 0.220312 0.032813 0.128125
1 0.807813 0.181250 0.184375 0.196875
1 0.975000 0.371875 0.050000 0.146875
1 0.906250 0.395313 0.150000 0.134375
1 0.719531 0.097656 0.110937 0.195312
2 0.607031 0.177344 0.157812 0.104688
1 0.939063 0.199219 0.096875 0.110937
3 0.775781 0.339062 0.095312 0.040625
1 0.925781 0.284375 0.085938 0.150000
1 0.848437 0.447656 0.137500 0.170313
1 0.763281 0.559375 0.276562 0.265625
1 0.778906 0.434375 0.070312 0.093750
2 0.725781 0.407813 0.120313 0.115625
1 0.573438 0.319531 0.165625 0.167187
2 0.593750 0.086719 0.181250 0.173437
2 0.429688 0.345313 0.225000 0.240625
1 0.306250 0.235937 0.153125 0.171875
1 0.412500 0.139063 0.218750 0.218750
2 0.181250 0.114844 0.137500 0.229687
6 0.221094 0.177344 0.123438 0.176563
1 0.560156 0.433594 0.204687 0.148438
1 0.660937 0.446094 0.059375 0.048438
2 0.946094 0.679688 0.107813 0.162500
3 0.957812 0.772656 0.065625 0.054688
3 0.969531 0.809375 0.060937 0.062500
3 0.975781 0.847656 0.048438 0.042188
3 0.987500 0.754687 0.025000 0.056250
3 0.993750 0.819531 0.012500 0.023438
2 0.259375 0.393750 0.218750 0.181250
2 0.339062 0.477344 0.134375 0.110937
2 0.063281 0.239844 0.126562 0.104688
1 0.122656 0.343750 0.145313 0.162500
2 0.195312 0.555469 0.178125 0.260937
1 0.318750 0.578906 0.100000 0.160938
1 0.704688 0.779687 0.178125 0.162500
1 0.764844 0.871875 0.189062 0.212500
2 0.458594 0.828125 0.201563 0.162500
1 0.807813 0.981250 0.153125 0.037500
1 0.921875 0.970313 0.084375 0.059375
2 0.939844 0.892188 0.104688 0.131250
2 0.557813 0.883594 0.150000 0.145313
1 0.632812 0.900000 0.093750 0.093750
1 0.676562 0.966406 0.125000 0.067187
1 0.241406 0.814063 0.254688 0.187500
2 0.477344 0.947656 0.170313 0.104688
1 0.597656 0.950781 0.114062 0.098437
1 0.480469 0.999219 0.001563 0.001563
1 0.342187 0.961719 0.175000 0.076563
3 0.229687 0.992188 0.056250 0.015625
