3 0.752344 0.994531 0.048438 0.010937
2 0.998437 0.869531 0.003125 0.007812
2 0.961719 0.659375 0.076563 0.168750
4 0.971094 0.799219 0.057813 0.123438
1 0.960156 0.100000 0.079687 0.137500
1 0.914844 0.056250 0.064062 0.081250
1 0.966406 0.001563 0.020313 0.003125
1 0.968750 0.485938 0.062500 0.109375
1 0.779687 0.303125 0.128125 0.159375
3 0.857031 0.065625 0.114062 0.131250
3 0.963281 0.950781 0.073438 0.098437
2 0.887500 0.846094 0.056250 0.076563
2 0.798438 0.979688 0.062500 0.040625
2 0.845313 0.749219 0.175000 0.139063
3 0.741406 0.967969 0.073438 0.054688
2 0.614844 0.871094 0.089063 0.085938
2 0.607031 0.957031 0.151562 0.085938
6 0.432812 0.985938 0.084375 0.028125
2 0.381250 0.977344 0.062500 0.045312
2 0.099219 0.997656 0.020313 0.004687
2 0.028906 0.990625 0.057813 0.018750
3 0.035937 0.860938 0.071875 0.100000
1 0.130469 0.957031 0.076563 0.085938
1 0.204687 0.946094 0.115625 0.107813
2 0.323437 0.732031 0.125000 0.170313
2 0.329688 0.588281 0.153125 0.167187
3 0.408594 0.739844 0.076563 0.076563
7 0.482031 0.696094 0.135937 0.114062
7 0.321875 0.476562 0.109375 0.100000
4 0.556250 0.789844 0.093750 0.089063
3 0.682031 0.634375 0.060937 0.068750
6 0.446094 0.781250 0.048438 0.056250
2 0.937500 0.571094 0.125000 0.148438
2 0.842969 0.610156 0.154688 0.198437
2 0.850781 0.476562 0.098437 0.090625
1 0.701562 0.489063 0.140625 0.140625
4 0.937500 0.437500 0.125000 0.131250
3 0.957812 0.332031 0.084375 0.117188
2 0.900781 0.164844 0.098437 0.079687
4 0.735938 0.416406 0.090625 0.095312
7 0.436719 0.390625 0.104688 0.106250
2 0.721094 0.635156 0.070312 0.129688
2 0.582031 0.350781 0.110937 0.089063
6 0.654687 0.191406 0.081250 0.082812
6 0.539844 0.257812 0.035937 0.034375
2 0.378906 0.276562 0.085938 0.121875
1 0.467969 0.192969 0.157812 0.132812
2 0.505469 0.053125 0.201563 0.106250
1 0.412500 0.079687 0.096875 0.118750
7 0.345313 0.178906 0.134375 0.139063
2 0.308594 0.081250 0.085938 0.096875
2 0.335938 0.029687 0.071875 0.059375
1 0.149219 0.014063 0.067187 0.028125
1 0.096094 0.000781 0.007812 0.001563
1 0.074219 0.069531 0.092188 0.076563
1 0.110156 0.123438 0.085938 0.118750
1 0.220312 0.036719 0.075000 0.073438
1 0.277344 0.011719 0.085938 0.023438
6 0.057031 0.232813 0.114062 0.118750
2 0.044531 0.570312 0.089063 0.134375
1 0.128906 0.493750 0.123438 0.131250
1 0.082812 0.305469 0.100000 0.148438
7 0.210938 0.192969 0.134375 0.157812
1 0.051562 0.721875 0.103125 0.221875
2 0.001563 0.022656 0.003125 0.007812
7 0.025000 0.342969 0.050000 0.092188
6 0.411719 0.548438 0.045312 0.056250
6 0.594531 0.745313 0.042188 0.037500
6 0.646875 0.132031 0.062500 0.092188
