1 0.753906 0.807813 0.151562 0.125000
1 0.742188 0.910156 0.162500 0.095312
6 0.642969 0.775781 0.070312 0.082812
2 0.570312 0.999219 0.000000 0.001563
2 0.518750 0.985156 0.028125 0.029687
2 0.515625 0.904687 0.065625 0.156250
2 0.385937 0.815625 0.115625 0.125000
1 0.638281 0.916406 0.098437 0.167187
1 0.634375 0.076563 0.090625 0.087500
1 0.261719 0.836719 0.120313 0.092188
1 0.214844 0.945312 0.104688 0.109375
1 0.323437 0.739062 0.125000 0.125000
1 0.217969 0.753906 0.142187 0.135937
2 0.153906 0.660937 0.142187 0.106250
2 0.028906 0.285156 0.057813 0.095312
2 0.241406 0.025000 0.095312 0.050000
3 0.300000 0.000000 0.006250 0.000000
3 0.290625 0.000781 0.003125 0.001563
2 0.349219 0.667969 0.095312 0.104688
2 0.068750 0.626563 0.106250 0.090625
2 0.046875 0.550781 0.043750 0.082812
2 0.045312 0.674219 0.090625 0.089063
2 0.092969 0.758594 0.120313 0.120313
2 0.039844 0.775000 0.079687 0.134375
2 0.014844 0.730469 0.029687 0.051562
2 0.036719 0.021094 0.073438 0.042188
2 0.573438 0.024219 0.075000 0.048438
2 0.457813 0.006250 0.025000 0.012500
1 0.409375 0.001563 0.018750 0.003125
1 0.164062 0.161719 0.121875 0.135937
1 0.189062 0.254688 0.100000 0.134375
2 0.128125 0.321094 0.121875 0.135937
1 0.012500 0.518750 0.025000 0.071875
1 0.050000 0.414844 0.100000 0.173437
1 0.146875 0.543750 0.143750 0.140625
1 0.196094 0.428125 0.189062 0.209375
1 0.310156 0.237500 0.198437 0.256250
2 0.442969 0.172656 0.189062 0.114062
2 0.338281 0.110937 0.104688 0.106250
1 0.424219 0.643750 0.145313 0.168750
2 0.010156 0.854688 0.020313 0.028125
1 0.246875 0.607031 0.128125 0.129688
2 0.545312 0.654687 0.131250 0.125000
2 0.560937 0.739062 0.125000 0.075000
1 0.399219 0.407813 0.139063 0.150000
1 0.292187 0.517969 0.118750 0.142187
1 0.368750 0.534375 0.071875 0.131250
1 0.444531 0.524219 0.139063 0.170313
1 0.542188 0.264062 0.296875 0.218750
1 0.669531 0.323437 0.167187 0.165625
2 0.118750 0.092969 0.068750 0.051562
2 0.417187 0.052344 0.125000 0.104688
2 0.259375 0.064062 0.221875 0.128125
