7 0.854688 0.101562 0.046875 0.053125
7 0.677344 0.057813 0.054688 0.040625
7 0.809375 0.132031 0.040625 0.064062
7 0.829688 0.082812 0.046875 0.043750
7 0.688281 0.002344 0.032813 0.004687
7 0.794531 0.064062 0.048438 0.053125
7 0.823438 0.041406 0.065625 0.057813
1 0.751563 0.357031 0.093750 0.095312
6 0.751563 0.418750 0.034375 0.031250
7 0.657813 0.263281 0.053125 0.051562
7 0.689063 0.235156 0.053125 0.054688
7 0.990625 0.309375 0.018750 0.050000
7 0.865625 0.176563 0.093750 0.103125
7 0.526563 0.335156 0.037500 0.048438
7 0.498437 0.453906 0.050000 0.054688
7 0.533594 0.435937 0.082812 0.087500
7 0.567187 0.427344 0.065625 0.076563
7 0.280469 0.416406 0.070312 0.067187
7 0.279687 0.352344 0.068750 0.079687
7 0.535156 0.262500 0.039062 0.040625
7 0.577344 0.254688 0.054688 0.053125
7 0.557031 0.295312 0.064062 0.056250
7 0.600000 0.282031 0.050000 0.045312
7 0.404687 0.475781 0.068750 0.060937
7 0.412500 0.430469 0.140625 0.104688
7 0.385156 0.138281 0.070312 0.064062
7 0.380469 0.085156 0.057813 0.054688
7 0.342969 0.102344 0.054688 0.073438
7 0.532813 0.052344 0.034375 0.048438
7 0.729688 0.171094 0.059375 0.057813
7 0.693750 0.154688 0.040625 0.037500
7 0.684375 0.185156 0.059375 0.054688
7 0.662500 0.112500 0.087500 0.078125
7 0.629687 0.110937 0.034375 0.028125
7 0.572656 0.121094 0.039062 0.035937
7 0.525781 0.136719 0.085938 0.098437
7 0.625781 0.132812 0.051562 0.034375
7 0.764844 0.108594 0.064062 0.064062
7 0.991406 0.228125 0.017188 0.081250
7 0.975781 0.443750 0.048438 0.081250
7 0.992188 0.478906 0.015625 0.029687
