1 0.175000 0.000000 0.015625 0.000000
1 0.098437 0.009375 0.056250 0.018750
1 0.040625 0.075781 0.081250 0.104688
2 0.079687 0.185156 0.159375 0.235937
1 0.096875 0.348438 0.137500 0.106250
1 0.209375 0.428906 0.106250 0.126562
5 0.025000 0.482031 0.050000 0.139063
5 0.130469 0.591406 0.170313 0.185938
1 0.025000 0.645312 0.050000 0.143750
1 0.182031 0.724219 0.114062 0.082812
1 0.076563 0.827344 0.109375 0.079687
1 0.003906 0.959375 0.007812 0.021875
1 0.112500 0.918750 0.225000 0.162500
2 0.203125 0.821094 0.146875 0.148438
2 0.107813 0.716406 0.081250 0.085938
1 0.112500 0.918750 0.225000 0.162500
2 0.524219 0.957031 0.139063 0.085938
2 0.504687 0.664844 0.096875 0.095312
2 0.535937 0.860156 0.100000 0.098437
2 0.636719 0.850000 0.145313 0.128125
2 0.628125 0.747656 0.115625 0.079687
2 0.345313 0.790625 0.159375 0.159375
2 0.350000 0.900000 0.078125 0.062500
2 0.856250 0.858594 0.109375 0.110937
2 0.918750 0.827344 0.162500 0.170313
2 0.780469 0.926562 0.164062 0.146875
2 0.829688 0.986719 0.081250 0.026562
2 0.344531 0.685937 0.117188 0.081250
2 0.808594 0.668750 0.167187 0.128125
1 0.645312 0.911719 0.221875 0.176563
1 0.932031 0.959375 0.114062 0.081250
1 0.990625 0.978125 0.018750 0.043750
1 0.510156 0.766406 0.142187 0.148438
1 0.285938 0.639062 0.093750 0.128125
7 0.427344 0.883594 0.095312 0.079687
7 0.369531 0.961719 0.079687 0.076563
6 0.656250 0.648438 0.156250 0.134375
6 0.294531 0.992969 0.014063 0.014063
7 0.375000 0.600000 0.115625 0.106250
7 0.234375 0.614062 0.087500 0.109375
3 0.382031 0.079687 0.107813 0.096875
2 0.212500 0.113281 0.225000 0.210938
2 0.303125 0.192969 0.237500 0.154688
2 0.595313 0.371875 0.162500 0.156250
2 0.666406 0.328906 0.145313 0.173437
2 0.792188 0.243750 0.140625 0.131250
2 0.768750 0.113281 0.134375 0.167187
2 0.076563 0.490625 0.096875 0.134375
2 0.232813 0.515625 0.218750 0.100000
3 0.498437 0.295312 0.162500 0.168750
1 0.272656 0.426563 0.085938 0.162500
1 0.323437 0.303125 0.128125 0.115625
1 0.482812 0.200000 0.143750 0.175000
1 0.750000 0.519531 0.162500 0.132812
1 0.835156 0.342969 0.110937 0.123438
1 0.971875 0.217188 0.056250 0.125000
1 0.586719 0.077344 0.198437 0.145313
2 0.604688 0.557031 0.156250 0.098437
7 0.921875 0.024219 0.084375 0.048438
1 0.607812 0.025781 0.193750 0.051562
4 0.958594 0.478125 0.082812 0.143750
2 0.923438 0.667188 0.153125 0.212500
