1 0.014063 0.964844 0.028125 0.070312
1 0.104688 0.755469 0.137500 0.204687
1 0.238281 0.742969 0.160938 0.167187
1 0.063281 0.510938 0.126562 0.165625
3 0.153906 0.560156 0.132812 0.145313
2 0.000000 0.412500 0.000000 0.006250
1 0.046094 0.289844 0.092188 0.148438
1 0.018750 0.079687 0.037500 0.153125
2 0.075781 0.023438 0.117188 0.046875
2 0.549219 0.924219 0.217188 0.151562
2 0.507812 0.828906 0.184375 0.226562
1 0.285938 0.942969 0.100000 0.114062
1 0.353906 0.849219 0.167187 0.182812
1 0.455469 0.700781 0.167187 0.248438
4 0.319531 0.592187 0.189062 0.162500
2 0.257031 0.515625 0.073438 0.062500
2 0.385937 0.525000 0.106250 0.140625
2 0.657031 0.573438 0.054688 0.071875
3 0.237500 0.482031 0.084375 0.073438
2 0.242188 0.348438 0.134375 0.153125
2 0.290625 0.282031 0.140625 0.151562
1 0.398438 0.264062 0.090625 0.118750
1 0.432031 0.360156 0.145313 0.157812
1 0.162500 0.226562 0.168750 0.168750
1 0.032031 0.163281 0.064062 0.114062
1 0.103906 0.148438 0.076563 0.075000
1 0.426563 0.157812 0.112500 0.112500
1 0.353125 0.070312 0.178125 0.134375
1 0.299219 0.169531 0.142187 0.139063
1 0.264844 0.035156 0.079687 0.070312
1 0.189844 0.033594 0.085938 0.067187
2 0.223438 0.083594 0.096875 0.079687
2 0.789844 0.814063 0.179688 0.187500
1 0.940625 0.835156 0.118750 0.123438
1 0.955469 0.717187 0.089063 0.137500
1 0.866406 0.715625 0.101562 0.087500
1 0.855469 0.792969 0.098437 0.092188
1 0.800781 0.635156 0.154688 0.145313
6 0.612500 0.609375 0.081250 0.096875
2 0.773438 0.547656 0.159375 0.120313
2 0.887500 0.586719 0.096875 0.085938
2 0.880469 0.486719 0.132812 0.139063
1 0.710938 0.489063 0.106250 0.131250
1 0.592187 0.302344 0.106250 0.139063
1 0.707812 0.255469 0.187500 0.145313
1 0.479687 0.114062 0.112500 0.103125
1 0.522656 0.164844 0.114062 0.123438
1 0.503906 0.249219 0.148438 0.142187
1 0.565625 0.057031 0.118750 0.082812
1 0.692969 0.104688 0.095312 0.134375
3 0.759375 0.131250 0.081250 0.134375
2 0.635156 0.028125 0.132812 0.056250
6 0.610938 0.475000 0.081250 0.062500
3 0.580469 0.542188 0.067187 0.071875
3 0.535156 0.567187 0.079687 0.078125
3 0.878906 0.381250 0.032813 0.046875
1 0.912500 0.280469 0.175000 0.154688
1 0.985938 0.665625 0.028125 0.078125
1 0.983594 0.326562 0.032813 0.028125
1 0.999219 0.312500 0.001563 0.003125
1 0.996875 0.292187 0.006250 0.021875
3 0.957031 0.473438 0.085938 0.128125
3 0.952344 0.205469 0.095312 0.092188
4 0.930469 0.600781 0.095312 0.120313
4 0.971875 0.543750 0.056250 0.075000
1 0.999219 0.931250 0.001563 0.003125
1 0.989062 0.885938 0.021875 0.071875
1 0.833594 0.020313 0.117188 0.040625
2 0.936719 0.065625 0.126562 0.131250
3 0.860938 0.164844 0.168750 0.132812
1 0.760156 0.004687 0.039062 0.009375
1 0.753906 0.375000 0.114062 0.125000
