6 0.228125 0.213281 0.096875 0.142187
1 0.382031 0.303906 0.157812 0.182812
1 0.328125 0.185938 0.112500 0.143750
1 0.564844 0.322656 0.104688 0.092188
1 0.534375 0.424219 0.165625 0.123438
1 0.054688 0.357031 0.109375 0.064062
1 0.079687 0.234375 0.159375 0.218750
3 0.980469 0.019531 0.039062 0.039062
2 0.569531 0.982031 0.067187 0.035937
1 0.907031 0.142187 0.176563 0.284375
1 0.788281 0.067187 0.132812 0.134375
1 0.617188 0.053906 0.096875 0.107813
1 0.514844 0.056250 0.129688 0.112500
1 0.246875 0.090625 0.146875 0.168750
1 0.187500 0.516406 0.178125 0.223438
1 0.190625 0.389844 0.206250 0.232813
1 0.051562 0.060156 0.103125 0.120313
