1 0.619531 0.808594 0.151562 0.164062
1 0.623437 0.463281 0.146875 0.160938
1 0.621094 0.578125 0.254688 0.193750
2 0.872656 0.318750 0.210938 0.225000
2 0.332031 0.061719 0.167187 0.110937
2 0.434375 0.043750 0.115625 0.087500
2 0.133594 0.142187 0.267188 0.284375
2 0.346875 0.189062 0.165625 0.175000
2 0.242969 0.285156 0.242188 0.239063
1 0.376563 0.432812 0.128125 0.134375
1 0.328125 0.526563 0.209375 0.140625
1 0.314844 0.639062 0.198437 0.156250
2 0.090625 0.958594 0.115625 0.082812
1 0.014844 0.889062 0.029687 0.071875
1 0.007031 0.835156 0.014063 0.032813
1 0.025000 0.957812 0.050000 0.084375
1 0.372656 0.967187 0.073438 0.065625
2 0.234375 0.944531 0.193750 0.110937
1 0.010156 0.664844 0.020313 0.051562
1 0.050781 0.753906 0.101562 0.154688
1 0.065625 0.689063 0.103125 0.093750
1 0.132031 0.832031 0.114062 0.129688
1 0.170313 0.720313 0.159375 0.137500
1 0.239063 0.835938 0.168750 0.118750
1 0.310156 0.782813 0.107813 0.143750
1 0.159375 0.597656 0.131250 0.135937
1 0.114062 0.563281 0.159375 0.142187
1 0.038281 0.596094 0.076563 0.092188
2 0.029687 0.527344 0.059375 0.085938
2 0.192969 0.492188 0.095312 0.059375
2 0.071094 0.408594 0.110937 0.101562
2 0.153906 0.441406 0.095312 0.120313
2 0.507031 0.898438 0.117188 0.137500
1 0.486719 0.703125 0.301563 0.271875
1 0.489844 0.401562 0.120313 0.212500
2 0.924219 0.314844 0.139063 0.145313
2 0.490625 0.180469 0.187500 0.232813
2 0.638281 0.094531 0.189062 0.164062
2 0.705469 0.163281 0.145313 0.139063
1 0.815625 0.131250 0.121875 0.153125
2 0.666406 0.268750 0.245312 0.203125
1 0.934375 0.155469 0.131250 0.139063
1 0.935937 0.032813 0.128125 0.065625
1 0.985156 0.045312 0.029687 0.068750
2 0.849219 0.000781 0.010937 0.001563
2 0.802344 0.031250 0.107813 0.062500
1 0.490625 0.042969 0.109375 0.085938
1 0.607812 0.017969 0.106250 0.035937
2 0.995313 0.344531 0.009375 0.014063
1 0.996094 0.158594 0.007812 0.020313
2 0.974219 0.804688 0.051562 0.100000
