6 0.195312 0.553906 0.059375 0.073438
1 0.046875 0.029687 0.093750 0.059375
1 0.632031 0.436719 0.232813 0.292187
1 0.670312 0.743750 0.234375 0.196875
6 0.746094 0.909375 0.064062 0.131250
2 0.760938 0.464844 0.134375 0.117188
1 0.882031 0.496875 0.207813 0.271875
1 0.996094 0.578906 0.007812 0.023438
1 0.987500 0.510156 0.025000 0.110937
1 0.953125 0.807031 0.093750 0.135937
1 0.394531 0.428906 0.220312 0.214062
1 0.296875 0.677344 0.206250 0.239063
1 0.703125 0.028125 0.125000 0.056250
1 0.316406 0.040625 0.182812 0.081250
1 0.150000 0.042188 0.143750 0.084375
6 0.925781 0.144531 0.148438 0.129688
1 0.153125 0.284375 0.218750 0.265625
1 0.918750 0.676562 0.162500 0.206250
1 0.882812 0.784375 0.150000 0.215625
3 0.907813 0.932813 0.103125 0.071875
3 0.971094 0.930469 0.057813 0.139063
1 0.903906 0.985938 0.085938 0.028125
1 0.789844 0.972656 0.123438 0.054688
1 0.609375 0.976562 0.084375 0.046875
1 0.509375 0.960938 0.128125 0.078125
1 0.180469 0.917969 0.142187 0.142187
1 0.599219 0.062500 0.135937 0.125000
1 0.737500 0.099219 0.131250 0.135937
1 0.694531 0.142969 0.292187 0.210938
1 0.057031 0.457031 0.114062 0.242188
1 0.096875 0.738281 0.106250 0.129688
1 0.071875 0.875781 0.143750 0.235937
1 0.043750 0.971094 0.087500 0.057813
