2 0.615625 0.955469 0.171875 0.089063
2 0.031250 0.941406 0.062500 0.117188
2 0.006250 0.878125 0.012500 0.018750
2 0.499219 0.981250 0.051562 0.037500
1 0.534375 0.864844 0.178125 0.151562
1 0.779687 0.758594 0.118750 0.142187
1 0.463281 0.677344 0.260937 0.257812
2 0.379688 0.836719 0.137500 0.154688
1 0.277344 0.839063 0.164062 0.150000
1 0.643750 0.642188 0.115625 0.137500
1 0.547656 0.582031 0.239063 0.185938
2 0.735938 0.601562 0.118750 0.156250
2 0.153125 0.561719 0.137500 0.139063
1 0.967187 0.957031 0.065625 0.085938
2 0.975000 0.888281 0.050000 0.089063
1 0.342969 0.512500 0.220312 0.187500
1 0.602344 0.434375 0.254688 0.237500
2 0.011719 0.558594 0.023438 0.042188
2 0.044531 0.478906 0.089063 0.129688
2 0.001563 0.405469 0.003125 0.014063
2 0.150781 0.456250 0.185938 0.128125
2 0.253125 0.442969 0.121875 0.107813
1 0.082812 0.361719 0.134375 0.117188
1 0.275781 0.359375 0.129688 0.128125
1 0.085156 0.232813 0.157812 0.193750
1 0.164844 0.289844 0.114062 0.157812
4 0.268750 0.571094 0.118750 0.123438
4 0.424219 0.419531 0.160938 0.160938
1 0.412500 0.285938 0.209375 0.159375
1 0.389062 0.150000 0.187500 0.150000
1 0.239844 0.175000 0.179688 0.184375
1 0.185938 0.092188 0.125000 0.112500
1 0.627344 0.274219 0.160938 0.129688
1 0.302344 0.045312 0.176563 0.090625
1 0.092969 0.100000 0.079687 0.075000
1 0.091406 0.039062 0.182812 0.078125
1 0.032813 0.139063 0.065625 0.115625
1 0.400781 0.003906 0.032813 0.007812
2 0.001563 0.051562 0.003125 0.015625
1 0.001563 0.217188 0.003125 0.046875
4 0.680469 0.341406 0.157812 0.114062
2 0.487500 0.069531 0.221875 0.139063
2 0.585938 0.150781 0.203125 0.232813
1 0.782813 0.394531 0.137500 0.192188
1 0.859375 0.331250 0.156250 0.203125
2 0.791406 0.164844 0.157812 0.214062
2 0.903125 0.182031 0.150000 0.182812
2 0.684375 0.115625 0.146875 0.168750
2 0.943750 0.044531 0.112500 0.089063
1 0.646094 0.028906 0.139063 0.057813
4 0.853125 0.061719 0.175000 0.123438
4 0.867969 0.628125 0.104688 0.112500
4 0.821094 0.566406 0.089063 0.132812
2 0.944531 0.328906 0.070312 0.104688
1 0.782031 0.010937 0.045312 0.021875
2 0.381250 0.939844 0.153125 0.120313
