6 0.493750 0.485156 0.246875 0.292187
6 0.634375 0.989062 0.040625 0.021875
6 0.710156 0.975000 0.092188 0.050000
1 0.254688 0.946875 0.184375 0.106250
1 0.428906 0.970313 0.173437 0.059375
1 0.401562 0.857031 0.153125 0.189062
1 0.260937 0.836719 0.128125 0.110937
1 0.312500 0.752344 0.153125 0.142187
1 0.407813 0.617188 0.134375 0.121875
1 0.275781 0.603125 0.160938 0.168750
2 0.950781 0.625000 0.098437 0.181250
1 0.712500 0.509375 0.187500 0.134375
2 0.526563 0.649219 0.131250 0.157812
2 0.649219 0.618750 0.182812 0.140625
1 0.456250 0.726562 0.178125 0.134375
1 0.551562 0.871875 0.209375 0.253125
1 0.708594 0.808594 0.273438 0.260937
2 0.825781 0.915625 0.226562 0.168750
1 0.607031 0.996094 0.014063 0.007812
2 0.150781 0.853906 0.154688 0.151562
1 0.199219 0.685937 0.179688 0.178125
1 0.717969 0.385937 0.135937 0.134375
1 0.987500 0.339062 0.025000 0.062500
2 0.937500 0.924219 0.125000 0.151562
1 0.897656 0.366406 0.185938 0.182812
1 0.197656 0.085938 0.179688 0.171875
2 0.212500 0.201563 0.081250 0.065625
1 0.049219 0.817187 0.098437 0.146875
1 0.111719 0.600000 0.223438 0.243750
2 0.053125 0.553906 0.106250 0.101562
1 0.431250 0.230469 0.203125 0.195312
2 0.282031 0.282031 0.129688 0.132812
2 0.203906 0.330469 0.101562 0.145313
2 0.150781 0.435937 0.132812 0.121875
2 0.075000 0.368750 0.121875 0.143750
1 0.245312 0.440625 0.103125 0.143750
1 0.338281 0.386719 0.135937 0.110937
1 0.013281 0.263281 0.026562 0.089063
1 0.089844 0.262500 0.076563 0.078125
1 0.149219 0.270313 0.095312 0.106250
6 0.050000 0.172656 0.068750 0.045312
2 0.025781 0.122656 0.051562 0.048438
1 0.013281 0.074219 0.026562 0.048438
2 0.131250 0.027344 0.103125 0.054688
2 0.378125 0.003125 0.021875 0.006250
1 0.390625 0.107031 0.128125 0.126562
1 0.458594 0.046875 0.157812 0.093750
6 0.359375 0.035156 0.040625 0.067187
3 0.314844 0.150781 0.095312 0.129688
1 0.989844 0.022656 0.020313 0.045312
1 0.916406 0.148438 0.167187 0.165625
1 0.956250 0.244531 0.087500 0.107813
1 0.571094 0.253906 0.123438 0.126562
1 0.563281 0.116406 0.145313 0.173437
1 0.675000 0.157812 0.125000 0.215625
1 0.708594 0.020313 0.151562 0.040625
2 0.822656 0.229687 0.229687 0.203125
2 0.554688 0.027344 0.100000 0.054688
2 0.018750 0.230469 0.037500 0.079687
