2 0.620313 0.969531 0.100000 0.060937
2 0.610938 0.992969 0.056250 0.014063
2 0.688281 0.996094 0.051562 0.007812
2 0.716406 0.946875 0.117188 0.106250
2 0.800781 0.923438 0.123438 0.125000
2 0.459375 0.798438 0.087500 0.121875
1 0.782813 0.989062 0.065625 0.021875
1 0.850000 0.982031 0.090625 0.035937
1 0.939063 0.979688 0.121875 0.040625
2 0.076563 0.062500 0.112500 0.071875
2 0.310937 0.058594 0.100000 0.104688
2 0.150781 0.178125 0.104688 0.106250
1 0.378906 0.575000 0.126562 0.115625
1 0.328906 0.646094 0.145313 0.107813
1 0.325000 0.729688 0.212500 0.175000
6 0.773438 0.516406 0.178125 0.148438
3 0.778906 0.137500 0.089063 0.075000
3 0.897656 0.034375 0.117188 0.068750
2 0.871094 0.107031 0.135937 0.129688
1 0.054688 0.414062 0.109375 0.125000
1 0.117188 0.452344 0.146875 0.154688
1 0.418750 0.880469 0.146875 0.120313
2 0.587500 0.896875 0.153125 0.153125
2 0.677344 0.882812 0.107813 0.128125
2 0.707812 0.838281 0.068750 0.067187
2 0.764844 0.785156 0.076563 0.107813
2 0.584375 0.717969 0.084375 0.107813
2 0.645312 0.715625 0.071875 0.115625
1 0.697656 0.600781 0.129688 0.176563
2 0.819531 0.634375 0.064062 0.096875
1 0.906250 0.587500 0.171875 0.162500
2 0.875781 0.665625 0.095312 0.112500
2 0.906250 0.757812 0.081250 0.087500
2 0.946094 0.717187 0.092188 0.106250
2 0.820312 0.823438 0.081250 0.106250
1 0.835938 0.747656 0.115625 0.073438
1 0.693750 0.752344 0.103125 0.148438
2 0.766406 0.689063 0.142187 0.184375
2 0.996875 0.557813 0.006250 0.034375
2 0.994531 0.521875 0.010937 0.009375
1 0.922656 0.464844 0.154688 0.145313
1 0.823438 0.378125 0.143750 0.168750
2 0.676562 0.041406 0.125000 0.082812
2 0.942187 0.278125 0.115625 0.256250
3 0.735156 0.395313 0.092188 0.109375
2 0.703125 0.307031 0.165625 0.179688
1 0.470313 0.116406 0.156250 0.151562
2 0.607031 0.115625 0.135937 0.103125
3 0.577344 0.092188 0.110937 0.090625
2 0.427344 0.077344 0.145313 0.154688
1 0.357031 0.494531 0.139063 0.101562
1 0.291406 0.308594 0.082812 0.085938
1 0.007812 0.224219 0.015625 0.039062
1 0.016406 0.307812 0.032813 0.112500
3 0.039844 0.205469 0.079687 0.092188
3 0.104688 0.220312 0.096875 0.084375
3 0.153906 0.249219 0.070312 0.045312
2 0.080469 0.323437 0.154688 0.153125
3 0.246875 0.271875 0.059375 0.059375
3 0.263281 0.100000 0.079687 0.062500
2 0.108594 0.997656 0.029687 0.004687
2 0.100781 0.778906 0.201563 0.207813
2 0.006250 0.675000 0.012500 0.018750
2 0.217188 0.793750 0.090625 0.059375
2 0.357031 0.888281 0.317188 0.223438
2 0.173437 0.933594 0.140625 0.132812
3 0.165625 0.303906 0.071875 0.082812
