1 0.010156 0.931250 0.020313 0.053125
1 0.117188 0.917188 0.090625 0.106250
1 0.212500 0.929688 0.112500 0.134375
2 0.142969 0.850000 0.101562 0.118750
1 0.017969 0.974219 0.035937 0.051562
2 0.297656 0.964844 0.126562 0.070312
1 0.425781 0.956250 0.139063 0.087500
1 0.425781 0.888281 0.076563 0.064062
1 0.288281 0.859375 0.073438 0.071875
1 0.346875 0.832031 0.096875 0.092188
1 0.341406 0.671875 0.167187 0.215625
1 0.503906 0.746875 0.092188 0.096875
1 0.208594 0.759375 0.082812 0.084375
1 0.553125 0.646094 0.121875 0.154688
1 0.684375 0.708594 0.131250 0.157812
2 0.689063 0.589063 0.190625 0.190625
7 0.591406 0.760938 0.123438 0.131250
7 0.480469 0.638281 0.079687 0.129688
7 0.445312 0.556250 0.075000 0.071875
7 0.397656 0.500781 0.101562 0.117188
7 0.437500 0.456250 0.071875 0.068750
7 0.488281 0.340625 0.057813 0.093750
1 0.682813 0.457813 0.078125 0.106250
1 0.565625 0.450000 0.068750 0.100000
7 0.616406 0.328125 0.064062 0.115625
2 0.833594 0.301563 0.048438 0.068750
2 0.775781 0.483594 0.132812 0.160938
1 0.792188 0.624219 0.071875 0.120313
2 0.897656 0.617188 0.164062 0.156250
2 0.943750 0.551562 0.081250 0.078125
1 0.879687 0.520312 0.109375 0.078125
1 0.721094 0.815625 0.095312 0.121875
1 0.639844 0.829688 0.089063 0.143750
1 0.942969 0.375781 0.067187 0.092188
1 0.904687 0.355469 0.075000 0.114062
2 0.992188 0.241406 0.015625 0.042188
2 0.992969 0.319531 0.014063 0.042188
2 0.503906 0.876563 0.060937 0.065625
7 0.795312 0.773438 0.118750 0.125000
3 0.871875 0.977344 0.050000 0.045312
3 0.814063 0.919531 0.093750 0.060937
1 0.968750 0.645312 0.062500 0.068750
