2 0.817969 0.009375 0.117188 0.018750
3 0.919531 0.046094 0.151562 0.092188
2 0.913281 0.128906 0.126562 0.132812
2 0.832812 0.137500 0.093750 0.115625
2 0.975000 0.142187 0.050000 0.134375
1 0.970313 0.298438 0.059375 0.115625
2 0.932813 0.407813 0.115625 0.165625
1 0.885156 0.371094 0.089063 0.107813
1 0.851562 0.220312 0.062500 0.096875
1 0.853125 0.297656 0.059375 0.092188
1 0.985156 0.423438 0.029687 0.043750
2 0.977344 0.527344 0.045312 0.098437
1 0.950000 0.620313 0.100000 0.121875
1 0.935937 0.791406 0.128125 0.273438
1 0.962500 0.961719 0.075000 0.076563
6 0.844531 0.952344 0.170313 0.095312
2 0.000000 0.361719 0.000000 0.020313
6 0.005469 0.564844 0.010937 0.042188
1 0.025781 0.025000 0.051562 0.050000
1 0.147656 0.992969 0.057813 0.014063
1 0.083594 0.932813 0.073438 0.084375
2 0.216406 0.977344 0.051562 0.045312
2 0.415625 0.974219 0.093750 0.051562
2 0.014063 0.637500 0.028125 0.071875
2 0.260156 0.821094 0.070312 0.073438
2 0.421875 0.811719 0.103125 0.067187
2 0.511719 0.918750 0.151562 0.162500
1 0.042969 0.825000 0.085938 0.112500
1 0.001563 0.725781 0.003125 0.023438
1 0.091406 0.720313 0.182812 0.243750
1 0.147656 0.901563 0.151562 0.153125
2 0.407031 0.574219 0.085938 0.073438
2 0.475781 0.533594 0.095312 0.139063
2 0.361719 0.460156 0.110937 0.095312
1 0.174219 0.387500 0.176563 0.168750
1 0.289062 0.179688 0.200000 0.187500
1 0.392188 0.077344 0.068750 0.070312
1 0.171875 0.039062 0.168750 0.078125
2 0.410156 0.018750 0.104688 0.037500
6 0.315625 0.035937 0.037500 0.043750
2 0.750000 0.107813 0.112500 0.075000
2 0.495312 0.171094 0.234375 0.273438
2 0.507031 0.012500 0.051562 0.025000
2 0.555469 0.025000 0.060937 0.050000
1 0.673438 0.040625 0.103125 0.081250
1 0.668750 0.220312 0.103125 0.093750
2 0.797656 0.342187 0.117188 0.112500
2 0.777344 0.603906 0.151562 0.107813
2 0.744531 0.513281 0.051562 0.057813
2 0.703125 0.469531 0.078125 0.085938
2 0.765625 0.427344 0.100000 0.104688
1 0.625781 0.389844 0.214062 0.182812
1 0.630469 0.506250 0.079687 0.071875
1 0.798438 0.689844 0.165625 0.110937
1 0.853125 0.562500 0.190625 0.125000
2 0.563281 0.681250 0.145313 0.153125
2 0.671875 0.692187 0.106250 0.112500
2 0.714063 0.763281 0.128125 0.107813
2 0.423438 0.996875 0.021875 0.006250
