1 0.246094 0.767188 0.110937 0.134375
1 0.989844 0.260156 0.020313 0.051562
1 0.996875 0.203906 0.006250 0.045312
2 0.459375 0.991406 0.062500 0.017188
6 0.119531 0.771094 0.045312 0.060937
3 0.735156 0.335156 0.142187 0.176563
3 0.646875 0.195312 0.096875 0.100000
6 0.396094 0.576562 0.089063 0.065625
2 0.557813 0.054688 0.128125 0.109375
3 0.468750 0.083594 0.228125 0.126562
1 0.863281 0.284375 0.164062 0.140625
2 0.861719 0.514062 0.114062 0.171875
1 0.900781 0.428125 0.189062 0.143750
1 0.989844 0.428906 0.020313 0.060937
1 0.940625 0.532031 0.118750 0.145313
2 0.937500 0.637500 0.125000 0.137500
3 0.775000 0.913281 0.137500 0.173437
3 0.857031 0.932813 0.148438 0.121875
1 0.986719 0.918750 0.026562 0.065625
1 0.921875 0.947656 0.156250 0.104688
3 0.545312 0.277344 0.150000 0.173437
2 0.432031 0.940625 0.148438 0.118750
6 0.006250 0.996875 0.012500 0.006250
6 0.007812 0.962500 0.015625 0.012500
6 0.002344 0.951562 0.004687 0.012500
3 0.224219 0.525781 0.104688 0.085938
1 0.664062 0.931250 0.209375 0.137500
1 0.775781 0.823438 0.129688 0.096875
1 0.530469 0.903906 0.101562 0.151562
1 0.538281 0.822656 0.204687 0.145313
1 0.784375 0.699219 0.100000 0.104688
1 0.667188 0.723437 0.178125 0.171875
1 0.713281 0.791406 0.104688 0.117188
1 0.434375 0.829688 0.065625 0.093750
1 0.582031 0.665625 0.117188 0.237500
1 0.516406 0.652344 0.114062 0.167187
1 0.466406 0.567969 0.101562 0.123438
1 0.717187 0.542188 0.231250 0.193750
