1 0.980469 0.910937 0.039062 0.100000
2 0.928906 0.664844 0.142187 0.235937
1 0.675781 0.938281 0.126562 0.123438
1 0.603906 0.890625 0.139063 0.118750
1 0.564063 0.852344 0.156250 0.145313
1 0.575000 0.971094 0.115625 0.057813
1 0.989844 0.246094 0.020313 0.064062
1 0.942187 0.338281 0.115625 0.182812
1 0.838281 0.592187 0.095312 0.121875
2 0.650000 0.660937 0.171875 0.178125
1 0.733594 0.446094 0.139063 0.101562
1 0.402344 0.964063 0.107813 0.071875
3 0.475781 0.998437 0.007812 0.003125
3 0.446094 0.996875 0.020313 0.006250
2 0.215625 0.871094 0.134375 0.135937
2 0.364063 0.861719 0.100000 0.101562
1 0.472656 0.663281 0.117188 0.114062
3 0.370312 0.440625 0.106250 0.084375
4 0.389062 0.376563 0.090625 0.112500
2 0.239063 0.401562 0.190625 0.206250
1 0.239063 0.276562 0.118750 0.125000
1 0.043750 0.407031 0.087500 0.104688
1 0.055469 0.292187 0.110937 0.168750
1 0.150781 0.238281 0.085938 0.110937
2 0.093750 0.107813 0.187500 0.215625
2 0.000000 0.663281 0.000000 0.004687
2 0.024219 0.553906 0.048438 0.185938
2 0.049219 0.710156 0.098437 0.132812
1 0.642188 0.245312 0.103125 0.125000
3 0.500000 0.299219 0.084375 0.067187
1 0.067187 0.000781 0.003125 0.001563
1 0.021875 0.015625 0.043750 0.031250
1 0.096875 0.005469 0.059375 0.010937
1 0.250781 0.061719 0.170313 0.123438
1 0.467187 0.044531 0.165625 0.089063
1 0.641406 0.035156 0.179688 0.070312
2 0.987500 0.000781 0.025000 0.001563
2 0.896875 0.019531 0.162500 0.039062
6 0.358594 0.543750 0.051562 0.112500
4 0.474219 0.406250 0.098437 0.081250
4 0.414062 0.502344 0.081250 0.060937
4 0.471094 0.532813 0.082812 0.068750
4 0.460938 0.593750 0.059375 0.056250
1 0.848437 0.288281 0.131250 0.145313
4 0.975781 0.227344 0.042188 0.070312
