2 0.939063 0.954688 0.121875 0.090625
2 0.973437 0.857031 0.053125 0.132812
2 0.977344 0.785156 0.045312 0.048438
2 0.954688 0.703906 0.090625 0.123438
2 0.904687 0.848437 0.131250 0.128125
1 0.804688 0.965625 0.118750 0.068750
1 0.626563 0.993750 0.040625 0.012500
1 0.646875 0.933594 0.112500 0.132812
1 0.485156 0.970313 0.110937 0.059375
1 0.711719 0.995313 0.023438 0.009375
1 0.750781 0.903125 0.170313 0.193750
1 0.005469 0.985156 0.010937 0.029687
1 0.038281 0.914062 0.076563 0.143750
1 0.028906 0.987500 0.042188 0.025000
1 0.096094 0.953906 0.123438 0.092188
1 0.122656 0.824219 0.179688 0.189062
1 0.072656 0.734375 0.145313 0.200000
1 0.192969 0.577344 0.145313 0.192188
1 0.053125 0.436719 0.106250 0.160938
5 0.192969 0.406250 0.189062 0.184375
5 0.336719 0.628906 0.179688 0.189062
2 0.259375 0.959375 0.103125 0.081250
2 0.196875 0.924219 0.106250 0.151562
1 0.559375 0.924219 0.137500 0.120313
1 0.493750 0.846094 0.159375 0.198437
1 0.385937 0.874219 0.090625 0.098437
1 0.383594 0.808594 0.070312 0.060937
1 0.359375 0.768750 0.065625 0.084375
1 0.865625 0.727344 0.171875 0.142187
1 0.455469 0.715625 0.170313 0.203125
1 0.529687 0.631250 0.200000 0.200000
1 0.626563 0.697656 0.084375 0.054688
1 0.292969 0.995313 0.020313 0.009375
4 0.426563 0.921094 0.087500 0.092188
4 0.387500 0.970313 0.112500 0.059375
1 0.590625 0.787500 0.096875 0.093750
1 0.621094 0.747656 0.101562 0.076563
1 0.306250 0.867188 0.093750 0.146875
1 0.718750 0.751563 0.140625 0.143750
1 0.170313 0.275781 0.178125 0.114062
1 0.064844 0.247656 0.114062 0.135937
1 0.016406 0.246875 0.032813 0.103125
1 0.046094 0.138281 0.092188 0.148438
1 0.130469 0.146875 0.148438 0.162500
4 0.237500 0.168750 0.156250 0.146875
2 0.394531 0.092969 0.226562 0.185938
1 0.532031 0.052344 0.210938 0.104688
1 0.242969 0.061719 0.110937 0.123438
1 0.103906 0.039844 0.207813 0.079687
1 0.352344 0.499219 0.104688 0.104688
