2 0.001563 0.738281 0.003125 0.007812
2 0.492188 0.967187 0.143750 0.065625
2 0.571094 0.932031 0.110937 0.132812
2 0.926562 0.972656 0.146875 0.054688
1 0.944531 0.853125 0.110937 0.196875
1 0.860156 0.851562 0.110937 0.134375
1 0.853125 0.931250 0.084375 0.075000
2 0.752344 0.786719 0.167187 0.114062
2 0.635156 0.793750 0.101562 0.100000
1 0.549219 0.789844 0.117188 0.126562
2 0.178125 0.946094 0.231250 0.107813
2 0.303125 0.976562 0.106250 0.046875
2 0.142969 0.995313 0.014063 0.009375
1 0.028125 0.880469 0.056250 0.110937
1 0.014063 0.547656 0.028125 0.098437
2 0.019531 0.321875 0.039062 0.093750
3 0.057813 0.413281 0.115625 0.104688
1 0.098437 0.293750 0.146875 0.175000
2 0.048438 0.739062 0.096875 0.150000
1 0.146094 0.799219 0.220312 0.151562
2 0.430469 0.803906 0.120313 0.092188
1 0.430469 0.643750 0.151562 0.168750
2 0.494531 0.573438 0.089063 0.103125
2 0.410156 0.557813 0.104688 0.093750
1 0.935937 0.337500 0.128125 0.212500
1 0.863281 0.378906 0.179688 0.179688
1 0.960156 0.514062 0.079687 0.150000
2 0.826562 0.644531 0.228125 0.210938
1 0.709375 0.557031 0.193750 0.201563
1 0.909375 0.463281 0.115625 0.079687
2 0.653125 0.732031 0.128125 0.142187
2 0.590625 0.701562 0.093750 0.075000
2 0.539062 0.674219 0.128125 0.104688
3 0.576562 0.540625 0.118750 0.118750
3 0.607812 0.460938 0.075000 0.081250
2 0.639844 0.426563 0.070312 0.106250
2 0.525000 0.412500 0.187500 0.175000
7 0.457031 0.340625 0.098437 0.118750
2 0.603906 0.286719 0.239063 0.195312
2 0.559375 0.175781 0.134375 0.129688
2 0.620313 0.174219 0.056250 0.048438
2 0.503906 0.131250 0.098437 0.093750
2 0.446875 0.223438 0.178125 0.165625
6 0.559375 0.078906 0.078125 0.073438
1 0.245312 0.230469 0.065625 0.073438
1 0.301563 0.214844 0.050000 0.045312
2 0.245312 0.288281 0.143750 0.092188
2 0.000781 0.276562 0.001563 0.006250
2 0.029687 0.209375 0.059375 0.112500
1 0.024219 0.137500 0.048438 0.050000
1 0.073438 0.109375 0.103125 0.121875
1 0.117188 0.062500 0.096875 0.103125
1 0.085156 0.023438 0.092188 0.046875
1 0.005469 0.089063 0.010937 0.046875
2 0.939063 0.163281 0.121875 0.167187
2 0.860156 0.198437 0.110937 0.109375
3 0.996875 0.037500 0.006250 0.006250
3 0.984375 0.017969 0.031250 0.035937
2 0.946094 0.003125 0.017188 0.006250
1 0.860938 0.053125 0.237500 0.106250
2 0.803906 0.166406 0.089063 0.104688
2 0.748437 0.010937 0.031250 0.021875
4 0.407031 0.144531 0.095312 0.095312
4 0.071094 0.182031 0.051562 0.048438
2 0.365625 0.048438 0.090625 0.081250
2 0.439844 0.043750 0.123438 0.087500
2 0.475781 0.000000 0.004687 0.000000
2 0.372656 0.006250 0.023438 0.012500
1 0.298438 0.017969 0.137500 0.035937
1 0.634375 0.039844 0.171875 0.079687
2 0.038281 0.068750 0.076563 0.118750
3 0.168750 0.021094 0.071875 0.042188
3 0.231250 0.027344 0.065625 0.054688
3 0.542188 0.020313 0.065625 0.040625
4 0.226562 0.119531 0.078125 0.085938
1 0.046094 0.642969 0.092188 0.104688
