2 0.997656 0.410938 0.004687 0.006250
2 0.996875 0.363281 0.006250 0.039062
2 0.943750 0.410938 0.112500 0.140625
2 0.868750 0.339062 0.225000 0.153125
2 0.894531 0.223438 0.151562 0.153125
2 0.779687 0.221875 0.128125 0.156250
6 0.982031 0.377344 0.035937 0.092188
6 0.996094 0.010156 0.007812 0.017188
2 0.718750 0.150781 0.196875 0.157812
2 0.706250 0.066406 0.128125 0.110937
1 0.994531 0.002344 0.010937 0.004687
1 0.847656 0.000000 0.004687 0.000000
1 0.745313 0.038281 0.215625 0.076563
2 0.997656 0.939844 0.004687 0.004687
1 0.770312 0.962500 0.134375 0.075000
1 0.864062 0.916406 0.271875 0.167187
1 0.919531 0.792969 0.160938 0.151562
1 0.933594 0.635938 0.132812 0.200000
1 0.778906 0.689844 0.229687 0.210938
1 0.231250 0.993750 0.087500 0.012500
1 0.517969 0.885156 0.170313 0.107813
1 0.428125 0.840625 0.131250 0.100000
2 0.675000 0.811719 0.193750 0.207813
4 0.726562 0.533594 0.150000 0.164062
1 0.635938 0.953906 0.150000 0.092188
2 0.303125 0.944531 0.131250 0.110937
1 0.117969 0.942969 0.079687 0.114062
1 0.046875 0.933594 0.093750 0.132812
2 0.198437 0.878125 0.121875 0.112500
2 0.313281 0.803125 0.207813 0.196875
1 0.441406 0.748437 0.082812 0.068750
1 0.396875 0.695312 0.071875 0.078125
1 0.328125 0.580469 0.175000 0.185938
2 0.385937 0.430469 0.209375 0.185938
2 0.266406 0.417187 0.160938 0.171875
2 0.203906 0.565625 0.182812 0.218750
2 0.090625 0.592187 0.112500 0.128125
1 0.480469 0.292187 0.192188 0.234375
1 0.635156 0.370312 0.270313 0.196875
4 0.532031 0.813281 0.101562 0.079687
4 0.478906 0.671875 0.154688 0.109375
1 0.577344 0.729688 0.117188 0.146875
2 0.635938 0.650000 0.150000 0.184375
3 0.441406 0.556250 0.064062 0.034375
1 0.625781 0.470313 0.126562 0.093750
2 0.478906 0.017969 0.048438 0.035937
2 0.383594 0.014063 0.098437 0.028125
2 0.319531 0.003125 0.017188 0.006250
1 0.353906 0.131250 0.148438 0.209375
1 0.197656 0.135156 0.195312 0.260937
1 0.049219 0.709375 0.098437 0.156250
2 0.035937 0.832031 0.071875 0.098437
2 0.171875 0.682813 0.100000 0.118750
1 0.023438 0.024219 0.046875 0.048438
2 0.474219 0.032031 0.145313 0.064062
6 0.072656 0.047656 0.089063 0.095312
1 0.103125 0.133594 0.112500 0.167187
2 0.126562 0.041406 0.137500 0.082812
2 0.100781 0.000781 0.017188 0.001563
1 0.029687 0.285156 0.053125 0.089063
1 0.007031 0.302344 0.014063 0.073438
1 0.001563 0.414062 0.003125 0.012500
2 0.960156 0.090625 0.079687 0.181250
4 0.883594 0.073438 0.110937 0.146875
