2 0.907813 0.479687 0.106250 0.121875
1 0.964844 0.558594 0.070312 0.139063
2 0.890625 0.634375 0.137500 0.146875
1 0.997656 0.777344 0.004687 0.020313
1 0.994531 0.739062 0.010937 0.053125
1 0.738281 0.938281 0.214062 0.123438
4 0.978906 0.904687 0.042188 0.090625
4 0.872656 0.890625 0.179688 0.212500
4 0.872656 0.754687 0.151562 0.125000
4 0.981250 0.697656 0.037500 0.142187
2 0.807031 0.524219 0.176563 0.151562
2 0.665625 0.486719 0.187500 0.207813
2 0.517969 0.556250 0.157812 0.156250
6 0.634375 0.769531 0.078125 0.117188
1 0.559375 0.741406 0.121875 0.120313
1 0.534375 0.848437 0.150000 0.165625
2 0.409375 0.738281 0.165625 0.164062
2 0.345313 0.881250 0.187500 0.200000
2 0.357031 0.982812 0.173437 0.034375
2 0.510938 0.928906 0.068750 0.120313
1 0.571875 0.946094 0.134375 0.107813
2 0.617969 0.997656 0.010937 0.004687
1 0.885938 0.024219 0.109375 0.048438
4 0.346094 0.148438 0.135937 0.128125
1 0.218750 0.118750 0.200000 0.206250
1 0.800781 0.121875 0.145313 0.178125
2 0.598437 0.397656 0.125000 0.151562
6 0.657813 0.303906 0.068750 0.067187
6 0.653125 0.394531 0.037500 0.064062
2 0.341406 0.574219 0.220312 0.167187
2 0.229687 0.500000 0.106250 0.178125
2 0.133594 0.567187 0.235937 0.281250
2 0.071875 0.420312 0.143750 0.190625
2 0.131250 0.273438 0.215625 0.165625
6 0.113281 0.199219 0.107813 0.085938
6 0.114062 0.310156 0.050000 0.082812
6 0.003906 0.419531 0.007812 0.010937
6 0.012500 0.391406 0.025000 0.042188
6 0.051562 0.088281 0.103125 0.176563
1 0.041406 0.009375 0.023438 0.018750
1 0.022656 0.003906 0.045312 0.007812
6 0.450000 0.972656 0.065625 0.054688
6 0.595313 0.960938 0.081250 0.068750
2 0.039844 0.965625 0.079687 0.068750
1 0.017969 0.971094 0.035937 0.057813
1 0.006250 0.883594 0.012500 0.035937
1 0.000781 0.847656 0.001563 0.007812
2 0.185938 0.996094 0.028125 0.007812
2 0.214844 0.965625 0.085938 0.068750
2 0.163281 0.929688 0.092188 0.140625
2 0.232813 0.913281 0.056250 0.070312
1 0.013281 0.775000 0.026562 0.065625
1 0.021875 0.635156 0.043750 0.148438
4 0.190625 0.792969 0.228125 0.204687
2 0.967969 0.973437 0.064062 0.053125
6 0.203125 0.816406 0.078125 0.089063
2 0.020313 0.096094 0.040625 0.154688
1 0.980469 0.245312 0.039062 0.087500
