7 0.050000 0.999219 0.003125 0.001563
7 0.083594 0.917188 0.076563 0.103125
1 0.717187 0.935937 0.178125 0.128125
1 0.770312 0.866406 0.153125 0.126562
1 0.935937 0.982031 0.096875 0.035937
1 0.503125 0.978906 0.100000 0.042188
1 0.422656 0.894531 0.260937 0.210938
1 0.252344 0.772656 0.135937 0.185938
1 0.361719 0.778906 0.104688 0.114062
1 0.446875 0.738281 0.125000 0.135937
1 0.523438 0.801562 0.140625 0.128125
1 0.618750 0.755469 0.121875 0.151562
7 0.579688 0.960156 0.084375 0.079687
7 0.446094 0.645312 0.082812 0.090625
7 0.422656 0.585938 0.079687 0.078125
7 0.282813 0.654687 0.075000 0.096875
1 0.305469 0.578906 0.076563 0.073438
1 0.564844 0.560156 0.114062 0.098437
1 0.485156 0.585938 0.070312 0.084375
1 0.617188 0.456250 0.103125 0.112500
7 0.792969 0.696094 0.126562 0.154688
2 0.946875 0.885156 0.106250 0.204687
1 0.878125 0.916406 0.125000 0.114062
1 0.949219 0.522656 0.101562 0.142187
1 0.681250 0.522656 0.100000 0.098437
1 0.723437 0.632812 0.071875 0.059375
2 0.790625 0.478125 0.193750 0.178125
7 0.825781 0.350781 0.089063 0.107813
7 0.901563 0.417187 0.068750 0.084375
7 0.901563 0.339844 0.096875 0.095312
7 0.942187 0.633594 0.109375 0.132812
1 0.680469 0.834375 0.114062 0.087500
