1 0.919531 0.567969 0.126562 0.123438
7 0.739844 0.482031 0.154688 0.148438
2 0.749219 0.398438 0.095312 0.078125
2 0.989844 0.491406 0.020313 0.101562
2 0.775781 0.563281 0.095312 0.057813
2 0.704688 0.564063 0.075000 0.037500
2 0.673438 0.525000 0.084375 0.078125
7 0.859375 0.332813 0.143750 0.137500
2 0.919531 0.249219 0.160938 0.170313
7 0.968750 0.098437 0.062500 0.131250
1 0.745313 0.778125 0.259375 0.228125
4 0.829688 0.473438 0.059375 0.115625
2 0.938281 0.421875 0.104688 0.081250
7 0.609375 0.412500 0.065625 0.050000
7 0.621875 0.435156 0.053125 0.048438
7 0.618750 0.273438 0.053125 0.040625
7 0.619531 0.236719 0.057813 0.051562
7 0.750000 0.278125 0.065625 0.062500
7 0.448437 0.127344 0.043750 0.042188
7 0.411719 0.139844 0.067187 0.057813
7 0.637500 0.195312 0.062500 0.065625
7 0.598437 0.110156 0.037500 0.067187
7 0.421875 0.088281 0.087500 0.054688
7 0.457813 0.032031 0.075000 0.064062
7 0.417187 0.035937 0.046875 0.046875
7 0.286719 0.001563 0.023438 0.003125
7 0.315625 0.021875 0.065625 0.043750
7 0.674219 0.201563 0.060937 0.059375
7 0.703906 0.220312 0.067187 0.046875
2 0.029687 0.665625 0.059375 0.106250
2 0.143750 0.835156 0.075000 0.067187
4 0.201563 0.710156 0.153125 0.242188
4 0.051562 0.757031 0.103125 0.085938
7 0.328125 0.646875 0.137500 0.131250
1 0.277344 0.791406 0.148438 0.098437
2 0.090625 0.496875 0.093750 0.071875
7 0.348438 0.446094 0.093750 0.089063
7 0.131250 0.471094 0.062500 0.057813
7 0.183594 0.446875 0.048438 0.062500
