1 0.079687 0.996094 0.031250 0.007812
1 0.146875 0.979688 0.090625 0.040625
1 0.276562 0.949219 0.168750 0.101562
1 0.478906 0.949219 0.273438 0.101562
3 0.000781 0.744531 0.001563 0.014063
2 0.966406 0.989062 0.067187 0.021875
1 0.941406 0.839844 0.117188 0.298438
1 0.632812 0.972656 0.081250 0.054688
1 0.635156 0.885156 0.164062 0.151562
1 0.567969 0.810937 0.198437 0.196875
1 0.706250 0.782813 0.128125 0.190625
1 0.175000 0.650000 0.175000 0.193750
1 0.210156 0.525781 0.173437 0.107813
1 0.434375 0.480469 0.256250 0.326562
2 0.303125 0.526563 0.106250 0.196875
2 0.214844 0.464062 0.076563 0.078125
2 0.984375 0.615625 0.031250 0.090625
2 0.944531 0.535156 0.110937 0.129688
1 0.923438 0.431250 0.153125 0.193750
1 0.738281 0.284375 0.132812 0.243750
1 0.587500 0.355469 0.196875 0.154688
1 0.606250 0.243750 0.128125 0.143750
1 0.860156 0.174219 0.154688 0.123438
1 0.954688 0.160156 0.090625 0.182812
1 0.893750 0.314844 0.212500 0.179688
2 0.908594 0.085156 0.179688 0.142187
1 0.933594 0.037500 0.132812 0.075000
1 0.482812 0.261719 0.121875 0.160938
1 0.337500 0.182812 0.200000 0.215625
1 0.068750 0.339844 0.137500 0.132812
1 0.038281 0.218750 0.076563 0.159375
1 0.130469 0.268750 0.192188 0.187500
3 0.349219 0.293750 0.073438 0.112500
2 0.232031 0.280469 0.179688 0.157812
2 0.047656 0.085938 0.095312 0.125000
2 0.010156 0.026562 0.020313 0.050000
1 0.000781 0.000000 0.001563 0.000000
1 0.157031 0.129688 0.135937 0.159375
1 0.225781 0.081250 0.132812 0.162500
1 0.081250 0.093750 0.065625 0.071875
1 0.114062 0.040625 0.118750 0.081250
1 0.342969 0.040625 0.157812 0.081250
1 0.403906 0.092969 0.129688 0.132812
1 0.485938 0.111719 0.109375 0.126562
1 0.537500 0.044531 0.081250 0.089063
1 0.642188 0.013281 0.040625 0.026562
1 0.610938 0.000781 0.012500 0.001563
1 0.564844 0.009375 0.026562 0.018750
1 0.624219 0.105469 0.126562 0.173437
1 0.727344 0.072656 0.123438 0.145313
2 0.825000 0.054688 0.103125 0.109375
