2 0.859375 0.924219 0.184375 0.132812
1 0.898438 0.995313 0.025000 0.009375
1 0.996094 0.994531 0.007812 0.010937
1 0.953906 0.949219 0.092188 0.101562
6 0.988281 0.083594 0.023438 0.029687
2 0.742969 0.441406 0.220312 0.304688
1 0.828125 0.701562 0.109375 0.109375
3 0.905469 0.803125 0.057813 0.053125
4 0.857812 0.830469 0.062500 0.067187
2 0.808594 0.827344 0.073438 0.117188
6 0.757812 0.771094 0.062500 0.079687
1 0.621875 0.841406 0.206250 0.204687
1 0.835938 0.027344 0.087500 0.054688
4 0.557813 0.980469 0.053125 0.039062
1 0.293750 0.563281 0.125000 0.129688
2 0.027344 0.708594 0.054688 0.064062
3 0.000781 0.173437 0.001563 0.015625
3 0.022656 0.103125 0.045312 0.093750
6 0.674219 0.039844 0.139063 0.079687
2 0.142187 0.141406 0.215625 0.229687
2 0.139844 0.037500 0.154688 0.075000
2 0.254688 0.056250 0.096875 0.071875
2 0.320312 0.032813 0.125000 0.065625
1 0.456250 0.089844 0.196875 0.173437
1 0.447656 0.037500 0.173437 0.075000
1 0.306250 0.106250 0.131250 0.103125
2 0.244531 0.014063 0.064062 0.028125
2 0.359375 0.003125 0.015625 0.006250
2 0.292187 0.002344 0.031250 0.004687
2 0.200781 0.007031 0.035937 0.014063
1 0.340625 0.942969 0.146875 0.114062
6 0.682031 0.913281 0.048438 0.045312
1 0.008594 0.318750 0.017188 0.037500
1 0.022656 0.232813 0.045312 0.109375
2 0.489844 0.259375 0.145313 0.187500
3 0.979688 0.028906 0.040625 0.057813
2 0.470313 0.948438 0.168750 0.103125
2 0.664062 0.954688 0.128125 0.090625
2 0.750781 0.960156 0.104688 0.079687
2 0.611719 0.985938 0.082812 0.028125
1 0.155469 0.810937 0.114062 0.143750
2 0.710938 0.671875 0.193750 0.168750
2 0.965625 0.991406 0.068750 0.017188
