2 0.841406 0.974219 0.073438 0.051562
3 0.750000 0.882812 0.068750 0.078125
2 0.998437 0.724219 0.003125 0.007812
3 0.919531 0.971094 0.082812 0.057813
2 0.961719 0.514062 0.076563 0.168750
4 0.971094 0.653906 0.057813 0.123438
1 0.988281 0.011719 0.023438 0.023438
1 0.969531 0.339844 0.060937 0.110937
1 0.780469 0.157031 0.126562 0.160938
3 0.963281 0.808594 0.073438 0.104688
2 0.887500 0.700781 0.056250 0.076563
2 0.798438 0.842187 0.062500 0.059375
2 0.846094 0.603906 0.176563 0.139063
2 0.680469 0.928125 0.123438 0.118750
3 0.741406 0.821875 0.073438 0.053125
2 0.614844 0.725781 0.089063 0.085938
2 0.608594 0.830469 0.154688 0.123438
3 0.715625 0.991406 0.034375 0.017188
6 0.424219 0.895312 0.107813 0.140625
2 0.353125 0.899219 0.118750 0.179688
2 0.164062 0.967969 0.140625 0.064062
2 0.057813 0.895312 0.115625 0.118750
3 0.035937 0.715625 0.071875 0.100000
1 0.137500 0.861719 0.090625 0.185938
1 0.204687 0.816406 0.115625 0.142187
2 0.324219 0.585938 0.126562 0.171875
2 0.329688 0.442969 0.153125 0.167187
3 0.408594 0.594531 0.076563 0.076563
7 0.482031 0.550781 0.135937 0.114062
7 0.321875 0.331250 0.109375 0.100000
4 0.557031 0.644531 0.092188 0.089063
3 0.682031 0.489063 0.060937 0.068750
6 0.446094 0.635156 0.048438 0.057813
2 0.937500 0.425781 0.125000 0.148438
2 0.843750 0.464062 0.153125 0.196875
2 0.850781 0.330469 0.098437 0.089063
1 0.701562 0.342969 0.140625 0.139063
4 0.937500 0.291406 0.125000 0.129688
3 0.957812 0.186719 0.084375 0.117188
2 0.900781 0.029687 0.098437 0.059375
4 0.735938 0.270313 0.090625 0.093750
7 0.436719 0.245312 0.104688 0.106250
2 0.721094 0.489844 0.070312 0.129688
2 0.582812 0.204687 0.112500 0.090625
6 0.655469 0.045312 0.082812 0.081250
6 0.539844 0.112500 0.035937 0.034375
2 0.378906 0.131250 0.085938 0.121875
1 0.467969 0.056250 0.157812 0.112500
7 0.346094 0.051562 0.135937 0.103125
1 0.114844 0.018750 0.076563 0.037500
6 0.057031 0.087500 0.114062 0.118750
2 0.044531 0.425000 0.089063 0.134375
1 0.128906 0.348438 0.123438 0.131250
1 0.082812 0.160156 0.100000 0.148438
7 0.211719 0.063281 0.135937 0.126562
1 0.051562 0.576562 0.103125 0.221875
3 0.031250 0.953125 0.062500 0.093750
2 0.020313 0.884375 0.040625 0.056250
6 0.407031 0.986719 0.035937 0.026562
6 0.965625 0.989062 0.053125 0.021875
6 0.994531 0.980469 0.010937 0.010937
2 0.492188 0.973437 0.084375 0.053125
2 0.550781 0.968750 0.076563 0.062500
2 0.613281 0.936719 0.076563 0.076563
7 0.025000 0.196875 0.050000 0.093750
6 0.411719 0.402344 0.045312 0.057813
6 0.595313 0.598437 0.043750 0.037500
6 0.642188 0.015625 0.050000 0.031250
