7 0.571875 0.217188 0.106250 0.165625
2 0.600000 0.325781 0.153125 0.117188
1 0.013281 0.900781 0.026562 0.120313
2 0.433594 0.039062 0.117188 0.078125
2 0.919531 0.500781 0.070312 0.089063
2 0.739844 0.453906 0.076563 0.079687
1 0.557813 0.731250 0.221875 0.253125
7 0.324219 0.406250 0.082812 0.078125
7 0.210156 0.423438 0.182812 0.171875
1 0.709375 0.912500 0.196875 0.175000
1 0.824219 0.994531 0.048438 0.010937
1 0.427344 0.956250 0.101562 0.087500
1 0.291406 0.953125 0.220312 0.093750
1 0.250000 0.849219 0.240625 0.185938
7 0.097656 0.702344 0.154688 0.092188
7 0.112500 0.168750 0.134375 0.109375
7 0.206250 0.200000 0.128125 0.065625
7 0.105469 0.268750 0.126562 0.118750
7 0.195312 0.284375 0.131250 0.153125
2 0.418750 0.421875 0.115625 0.103125
2 0.112500 0.000000 0.009375 0.000000
2 0.161719 0.047656 0.092188 0.064062
2 0.006250 0.032031 0.012500 0.064062
2 0.053125 0.097656 0.043750 0.064062
2 0.325781 0.004687 0.051562 0.009375
1 0.056250 0.538281 0.078125 0.082812
1 0.021094 0.532031 0.042188 0.098437
2 0.131250 0.513281 0.068750 0.095312
2 0.120313 0.599219 0.103125 0.129688
1 0.383594 0.675781 0.189062 0.210938
1 0.218750 0.621094 0.259375 0.223438
