1 0.034375 0.939844 0.068750 0.120313
7 0.243750 0.860938 0.106250 0.118750
7 0.104688 0.956250 0.081250 0.087500
2 0.207031 0.976562 0.098437 0.046875
2 0.062500 0.986719 0.078125 0.026562
2 0.026562 0.812500 0.053125 0.096875
7 0.240625 0.765625 0.131250 0.118750
7 0.230469 0.636719 0.092188 0.126562
7 0.028125 0.575781 0.056250 0.110937
7 0.103906 0.536719 0.110937 0.117188
7 0.003125 0.501563 0.006250 0.012500
7 0.004687 0.476562 0.009375 0.034375
6 0.085938 0.416406 0.062500 0.054688
7 0.029687 0.508594 0.059375 0.067187
7 0.040625 0.445312 0.078125 0.090625
