7 0.007031 0.551562 0.014063 0.034375
7 0.000000 0.507812 0.000000 0.006250
7 0.015625 0.418750 0.031250 0.078125
7 0.011719 0.632031 0.023438 0.048438
7 0.031250 0.679688 0.062500 0.065625
7 0.050781 0.741406 0.101562 0.092188
1 0.041406 0.831250 0.082812 0.109375
2 0.051562 0.925781 0.103125 0.123438
2 0.115625 0.913281 0.078125 0.104688
1 0.045312 0.985156 0.090625 0.029687
1 0.146094 0.991406 0.054688 0.017188
7 0.246094 0.083594 0.076563 0.054688
7 0.216406 0.049219 0.070312 0.098437
7 0.738281 0.073438 0.101562 0.103125
7 0.507031 0.027344 0.092188 0.054688
7 0.499219 0.086719 0.098437 0.079687
7 0.623437 0.026562 0.075000 0.053125
7 0.923438 0.009375 0.075000 0.018750
2 0.828125 0.122656 0.103125 0.145313
2 0.992969 0.003906 0.014063 0.007812
1 0.431250 0.247656 0.087500 0.073438
2 0.198437 0.944531 0.162500 0.110937
2 0.643750 0.957812 0.128125 0.084375
1 0.710938 0.982812 0.112500 0.034375
2 0.921094 0.960938 0.126562 0.078125
2 0.771875 0.999219 0.012500 0.001563
4 0.915625 0.853125 0.118750 0.075000
4 0.978125 0.835156 0.043750 0.082812
4 0.966406 0.933594 0.067187 0.132812
7 0.423438 0.736719 0.087500 0.098437
7 0.591406 0.860156 0.070312 0.070312
7 0.623437 0.900781 0.087500 0.085938
7 0.560937 0.957031 0.046875 0.067187
2 0.676562 0.812500 0.084375 0.087500
2 0.638281 0.725781 0.120313 0.104688
2 0.187500 0.789844 0.096875 0.145313
1 0.272656 0.687500 0.176563 0.128125
1 0.257812 0.789062 0.146875 0.112500
1 0.292969 0.868750 0.126562 0.112500
1 0.388281 0.775000 0.076563 0.115625
1 0.980469 0.723437 0.039062 0.181250
7 0.426563 0.615625 0.131250 0.146875
7 0.883594 0.656250 0.098437 0.131250
7 0.989062 0.274219 0.021875 0.079687
7 0.486719 0.430469 0.114062 0.098437
7 0.471875 0.342969 0.103125 0.123438
7 0.560156 0.308594 0.082812 0.079687
7 0.514062 0.266406 0.096875 0.079687
7 0.267188 0.590625 0.071875 0.090625
7 0.380469 0.371875 0.070312 0.078125
7 0.354687 0.449219 0.103125 0.117188
1 0.521875 0.553906 0.221875 0.229687
2 0.666406 0.221875 0.157812 0.121875
1 0.503125 0.180469 0.084375 0.076563
1 0.629687 0.093750 0.065625 0.090625
1 0.950781 0.156250 0.098437 0.115625
1 0.707031 0.147656 0.092188 0.104688
7 0.428906 0.174219 0.132812 0.157812
6 0.938281 0.054688 0.123438 0.109375
