2 0.755469 0.996094 0.020313 0.007812
6 0.895312 0.918750 0.209375 0.162500
6 0.978125 0.882812 0.043750 0.056250
4 0.996094 0.989062 0.007812 0.021875
2 0.125781 0.814844 0.154688 0.179688
2 0.444531 0.953125 0.139063 0.093750
4 0.542969 0.965625 0.089063 0.068750
2 0.989844 0.208594 0.020313 0.073438
4 0.432031 0.682813 0.189062 0.153125
1 0.180469 0.455469 0.301563 0.242188
1 0.226562 0.300781 0.146875 0.110937
1 0.073438 0.614844 0.143750 0.232813
2 0.009375 0.481250 0.018750 0.115625
2 0.012500 0.658594 0.025000 0.060937
2 0.012500 0.582031 0.025000 0.098437
1 0.014063 0.118750 0.028125 0.087500
1 0.096875 0.002344 0.012500 0.004687
1 0.647656 0.341406 0.198437 0.210938
2 0.551562 0.110156 0.221875 0.220312
2 0.557031 0.003906 0.007812 0.007812
2 0.477344 0.043750 0.126562 0.087500
4 0.460156 0.234375 0.101562 0.118750
1 0.280469 0.121094 0.110937 0.176563
1 0.346875 0.042969 0.153125 0.085938
2 0.790625 0.026562 0.178125 0.053125
1 0.942187 0.021094 0.100000 0.042188
1 0.999219 0.075781 0.001563 0.004687
1 0.989062 0.033594 0.021875 0.067187
