1 0.008594 0.990625 0.017188 0.018750
1 0.013281 0.883594 0.026562 0.082812
1 0.037500 0.817969 0.075000 0.095312
1 0.119531 0.857031 0.139063 0.201563
1 0.153125 0.792969 0.112500 0.139063
1 0.206250 0.907813 0.093750 0.153125
1 0.066406 0.935937 0.114062 0.109375
1 0.145313 0.976562 0.056250 0.046875
2 0.453906 0.990625 0.029687 0.018750
2 0.494531 0.999219 0.001563 0.001563
2 0.478906 0.997656 0.010937 0.004687
2 0.514062 0.996094 0.015625 0.007812
2 0.547656 0.960156 0.079687 0.079687
2 0.634375 0.970313 0.153125 0.059375
2 0.914062 0.951562 0.153125 0.096875
2 0.839844 0.979688 0.095312 0.040625
6 0.793750 0.997656 0.009375 0.004687
6 0.802344 0.939844 0.110937 0.104688
6 0.910937 0.996094 0.028125 0.007812
6 0.982031 0.982812 0.035937 0.034375
1 0.275781 0.765625 0.170313 0.206250
1 0.302344 0.925781 0.123438 0.132812
1 0.479687 0.789062 0.328125 0.253125
3 0.000781 0.509375 0.001563 0.012500
2 0.719531 0.887500 0.239063 0.215625
2 0.955469 0.803125 0.089063 0.118750
1 0.940625 0.605469 0.118750 0.298438
1 0.635156 0.781250 0.092188 0.140625
1 0.635156 0.649219 0.164062 0.151562
1 0.567969 0.575781 0.198437 0.198437
1 0.706250 0.547656 0.128125 0.192188
1 0.173437 0.415625 0.175000 0.193750
1 0.208594 0.289844 0.173437 0.107813
1 0.434375 0.245312 0.256250 0.328125
2 0.303125 0.292187 0.106250 0.196875
2 0.214844 0.228906 0.076563 0.076563
2 0.984375 0.379688 0.031250 0.090625
2 0.944531 0.300000 0.110937 0.128125
1 0.923438 0.196875 0.153125 0.193750
1 0.737500 0.085156 0.131250 0.170313
1 0.587500 0.120313 0.196875 0.156250
1 0.606250 0.040625 0.128125 0.081250
1 0.896875 0.000000 0.006250 0.000000
1 0.967187 0.007812 0.065625 0.015625
1 0.893750 0.085156 0.212500 0.170313
1 0.482031 0.053906 0.123438 0.107813
1 0.397656 0.017969 0.076563 0.035937
1 0.300000 0.027344 0.112500 0.054688
1 0.067969 0.105469 0.135937 0.132812
1 0.036719 0.031250 0.073438 0.062500
1 0.129688 0.063281 0.193750 0.126562
3 0.349219 0.058594 0.073438 0.114062
2 0.235937 0.062500 0.168750 0.125000
