1 0.016406 0.724219 0.032813 0.107813
1 0.064062 0.794531 0.128125 0.214062
2 0.092969 0.877344 0.051562 0.095312
2 0.129688 0.807031 0.090625 0.095312
1 0.102344 0.975000 0.095312 0.050000
1 0.503125 0.992188 0.025000 0.015625
2 0.021094 0.549219 0.042188 0.082812
2 0.061719 0.506250 0.123438 0.103125
2 0.099219 0.647656 0.082812 0.070312
1 0.010937 0.450000 0.021875 0.075000
2 0.092188 0.103906 0.134375 0.182812
1 0.012500 0.005469 0.025000 0.010937
2 0.032813 0.264062 0.065625 0.103125
2 0.221094 0.405469 0.151562 0.154688
2 0.289844 0.475000 0.139063 0.159375
1 0.422656 0.467969 0.160938 0.157812
1 0.186719 0.866406 0.098437 0.114062
2 0.250000 0.887500 0.118750 0.153125
1 0.427344 0.930469 0.114062 0.123438
6 0.485938 0.893750 0.056250 0.078125
3 0.817969 0.999219 0.001563 0.001563
3 0.794531 0.967187 0.057813 0.065625
3 0.678125 0.963281 0.075000 0.067187
7 0.363281 0.913281 0.101562 0.117188
2 0.353125 0.757812 0.103125 0.075000
1 0.446875 0.313281 0.128125 0.123438
2 0.548438 0.303906 0.093750 0.085938
2 0.553906 0.228125 0.085938 0.046875
2 0.514062 0.050781 0.075000 0.079687
2 0.307031 0.060937 0.151562 0.121875
1 0.424219 0.040625 0.142187 0.081250
2 0.967969 0.976562 0.064062 0.046875
1 0.757031 0.864062 0.120313 0.103125
2 0.859375 0.921875 0.106250 0.090625
3 0.887500 0.968750 0.109375 0.062500
3 0.952344 0.917969 0.095312 0.089063
1 0.956250 0.837500 0.087500 0.118750
2 0.937500 0.684375 0.125000 0.221875
2 0.829688 0.663281 0.093750 0.123438
4 0.829688 0.803906 0.131250 0.145313
4 0.584375 0.910156 0.093750 0.079687
1 0.707812 0.685156 0.187500 0.189062
1 0.632812 0.762500 0.190625 0.159375
2 0.682031 0.565625 0.232813 0.131250
1 0.569531 0.507812 0.123438 0.115625
3 0.805469 0.550000 0.120313 0.140625
2 0.387500 0.240625 0.093750 0.100000
2 0.744531 0.122656 0.067187 0.082812
2 0.632812 0.132031 0.146875 0.114062
1 0.822656 0.116406 0.107813 0.107813
2 0.851562 0.179688 0.078125 0.056250
2 0.763281 0.175781 0.079687 0.082812
2 0.893750 0.123438 0.046875 0.053125
3 0.979688 0.117188 0.040625 0.075000
3 0.641406 0.304688 0.070312 0.071875
6 0.816406 0.352344 0.148438 0.129688
1 0.717969 0.428125 0.135937 0.134375
3 0.784375 0.448437 0.071875 0.084375
7 0.741406 0.264062 0.089063 0.093750
3 0.868750 0.000000 0.003125 0.000000
6 0.998437 0.246875 0.003125 0.015625
6 0.995313 0.216406 0.009375 0.017188
7 0.020313 0.105469 0.040625 0.126562
1 0.509375 0.353125 0.000000 0.000000
1 0.510156 0.352344 0.001563 0.001563
1 0.592187 0.388281 0.203125 0.160938
