4 0.665625 0.057813 0.140625 0.115625
1 0.742188 0.117969 0.187500 0.164062
1 0.846094 0.230469 0.229687 0.198437
6 0.701562 0.149219 0.040625 0.045312
1 0.587500 0.947656 0.178125 0.104688
1 0.474219 0.996875 0.007812 0.006250
1 0.529687 0.978906 0.090625 0.042188
1 0.625781 0.553906 0.220312 0.210938
2 0.883594 0.867188 0.135937 0.137500
1 0.753125 0.952344 0.193750 0.095312
4 0.997656 0.612500 0.004687 0.046875
4 0.978906 0.519531 0.042188 0.110937
2 0.397656 0.985938 0.123438 0.028125
2 0.922656 0.081250 0.154688 0.162500
2 0.992969 0.012500 0.014063 0.025000
3 0.021094 0.025000 0.042188 0.050000
1 0.393750 0.061719 0.146875 0.123438
1 0.316406 0.001563 0.020313 0.003125
1 0.246875 0.006250 0.106250 0.012500
1 0.225000 0.085938 0.256250 0.162500
