1 0.203906 0.998437 0.010937 0.003125
3 0.155469 0.960938 0.092188 0.078125
1 0.101562 0.964844 0.071875 0.070312
6 0.056250 0.991406 0.037500 0.017188
1 0.012500 0.791406 0.025000 0.104688
2 0.303125 0.919531 0.234375 0.160938
6 0.310156 0.875781 0.026562 0.029687
1 0.174219 0.742188 0.076563 0.093750
1 0.306250 0.785156 0.121875 0.170313
2 0.021875 0.580469 0.043750 0.117188
1 0.000781 0.606250 0.001563 0.006250
2 0.123438 0.509375 0.162500 0.131250
6 0.169531 0.586719 0.101562 0.101562
2 0.182031 0.678906 0.067187 0.060937
2 0.285938 0.642188 0.109375 0.115625
2 0.343750 0.578125 0.162500 0.118750
1 0.523438 0.654687 0.153125 0.115625
2 0.285938 0.480469 0.090625 0.120313
7 0.395313 0.395313 0.125000 0.131250
1 0.009375 0.379688 0.018750 0.078125
1 0.084375 0.404687 0.078125 0.103125
1 0.125781 0.437500 0.067187 0.053125
1 0.135937 0.343750 0.100000 0.118750
1 0.092969 0.279687 0.120313 0.084375
1 0.016406 0.301563 0.032813 0.034375
1 0.177344 0.125000 0.110937 0.106250
1 0.298438 0.175000 0.118750 0.084375
2 0.207031 0.239063 0.176563 0.090625
2 0.810156 0.531250 0.170313 0.146875
2 0.725000 0.746094 0.103125 0.129688
2 0.506250 0.807813 0.075000 0.065625
1 0.684375 0.871094 0.103125 0.098437
1 0.825000 0.882812 0.096875 0.075000
1 0.496875 0.910156 0.112500 0.154688
2 0.571094 0.930469 0.051562 0.079687
2 0.596094 0.867969 0.110937 0.079687
1 0.551562 0.984375 0.084375 0.031250
1 0.620313 0.982031 0.043750 0.035937
3 0.720313 0.982031 0.040625 0.035937
4 0.794531 0.812500 0.114062 0.112500
1 0.855469 0.840625 0.051562 0.075000
1 0.898438 0.734375 0.118750 0.150000
1 0.808594 0.738281 0.092188 0.070312
1 0.980469 0.675000 0.039062 0.081250
1 0.944531 0.630469 0.110937 0.101562
1 0.963281 0.514844 0.073438 0.145313
2 0.695312 0.354687 0.165625 0.181250
6 0.728906 0.452344 0.042188 0.035937
6 0.767969 0.350000 0.032813 0.037500
1 0.829688 0.318750 0.090625 0.112500
2 0.996094 0.996094 0.007812 0.007812
2 0.998437 0.294531 0.003125 0.014063
2 0.972656 0.303125 0.054688 0.065625
6 0.993750 0.234375 0.012500 0.071875
2 0.997656 0.121875 0.004687 0.028125
2 0.757812 0.225000 0.078125 0.112500
7 0.719531 0.046875 0.120313 0.093750
2 0.961719 0.021094 0.076563 0.042188
2 0.893750 0.008594 0.034375 0.017188
2 0.325781 0.084375 0.195312 0.168750
1 0.360938 0.235156 0.118750 0.123438
1 0.569531 0.006250 0.073438 0.012500
2 0.660156 0.021094 0.085938 0.042188
6 0.432812 0.794531 0.075000 0.082812
2 0.389844 0.282813 0.054688 0.050000
7 0.189844 0.365625 0.076563 0.109375
