2 0.039844 0.987500 0.039062 0.025000
4 0.023438 0.609375 0.046875 0.065625
4 0.025781 0.704688 0.051562 0.146875
5 0.014063 0.987500 0.028125 0.025000
5 0.011719 0.907031 0.023438 0.070312
1 0.603125 0.065625 0.078125 0.084375
1 0.694531 0.037500 0.126562 0.075000
2 0.500781 0.042188 0.179688 0.084375
6 0.828125 0.214062 0.078125 0.084375
2 0.768750 0.081250 0.075000 0.109375
2 0.270313 0.250000 0.153125 0.118750
2 0.667188 0.178906 0.178125 0.214062
2 0.511719 0.247656 0.104688 0.185938
2 0.278906 0.412500 0.179688 0.203125
1 0.135156 0.439844 0.120313 0.107813
1 0.725781 0.110156 0.129688 0.142187
1 0.487500 0.372656 0.109375 0.189062
1 0.616406 0.389062 0.139063 0.131250
1 0.836719 0.071094 0.148438 0.142187
2 0.270313 0.618750 0.243750 0.309375
2 0.461719 0.575781 0.182812 0.239063
1 0.164062 0.560937 0.084375 0.100000
1 0.137500 0.767969 0.171875 0.157812
7 0.074219 0.700781 0.114062 0.132812
7 0.121875 0.628125 0.103125 0.118750
1 0.132031 0.917188 0.157812 0.165625
1 0.394531 0.777344 0.185938 0.164062
1 0.428125 0.882812 0.128125 0.159375
1 0.369531 0.984375 0.076563 0.031250
4 0.268750 0.906250 0.125000 0.106250
3 0.226562 0.967969 0.090625 0.064062
6 0.195312 0.997656 0.018750 0.004687
6 0.169531 0.997656 0.010937 0.004687
2 0.940625 0.023438 0.053125 0.046875
1 0.474219 0.128125 0.101562 0.068750
1 0.821875 0.210938 0.140625 0.146875
1 0.610938 0.288281 0.087500 0.079687
4 0.698438 0.314844 0.090625 0.089063
2 0.700781 0.494531 0.207813 0.167187
2 0.856250 0.809375 0.146875 0.206250
2 0.953906 0.835156 0.092188 0.182812
4 0.982812 0.684375 0.034375 0.100000
1 0.700000 0.660156 0.200000 0.129688
1 0.800781 0.582812 0.126562 0.128125
1 0.877344 0.464844 0.195312 0.107813
1 0.950000 0.553125 0.100000 0.090625
1 0.892188 0.690625 0.081250 0.109375
6 0.942187 0.679688 0.053125 0.078125
1 0.585156 0.810937 0.189062 0.237500
1 0.810156 0.865625 0.082812 0.087500
1 0.759375 0.793750 0.084375 0.065625
6 0.864062 0.996875 0.015625 0.006250
