1 0.255469 0.955469 0.101562 0.089063
1 0.339844 0.953125 0.089063 0.093750
2 0.520312 0.947656 0.243750 0.104688
1 0.395313 0.845313 0.115625 0.112500
1 0.510938 0.829688 0.134375 0.112500
1 0.617969 0.779687 0.129688 0.168750
2 0.957812 0.896094 0.084375 0.114062
2 0.888281 0.988281 0.070312 0.023438
4 0.918750 0.792188 0.106250 0.140625
2 0.790625 0.764844 0.156250 0.192188
7 0.703906 0.782031 0.067187 0.104688
7 0.734375 0.558594 0.134375 0.151562
6 0.742969 0.657031 0.060937 0.073438
2 0.817187 0.628906 0.071875 0.085938
2 0.832812 0.528906 0.178125 0.164062
2 0.669531 0.611719 0.095312 0.104688
1 0.560156 0.648438 0.151562 0.200000
1 0.464844 0.739062 0.107813 0.128125
2 0.120313 0.232031 0.165625 0.192188
2 0.204687 0.390625 0.162500 0.153125
2 0.301563 0.176563 0.193750 0.190625
1 0.299219 0.139063 0.120313 0.090625
1 0.283594 0.069531 0.260937 0.139063
6 0.314844 0.458594 0.098437 0.073438
