1 0.057031 0.957031 0.114062 0.085938
1 0.122656 0.942187 0.123438 0.115625
1 0.217188 0.952344 0.109375 0.095312
2 0.153906 0.794531 0.198437 0.154688
2 0.047656 0.892188 0.095312 0.090625
4 0.288281 0.920312 0.160938 0.159375
4 0.360938 0.987500 0.087500 0.025000
1 0.438281 0.892188 0.267188 0.215625
4 0.409375 0.998437 0.012500 0.003125
4 0.460938 0.992188 0.028125 0.015625
4 0.494531 0.986719 0.039062 0.026562
4 0.517969 0.946094 0.079687 0.076563
4 0.486719 0.915625 0.035937 0.053125
4 0.615625 0.967969 0.100000 0.064062
4 0.546094 0.914062 0.101562 0.106250
2 0.658594 0.911719 0.151562 0.079687
2 0.028125 0.043750 0.056250 0.087500
1 0.094531 0.186719 0.167187 0.129688
1 0.122656 0.061719 0.151562 0.123438
2 0.285156 0.617188 0.198437 0.184375
2 0.389062 0.660937 0.159375 0.228125
1 0.776563 0.818750 0.212500 0.225000
1 0.875000 0.878906 0.228125 0.242188
1 0.925000 0.952344 0.150000 0.095312
1 0.963281 0.824219 0.073438 0.164062
1 0.541406 0.710156 0.217188 0.232813
1 0.890625 0.687500 0.162500 0.087500
1 0.901563 0.574219 0.196875 0.182812
1 0.992188 0.478125 0.015625 0.059375
1 0.998437 0.432031 0.003125 0.020313
4 0.676562 0.428906 0.159375 0.135937
4 0.587500 0.639844 0.137500 0.110937
1 0.846875 0.413281 0.150000 0.135937
2 0.949219 0.434375 0.101562 0.121875
1 0.897656 0.270313 0.173437 0.215625
1 0.965625 0.288281 0.068750 0.232813
3 0.335938 0.221094 0.081250 0.092188
3 0.397656 0.189062 0.073438 0.128125
3 0.454688 0.202344 0.075000 0.095312
3 0.629687 0.309375 0.093750 0.137500
2 0.697656 0.096875 0.214062 0.193750
3 0.332813 0.156250 0.118750 0.087500
3 0.379688 0.109375 0.075000 0.053125
1 0.517188 0.071875 0.134375 0.143750
1 0.423438 0.046875 0.140625 0.093750
1 0.492188 0.010937 0.059375 0.021875
1 0.182812 0.001563 0.006250 0.003125
2 0.230469 0.016406 0.089063 0.032813
3 0.600781 0.012500 0.067187 0.025000
1 0.846875 0.058594 0.087500 0.117188
1 0.867969 0.014063 0.070312 0.028125
