1 0.562500 0.964063 0.171875 0.071875
1 0.310156 0.951562 0.223438 0.096875
2 0.031250 0.851562 0.062500 0.156250
2 0.012500 0.672656 0.025000 0.076563
2 0.000000 0.623437 0.000000 0.003125
1 0.035937 0.167969 0.071875 0.132812
1 0.185938 0.953125 0.065625 0.093750
1 0.077344 0.941406 0.135937 0.098437
3 0.121875 0.735156 0.081250 0.089063
3 0.100000 0.831250 0.103125 0.115625
1 0.570312 0.893750 0.212500 0.168750
1 0.514062 0.754687 0.187500 0.190625
3 0.388281 0.905469 0.120313 0.073438
1 0.404687 0.720313 0.178125 0.190625
1 0.172656 0.460156 0.292187 0.257812
1 0.533594 0.524219 0.279687 0.248438
1 0.622656 0.413281 0.217188 0.192188
1 0.399219 0.033594 0.204687 0.067187
2 0.875000 0.912500 0.225000 0.175000
1 0.985938 0.975781 0.028125 0.048438
1 0.983594 0.926562 0.032813 0.087500
2 0.960156 0.832812 0.079687 0.153125
1 0.966406 0.647656 0.067187 0.104688
1 0.885938 0.386719 0.228125 0.270313
2 0.671875 0.295312 0.134375 0.112500
1 0.757031 0.205469 0.195312 0.157812
1 0.613281 0.239844 0.117188 0.076563
1 0.608594 0.132031 0.126562 0.167187
2 0.720313 0.125781 0.168750 0.114062
2 0.610938 0.005469 0.043750 0.010937
2 0.975000 0.030469 0.050000 0.060937
6 0.995313 0.553125 0.009375 0.021875
6 0.998437 0.512500 0.003125 0.012500
