2 0.167187 0.413281 0.093750 0.114062
2 0.233594 0.400000 0.067187 0.050000
2 0.254688 0.371875 0.050000 0.056250
2 0.046094 0.403906 0.082812 0.114062
2 0.258594 0.220312 0.067187 0.121875
2 0.267188 0.157812 0.053125 0.053125
7 0.042188 0.031250 0.053125 0.062500
1 0.079687 0.094531 0.100000 0.110937
6 0.050781 0.182812 0.085938 0.078125
2 0.038281 0.254688 0.076563 0.081250
2 0.043750 0.327344 0.087500 0.082812
2 0.145313 0.235937 0.087500 0.062500
2 0.260156 0.321094 0.067187 0.076563
2 0.309375 0.339844 0.053125 0.089063
2 0.342969 0.338281 0.045312 0.070312
7 0.190625 0.942187 0.103125 0.115625
7 0.382812 0.928906 0.134375 0.114062
3 0.260156 0.850781 0.054688 0.054688
3 0.328906 0.800781 0.060937 0.079687
3 0.359375 0.983594 0.062500 0.032813
2 0.259375 0.778906 0.059375 0.064062
1 0.021094 0.651563 0.042188 0.084375
3 0.428906 0.998437 0.004687 0.003125
7 0.769531 0.939844 0.082812 0.085938
7 0.518750 0.781250 0.071875 0.115625
2 0.381250 0.562500 0.106250 0.100000
2 0.446875 0.591406 0.084375 0.101562
2 0.525781 0.617188 0.104688 0.162500
2 0.358594 0.620313 0.064062 0.056250
2 0.406250 0.642188 0.056250 0.046875
1 0.223438 0.502344 0.084375 0.104688
2 0.394531 0.409375 0.101562 0.112500
7 0.503906 0.475000 0.110937 0.100000
7 0.603906 0.519531 0.110937 0.085938
2 0.620313 0.460156 0.115625 0.114062
3 0.738281 0.459375 0.064062 0.093750
3 0.710156 0.912500 0.045312 0.046875
1 0.771094 0.875000 0.073438 0.062500
1 0.591406 0.812500 0.101562 0.115625
7 0.782031 0.587500 0.060937 0.078125
7 0.953125 0.608594 0.087500 0.073438
2 0.828906 0.976562 0.076563 0.046875
2 0.959375 0.837500 0.040625 0.050000
2 0.995313 0.805469 0.009375 0.045312
1 0.956250 0.678125 0.087500 0.100000
1 0.950781 0.513281 0.098437 0.126562
6 0.527344 0.377344 0.126562 0.132812
2 0.656250 0.314844 0.187500 0.210938
2 0.559375 0.291406 0.103125 0.092188
1 0.556250 0.201563 0.131250 0.140625
1 0.622656 0.190625 0.073438 0.128125
1 0.836719 0.449219 0.139063 0.179688
1 0.786719 0.200781 0.151562 0.151562
1 0.664844 0.159375 0.076563 0.096875
1 0.763281 0.117969 0.182812 0.185938
1 0.589844 0.086719 0.189062 0.114062
1 0.723437 0.027344 0.134375 0.054688
1 0.888281 0.068750 0.092188 0.112500
1 0.939063 0.051562 0.121875 0.103125
1 0.972656 0.142187 0.054688 0.118750
1 0.914062 0.170313 0.109375 0.115625
2 0.369531 0.137500 0.117188 0.109375
2 0.306250 0.216406 0.068750 0.073438
2 0.384375 0.228125 0.090625 0.081250
2 0.360156 0.256250 0.070312 0.065625
1 0.467187 0.146094 0.100000 0.085938
1 0.470313 0.060937 0.193750 0.121875
1 0.375000 0.029687 0.156250 0.059375
2 0.335156 0.100000 0.098437 0.109375
7 0.584375 0.010156 0.062500 0.020313
2 0.991406 0.303125 0.017188 0.075000
2 0.936719 0.394531 0.126562 0.126562
1 0.900781 0.315625 0.139063 0.140625
1 0.828906 0.275781 0.070312 0.101562
1 0.760938 0.361719 0.131250 0.167187
6 0.125000 0.987500 0.012500 0.025000
