5 0.038281 0.026562 0.076563 0.053125
2 0.910937 0.807813 0.159375 0.115625
1 0.979688 0.755469 0.040625 0.170313
1 0.762500 0.685156 0.212500 0.154688
2 0.752344 0.761719 0.145313 0.120313
6 0.620313 0.695312 0.059375 0.068750
6 0.547656 0.507031 0.060937 0.048438
2 0.153906 0.998437 0.004687 0.003125
2 0.230469 0.964063 0.123438 0.071875
1 0.204687 0.885938 0.115625 0.112500
1 0.110156 0.892188 0.148438 0.178125
1 0.057813 0.799219 0.115625 0.148438
1 0.922656 0.971094 0.151562 0.057813
1 0.745313 0.931250 0.215625 0.137500
2 0.527344 0.986719 0.095312 0.026562
2 0.449219 0.982812 0.051562 0.034375
2 0.628906 0.935937 0.157812 0.128125
2 0.614844 0.885938 0.185938 0.187500
2 0.576562 0.795312 0.193750 0.125000
2 0.482812 0.735938 0.171875 0.162500
2 0.503906 0.594531 0.217188 0.170313
2 0.448437 0.509375 0.140625 0.153125
2 0.639844 0.616406 0.092188 0.107813
2 0.621875 0.453125 0.068750 0.053125
6 0.727344 0.498437 0.060937 0.056250
2 0.879687 0.576562 0.190625 0.150000
1 0.964844 0.478906 0.070312 0.204687
2 0.977344 0.632812 0.045312 0.109375
1 0.981250 0.206250 0.037500 0.153125
1 0.967969 0.086719 0.064062 0.051562
1 0.942969 0.293750 0.114062 0.171875
2 0.680469 0.504687 0.076563 0.078125
2 0.335156 0.857812 0.245312 0.156250
2 0.000000 0.768750 0.000000 0.003125
2 0.060156 0.630469 0.120313 0.267188
2 0.273438 0.464062 0.184375 0.209375
1 0.513281 0.347656 0.285938 0.323437
1 0.643750 0.235937 0.168750 0.150000
1 0.750781 0.341406 0.254688 0.260937
2 0.182812 0.605469 0.218750 0.167187
2 0.229687 0.082031 0.125000 0.139063
2 0.621094 0.526563 0.104688 0.112500
2 0.094531 0.047656 0.160938 0.095312
2 0.885938 0.001563 0.021875 0.003125
2 0.783594 0.006250 0.045312 0.012500
1 0.715625 0.036719 0.128125 0.073438
2 0.596875 0.110156 0.096875 0.057813
2 0.161719 0.407031 0.117188 0.176563
2 0.247656 0.679688 0.301563 0.228125
1 0.414844 0.079687 0.142187 0.150000
1 0.589844 0.057813 0.170313 0.115625
3 0.272656 0.191406 0.070312 0.092188
2 0.352344 0.121875 0.110937 0.128125
2 0.507812 0.065625 0.115625 0.131250
2 0.378906 0.035937 0.157812 0.071875
1 0.341406 0.381250 0.060937 0.084375
2 0.043750 0.257812 0.087500 0.093750
