1 0.104688 0.900000 0.137500 0.200000
1 0.237500 0.889062 0.162500 0.168750
1 0.063281 0.656250 0.126562 0.165625
3 0.153906 0.705469 0.132812 0.145313
2 0.000000 0.559375 0.000000 0.006250
1 0.046094 0.435937 0.092188 0.146875
1 0.018750 0.225000 0.037500 0.153125
2 0.066406 0.119531 0.132812 0.145313
2 0.048438 0.006250 0.031250 0.012500
2 0.546875 0.996875 0.012500 0.006250
2 0.442969 0.996094 0.014063 0.007812
2 0.523438 0.930469 0.153125 0.139063
1 0.357031 0.951562 0.160938 0.096875
1 0.454688 0.846094 0.168750 0.248438
4 0.319531 0.738281 0.189062 0.164062
2 0.257031 0.661719 0.073438 0.064062
2 0.385937 0.670312 0.106250 0.140625
2 0.656250 0.718750 0.056250 0.071875
3 0.237500 0.627344 0.084375 0.073438
2 0.242188 0.495312 0.134375 0.153125
2 0.290625 0.428125 0.140625 0.150000
1 0.397656 0.409375 0.092188 0.118750
1 0.432031 0.505469 0.145313 0.157812
1 0.161719 0.371875 0.170313 0.168750
1 0.032031 0.309375 0.064062 0.115625
1 0.103906 0.293750 0.076563 0.075000
1 0.426563 0.303125 0.112500 0.112500
1 0.352344 0.215625 0.176563 0.134375
1 0.299219 0.314844 0.142187 0.139063
1 0.264062 0.156250 0.081250 0.121875
1 0.190625 0.160938 0.087500 0.106250
2 0.222656 0.229687 0.098437 0.078125
2 0.189844 0.032813 0.073438 0.065625
2 0.259375 0.042969 0.087500 0.073438
1 0.755469 0.027344 0.079687 0.054688
2 0.863281 0.014844 0.073438 0.029687
2 0.772656 0.932813 0.145313 0.134375
1 0.940625 0.959375 0.118750 0.081250
1 0.955469 0.862500 0.089063 0.137500
1 0.866406 0.860938 0.101562 0.087500
1 0.855469 0.939063 0.098437 0.093750
1 0.800781 0.780469 0.154688 0.145313
6 0.612500 0.755469 0.081250 0.098437
2 0.772656 0.692969 0.160938 0.120313
2 0.887500 0.732812 0.096875 0.084375
2 0.880469 0.633594 0.132812 0.139063
1 0.710938 0.634375 0.106250 0.131250
1 0.592187 0.448437 0.106250 0.137500
1 0.707031 0.400781 0.185938 0.145313
1 0.479687 0.259375 0.112500 0.103125
1 0.522656 0.310156 0.114062 0.123438
1 0.503906 0.395313 0.148438 0.140625
1 0.565625 0.202344 0.118750 0.082812
1 0.692187 0.250000 0.096875 0.134375
3 0.759375 0.276562 0.081250 0.134375
2 0.635156 0.157812 0.132812 0.087500
6 0.610938 0.621094 0.081250 0.064062
3 0.580469 0.687500 0.067187 0.071875
3 0.534375 0.712500 0.081250 0.078125
3 0.878906 0.526563 0.032813 0.046875
1 0.912500 0.425781 0.175000 0.154688
1 0.985156 0.811719 0.029687 0.079687
1 0.983594 0.471875 0.032813 0.028125
1 0.999219 0.458594 0.001563 0.004687
1 0.996875 0.438281 0.006250 0.023438
3 0.957031 0.619531 0.085938 0.129688
3 0.951562 0.350781 0.096875 0.092188
4 0.930469 0.746875 0.095312 0.118750
4 0.971875 0.689063 0.056250 0.075000
1 0.996094 0.997656 0.007812 0.004687
1 0.842187 0.113281 0.137500 0.145313
1 0.942969 0.064062 0.114062 0.128125
2 0.936719 0.200781 0.126562 0.151562
3 0.860938 0.310937 0.168750 0.134375
1 0.755469 0.119531 0.082812 0.070312
1 0.753906 0.521094 0.114062 0.126562
3 0.334375 0.039844 0.096875 0.079687
3 0.442969 0.098437 0.098437 0.075000
1 0.160938 0.000000 0.006250 0.000000
1 0.107031 0.001563 0.026562 0.003125
3 0.250000 0.000781 0.012500 0.001563
3 0.520312 0.028906 0.078125 0.057813
