1 0.062500 0.078125 0.125000 0.128125
1 0.152344 0.329688 0.126562 0.146875
2 0.167969 0.000781 0.004687 0.001563
2 0.153125 0.001563 0.012500 0.003125
2 0.375781 0.135937 0.189062 0.175000
2 0.369531 0.254688 0.151562 0.134375
2 0.285938 0.237500 0.075000 0.109375
2 0.468750 0.338281 0.153125 0.154688
2 0.333594 0.357812 0.151562 0.112500
6 0.485156 0.021094 0.026562 0.042188
5 0.982031 0.092969 0.035937 0.110937
3 0.979688 0.014844 0.040625 0.029687
1 0.913281 0.128125 0.120313 0.181250
1 0.832812 0.120313 0.121875 0.143750
2 0.666406 0.152344 0.232813 0.220312
1 0.606250 0.400000 0.165625 0.150000
1 0.667188 0.328125 0.125000 0.171875
2 0.228125 0.292187 0.125000 0.087500
2 0.551562 0.082812 0.071875 0.078125
2 0.516406 0.065625 0.107813 0.131250
2 0.759375 0.342187 0.121875 0.193750
2 0.993750 0.447656 0.012500 0.020313
1 0.071875 0.014063 0.143750 0.028125
1 0.006250 0.383594 0.012500 0.042188
1 0.043750 0.344531 0.087500 0.129688
1 0.057813 0.217969 0.115625 0.142187
1 0.004687 0.147656 0.009375 0.039062
3 0.361719 0.000000 0.001563 0.000000
1 0.646875 0.029687 0.125000 0.059375
1 0.778906 0.021875 0.110937 0.043750
1 0.575000 0.021094 0.037500 0.042188
1 0.600781 0.053125 0.064062 0.053125
2 0.882031 0.023438 0.045312 0.046875
2 0.854688 0.003125 0.015625 0.006250
1 0.962500 0.289844 0.075000 0.167187
2 0.889844 0.315625 0.089063 0.109375
