2 0.994531 0.558594 0.010937 0.067187
2 0.988281 0.482812 0.023438 0.056250
2 0.988281 0.424219 0.023438 0.070312
2 0.992969 0.375781 0.014063 0.010937
2 0.992188 0.330469 0.015625 0.060937
1 0.898438 0.842969 0.140625 0.139063
1 0.842187 0.735938 0.146875 0.187500
1 0.854688 0.999219 0.009375 0.001563
1 0.806250 0.982812 0.081250 0.034375
1 0.685156 0.961719 0.101562 0.076563
1 0.654687 0.899219 0.128125 0.185938
1 0.135937 0.923438 0.131250 0.153125
1 0.260156 0.937500 0.167187 0.125000
2 0.470313 0.835156 0.287500 0.239063
2 0.901563 0.275781 0.196875 0.220312
1 0.031250 0.696875 0.062500 0.096875
2 0.039844 0.814063 0.079687 0.159375
1 0.361719 0.647656 0.235937 0.242188
1 0.467969 0.589063 0.120313 0.203125
1 0.655469 0.714844 0.120313 0.154688
1 0.940625 0.603906 0.118750 0.120313
1 0.902344 0.496094 0.195312 0.164062
1 0.695312 0.543750 0.112500 0.131250
1 0.541406 0.310156 0.314063 0.314063
2 0.767969 0.453906 0.229687 0.182812
2 0.202344 0.440625 0.148438 0.137500
2 0.200781 0.292969 0.285938 0.260937
2 0.361719 0.306250 0.123438 0.165625
2 0.374219 0.504687 0.060937 0.046875
2 0.360156 0.419531 0.120313 0.107813
4 0.431250 0.400781 0.093750 0.107813
1 0.814063 0.575000 0.118750 0.171875
4 0.557813 0.642188 0.178125 0.131250
4 0.584375 0.512500 0.131250 0.165625
4 0.678125 0.590625 0.068750 0.071875
4 0.644531 0.613281 0.051562 0.051562
2 0.027344 0.201563 0.054688 0.221875
1 0.100781 0.067969 0.201563 0.135937
2 0.277344 0.128906 0.179688 0.142187
1 0.379688 0.018750 0.090625 0.037500
4 0.522656 0.084375 0.198437 0.168750
2 0.579688 0.176563 0.106250 0.118750
1 0.970313 0.102344 0.059375 0.164062
1 0.912500 0.086719 0.106250 0.148438
1 0.794531 0.077344 0.142187 0.154688
1 0.905469 0.202344 0.145313 0.148438
4 0.359375 0.205469 0.078125 0.079687
1 0.271875 0.049219 0.103125 0.098437
1 0.692969 0.008594 0.073438 0.017188
2 0.025000 0.472656 0.050000 0.117188
1 0.746094 0.760156 0.114062 0.101562
6 0.425000 0.104688 0.115625 0.084375
6 0.611719 0.039844 0.104688 0.079687
