2 0.928906 0.810937 0.142187 0.234375
1 0.625781 0.988281 0.079687 0.023438
1 0.564063 0.963281 0.156250 0.073438
1 0.989844 0.391406 0.020313 0.064062
1 0.941406 0.484375 0.117188 0.184375
1 0.837500 0.737500 0.093750 0.121875
2 0.650000 0.807031 0.171875 0.176563
1 0.733594 0.591406 0.139063 0.101562
2 0.225781 0.974219 0.114062 0.051562
2 0.338281 0.978125 0.045312 0.043750
1 0.471094 0.809375 0.117188 0.112500
3 0.370312 0.587500 0.106250 0.084375
4 0.389062 0.522656 0.090625 0.110937
2 0.239063 0.546875 0.190625 0.206250
1 0.238281 0.421875 0.117188 0.125000
1 0.043750 0.552344 0.087500 0.104688
1 0.055469 0.438281 0.110937 0.167187
1 0.150000 0.383594 0.087500 0.110937
2 0.093750 0.239844 0.187500 0.242188
2 0.000000 0.809375 0.000000 0.003125
2 0.024219 0.699219 0.048438 0.185938
2 0.049219 0.857031 0.098437 0.132812
1 0.642188 0.390625 0.103125 0.125000
3 0.499219 0.445312 0.085938 0.065625
1 0.037500 0.088281 0.075000 0.176563
1 0.100781 0.078125 0.151562 0.156250
1 0.016406 0.000781 0.014063 0.001563
1 0.242969 0.166406 0.185938 0.204687
1 0.459375 0.146094 0.181250 0.179688
1 0.635938 0.126562 0.190625 0.178125
1 0.734375 0.049219 0.118750 0.098437
1 0.592969 0.039062 0.132812 0.078125
1 0.471875 0.042188 0.121875 0.084375
1 0.516406 0.000000 0.004687 0.000000
1 0.403906 0.025000 0.073438 0.050000
1 0.910156 0.041406 0.114062 0.082812
1 0.999219 0.000000 0.001563 0.000000
1 0.969531 0.000781 0.014063 0.001563
1 0.985938 0.040625 0.028125 0.065625
2 0.972656 0.104688 0.054688 0.084375
2 0.889844 0.114844 0.176563 0.139063
6 0.357812 0.689063 0.053125 0.112500
4 0.472656 0.551562 0.098437 0.081250
4 0.413281 0.648438 0.082812 0.062500
4 0.471094 0.678125 0.082812 0.068750
4 0.460938 0.739062 0.059375 0.056250
1 0.847656 0.433594 0.129688 0.145313
4 0.975781 0.374219 0.042188 0.070312
