2 0.282813 0.586719 0.134375 0.129688
6 0.170313 0.803125 0.075000 0.046875
1 0.245312 0.774219 0.159375 0.167187
1 0.242188 0.880469 0.115625 0.117188
2 0.041406 0.874219 0.073438 0.051562
2 0.045312 0.912500 0.090625 0.084375
2 0.255469 0.949219 0.095312 0.073438
2 0.172656 0.946094 0.098437 0.070312
1 0.189062 0.993750 0.040625 0.012500
1 0.234375 0.995313 0.015625 0.009375
3 0.040625 0.999219 0.009375 0.001563
2 0.117188 0.900781 0.056250 0.079687
2 0.326562 0.970313 0.078125 0.059375
2 0.005469 0.963281 0.010937 0.020313
2 0.519531 0.940625 0.157812 0.118750
2 0.510938 0.914062 0.075000 0.075000
1 0.392188 0.888281 0.153125 0.132812
2 0.329688 0.906250 0.065625 0.062500
1 0.764844 0.898438 0.089063 0.106250
1 0.738281 0.497656 0.089063 0.085938
1 0.911719 0.617969 0.098437 0.089063
1 0.935937 0.710156 0.128125 0.139063
1 0.056250 0.839063 0.112500 0.062500
2 0.950000 0.999219 0.006250 0.001563
2 0.934375 0.928906 0.131250 0.142187
2 0.919531 0.835938 0.148438 0.131250
2 0.787500 0.789062 0.225000 0.231250
6 0.850781 0.899219 0.054688 0.057813
6 0.828125 0.653125 0.071875 0.090625
3 0.392969 0.581250 0.173437 0.118750
3 0.478125 0.617188 0.075000 0.109375
2 0.467969 0.482031 0.070312 0.104688
2 0.860938 0.579688 0.071875 0.084375
2 0.837500 0.506250 0.125000 0.090625
7 0.764062 0.578125 0.115625 0.081250
1 0.655469 0.371875 0.164062 0.193750
2 0.747656 0.325781 0.079687 0.082812
2 0.350781 0.501563 0.064062 0.081250
7 0.797656 0.216406 0.129688 0.151562
7 0.866406 0.160938 0.101562 0.112500
7 0.593750 0.228125 0.093750 0.103125
1 0.943750 0.220312 0.112500 0.190625
1 0.683594 0.093750 0.120313 0.100000
1 0.660937 0.039062 0.050000 0.078125
1 0.764844 0.065625 0.154688 0.131250
7 0.858594 0.015625 0.073438 0.031250
2 0.656250 0.203125 0.103125 0.115625
2 0.932031 0.113281 0.082812 0.110937
2 0.968750 0.071875 0.062500 0.118750
2 0.750000 0.001563 0.009375 0.003125
2 0.746875 0.132812 0.140625 0.062500
5 0.941406 0.030469 0.117188 0.060937
2 0.970313 0.408594 0.059375 0.114062
1 0.982031 0.582031 0.035937 0.073438
5 0.983594 0.937500 0.032813 0.125000
