1 0.041406 0.849219 0.082812 0.126562
1 0.044531 0.961719 0.089063 0.076563
4 0.091406 0.889062 0.095312 0.134375
1 0.236719 0.994531 0.020313 0.010937
1 0.410938 0.933594 0.156250 0.132812
1 0.257031 0.748437 0.104688 0.146875
1 0.339062 0.735938 0.090625 0.131250
2 0.519531 0.742188 0.242188 0.165625
1 0.395313 0.610156 0.115625 0.114062
1 0.510938 0.593750 0.134375 0.112500
1 0.617969 0.544531 0.129688 0.167187
2 0.957812 0.660937 0.084375 0.112500
2 0.890625 0.769531 0.075000 0.057813
4 0.999219 0.777344 0.001563 0.001563
4 0.917969 0.556250 0.104688 0.140625
2 0.789844 0.529687 0.157812 0.190625
7 0.942969 0.857812 0.079687 0.153125
7 0.703906 0.547656 0.067187 0.104688
7 0.733594 0.324219 0.132812 0.151562
6 0.742969 0.421875 0.060937 0.075000
2 0.816406 0.393750 0.070312 0.084375
2 0.832812 0.292969 0.178125 0.164062
2 0.669531 0.376563 0.095312 0.103125
1 0.558594 0.412500 0.151562 0.200000
1 0.464844 0.504687 0.107813 0.128125
2 0.119531 0.046875 0.164062 0.093750
2 0.204687 0.154688 0.162500 0.153125
2 0.297656 0.018750 0.114062 0.037500
6 0.314063 0.224219 0.100000 0.073438
