1 0.024219 0.032813 0.048438 0.065625
1 0.108594 0.042188 0.135937 0.084375
1 0.186719 0.075000 0.173437 0.150000
2 0.089063 0.126562 0.178125 0.115625
4 0.010937 0.167969 0.021875 0.057813
2 0.323437 0.189844 0.234375 0.198437
2 0.182812 0.255469 0.059375 0.092188
2 0.314063 0.326562 0.237500 0.153125
2 0.389062 0.428906 0.140625 0.185938
2 0.246094 0.425781 0.173437 0.154688
4 0.165625 0.371094 0.096875 0.107813
2 0.050000 0.380469 0.100000 0.145313
1 0.015625 0.532031 0.031250 0.114062
1 0.080469 0.563281 0.157812 0.114062
1 0.041406 0.495312 0.054688 0.075000
2 0.100000 0.488281 0.090625 0.092188
2 0.182812 0.514844 0.125000 0.123438
2 0.096094 0.722656 0.117188 0.164062
1 0.026562 0.657031 0.053125 0.098437
2 0.042969 0.759375 0.085938 0.131250
1 0.028906 0.855469 0.057813 0.104688
2 0.201563 0.793750 0.115625 0.106250
2 0.122656 0.846875 0.101562 0.118750
1 0.042188 0.950781 0.084375 0.098437
2 0.271094 0.923438 0.148438 0.153125
1 0.160156 0.951562 0.132812 0.096875
2 0.260156 0.715625 0.073438 0.100000
2 0.296094 0.565625 0.126562 0.109375
2 0.335156 0.668750 0.189062 0.178125
2 0.427344 0.682813 0.126562 0.112500
2 0.506250 0.521094 0.156250 0.157812
2 0.452344 0.510938 0.101562 0.100000
2 0.555469 0.615625 0.217188 0.184375
2 0.436719 0.776563 0.195312 0.159375
2 0.646094 0.748437 0.148438 0.140625
2 0.567969 0.789062 0.098437 0.165625
1 0.252344 0.971875 0.117188 0.056250
1 0.465625 0.944531 0.215625 0.110937
1 0.989062 0.814844 0.021875 0.076563
1 0.999219 0.764844 0.001563 0.004687
2 0.833594 0.791406 0.260937 0.195312
1 0.976562 0.645312 0.046875 0.134375
1 0.997656 0.531250 0.004687 0.012500
1 0.847656 0.623437 0.242188 0.209375
1 0.804688 0.442969 0.168750 0.157812
2 0.691406 0.578906 0.229687 0.220312
1 0.946875 0.392969 0.106250 0.117188
1 0.905469 0.308594 0.189062 0.185938
3 0.755469 0.364844 0.120313 0.135937
2 0.636719 0.425781 0.148438 0.126562
2 0.600000 0.310937 0.156250 0.146875
2 0.485938 0.230469 0.115625 0.095312
3 0.467187 0.416406 0.071875 0.101562
1 0.837500 0.224219 0.146875 0.170313
1 0.967187 0.265625 0.065625 0.103125
1 0.726562 0.123438 0.175000 0.209375
1 0.952344 0.151562 0.095312 0.171875
1 0.520312 0.053125 0.181250 0.106250
1 0.680469 0.035937 0.167187 0.071875
1 0.978125 0.042969 0.043750 0.067187
6 0.826562 0.057031 0.106250 0.114062
2 0.132031 0.985938 0.054688 0.028125
