2 0.980469 0.492188 0.039062 0.128125
1 0.908594 0.897656 0.164062 0.160938
1 0.694531 0.800781 0.179688 0.160938
1 0.878125 0.554688 0.178125 0.203125
2 0.797656 0.669531 0.095312 0.073438
1 0.857031 0.453125 0.148438 0.115625
2 0.892969 0.057813 0.164062 0.115625
4 0.974219 0.070312 0.051562 0.084375
2 0.406250 0.142187 0.178125 0.171875
2 0.464062 0.073438 0.081250 0.103125
1 0.579688 0.524219 0.162500 0.151562
1 0.507031 0.593750 0.214062 0.131250
2 0.381250 0.594531 0.218750 0.217188
4 0.999219 0.575781 0.001563 0.004687
2 0.922656 0.397656 0.107813 0.045312
2 0.942187 0.440625 0.062500 0.084375
2 0.701562 0.921094 0.115625 0.145313
1 0.728125 0.968750 0.087500 0.062500
1 0.651563 0.983594 0.090625 0.032813
1 0.890625 0.955469 0.168750 0.089063
1 0.977344 0.979688 0.045312 0.040625
1 0.105469 0.838281 0.173437 0.223438
2 0.017188 0.959375 0.034375 0.081250
1 0.014063 0.549219 0.028125 0.073438
1 0.007031 0.485938 0.014063 0.059375
1 0.018750 0.409375 0.037500 0.034375
1 0.165625 0.465625 0.178125 0.184375
1 0.092969 0.332031 0.114062 0.110937
2 0.321094 0.432812 0.185938 0.196875
2 0.239844 0.292187 0.182812 0.159375
2 0.251563 0.139844 0.171875 0.176563
2 0.299219 0.223438 0.110937 0.096875
1 0.012500 0.307812 0.025000 0.068750
1 0.053125 0.532031 0.068750 0.060937
2 0.109375 0.081250 0.103125 0.078125
1 0.186719 0.052344 0.207813 0.104688
1 0.422656 0.299219 0.151562 0.082812
