6 0.965625 0.342969 0.068750 0.117188
6 0.992188 0.547656 0.015625 0.039062
7 0.843750 0.443750 0.115625 0.162500
2 0.793750 0.046875 0.146875 0.093750
2 0.870313 0.068750 0.137500 0.118750
7 0.932031 0.135937 0.070312 0.075000
7 0.414844 0.126562 0.064062 0.068750
7 0.353125 0.097656 0.100000 0.082812
7 0.414062 0.087500 0.037500 0.028125
7 0.397656 0.039062 0.076563 0.062500
7 0.338281 0.043750 0.070312 0.056250
7 0.333594 0.021875 0.079687 0.043750
7 0.816406 0.635938 0.192188 0.196875
7 0.992188 0.883594 0.015625 0.051562
