1 0.804688 0.988281 0.096875 0.023438
1 0.622656 0.953125 0.173437 0.093750
1 0.526563 0.909375 0.106250 0.115625
1 0.725781 0.917969 0.142187 0.164062
1 0.697656 0.759375 0.220312 0.196875
2 0.932031 0.850781 0.135937 0.132812
1 0.999219 0.853906 0.001563 0.001563
1 0.985938 0.810156 0.028125 0.054688
1 0.964844 0.748437 0.070312 0.087500
1 0.949219 0.532813 0.101562 0.221875
1 0.693750 0.605469 0.181250 0.157812
1 0.838281 0.594531 0.179688 0.173437
1 0.956250 0.669531 0.087500 0.076563
1 0.831250 0.484375 0.140625 0.112500
1 0.814844 0.385937 0.110937 0.153125
1 0.929688 0.399219 0.140625 0.160938
1 0.936719 0.300781 0.089063 0.092188
1 0.858594 0.296875 0.101562 0.128125
1 0.589844 0.521094 0.189062 0.201563
1 0.664062 0.364844 0.140625 0.167187
1 0.556250 0.346094 0.143750 0.148438
1 0.709375 0.270313 0.093750 0.100000
1 0.783594 0.201563 0.135937 0.106250
1 0.935156 0.195312 0.129688 0.181250
1 0.885938 0.098437 0.215625 0.196875
1 0.786719 0.112500 0.114062 0.118750
1 0.674219 0.058594 0.189062 0.117188
2 0.657813 0.177344 0.131250 0.173437
2 0.557031 0.211719 0.151562 0.110937
2 0.542188 0.124219 0.150000 0.104688
1 0.078906 0.944531 0.157812 0.110937
7 0.093750 0.860938 0.150000 0.125000
1 0.248438 0.848437 0.200000 0.193750
2 0.122656 0.724219 0.210938 0.223438
2 0.011719 0.863281 0.023438 0.048438
1 0.266406 0.714063 0.132812 0.165625
2 0.364063 0.683594 0.115625 0.207813
2 0.296875 0.639062 0.068750 0.053125
2 0.442969 0.705469 0.092188 0.226562
1 0.551562 0.711719 0.171875 0.135937
2 0.525781 0.614062 0.173437 0.121875
2 0.421875 0.496094 0.153125 0.110937
1 0.302344 0.459375 0.126562 0.168750
1 0.414062 0.346094 0.159375 0.164062
2 0.410938 0.439844 0.128125 0.085938
1 0.282813 0.291406 0.134375 0.176563
1 0.456250 0.182812 0.084375 0.143750
2 0.149219 0.343750 0.154688 0.181250
1 0.164844 0.163281 0.160938 0.176563
2 0.192188 0.065625 0.137500 0.131250
2 0.217188 0.198437 0.118750 0.100000
2 0.037500 0.553906 0.075000 0.101562
2 0.018750 0.611719 0.037500 0.057813
2 0.092969 0.516406 0.067187 0.101562
6 0.228125 0.517188 0.056250 0.056250
6 0.134375 0.183594 0.087500 0.051562
6 0.301563 0.126562 0.134375 0.100000
2 0.064844 0.248438 0.129688 0.175000
2 0.039062 0.125000 0.078125 0.125000
6 0.508594 0.050000 0.079687 0.075000
6 0.000000 0.978125 0.000000 0.003125
2 0.895312 0.950000 0.118750 0.100000
