2 0.967969 0.678125 0.064062 0.143750
6 0.801562 0.726562 0.106250 0.103125
1 0.933594 0.943750 0.132812 0.112500
1 0.895312 0.982031 0.046875 0.035937
3 0.716406 0.795312 0.173437 0.150000
2 0.577344 0.737500 0.182812 0.196875
3 0.564063 0.640625 0.087500 0.090625
3 0.528125 0.839844 0.125000 0.098437
2 0.482031 0.550000 0.160938 0.231250
2 0.208594 0.647656 0.135937 0.114062
2 0.414844 0.986719 0.095312 0.026562
1 0.530469 0.956250 0.098437 0.087500
3 0.334375 0.766406 0.115625 0.095312
2 0.553906 0.988281 0.104688 0.023438
4 0.850000 0.997656 0.012500 0.004687
2 0.812500 0.999219 0.000000 0.001563
2 0.832812 0.996875 0.025000 0.006250
7 0.467969 0.928125 0.095312 0.112500
2 0.293750 0.550000 0.162500 0.218750
2 0.192188 0.508594 0.075000 0.098437
1 0.186719 0.343750 0.210938 0.231250
1 0.246094 0.210156 0.198437 0.210938
1 0.496094 0.414062 0.192188 0.128125
1 0.396094 0.376563 0.129688 0.131250
1 0.452344 0.267188 0.114062 0.118750
6 0.371094 0.237500 0.064062 0.053125
2 0.148438 0.125781 0.115625 0.142187
1 0.255469 0.089063 0.132812 0.100000
7 0.507812 0.072656 0.106250 0.107813
1 0.449219 0.106250 0.095312 0.103125
2 0.739062 0.552344 0.103125 0.123438
2 0.642969 0.535156 0.135937 0.145313
2 0.722656 0.439844 0.142187 0.139063
1 0.850000 0.481250 0.115625 0.121875
1 0.953125 0.492969 0.084375 0.095312
1 0.996875 0.508594 0.006250 0.026562
1 0.992188 0.450000 0.015625 0.081250
2 0.937500 0.563281 0.125000 0.098437
2 0.971094 0.391406 0.057813 0.089063
2 0.772656 0.346875 0.107813 0.150000
4 0.692969 0.364063 0.076563 0.068750
1 0.664844 0.161719 0.176563 0.201563
1 0.857031 0.037500 0.132812 0.075000
1 0.923438 0.131250 0.153125 0.168750
2 0.735938 0.098437 0.090625 0.084375
2 0.178125 0.780469 0.115625 0.095312
2 0.707812 0.014844 0.075000 0.029687
