2 0.145313 0.967969 0.096875 0.064062
1 0.293750 0.984375 0.059375 0.031250
1 0.346094 0.965625 0.095312 0.068750
1 0.341406 0.817969 0.167187 0.214062
1 0.503906 0.892969 0.092188 0.098437
1 0.208594 0.905469 0.082812 0.082812
1 0.553125 0.792188 0.121875 0.156250
1 0.684375 0.853906 0.131250 0.157812
2 0.689063 0.735938 0.190625 0.190625
7 0.591406 0.906250 0.123438 0.131250
7 0.480469 0.784375 0.079687 0.128125
7 0.445312 0.701562 0.075000 0.071875
7 0.396875 0.646094 0.100000 0.117188
7 0.437500 0.602344 0.071875 0.070312
7 0.488281 0.486719 0.057813 0.095312
1 0.682813 0.603125 0.078125 0.106250
1 0.565625 0.595313 0.068750 0.100000
7 0.616406 0.474219 0.064062 0.114062
2 0.833594 0.446875 0.048438 0.068750
2 0.775781 0.628906 0.132812 0.160938
1 0.790625 0.770312 0.071875 0.118750
2 0.897656 0.763281 0.164062 0.154688
2 0.943750 0.697656 0.081250 0.076563
1 0.879687 0.665625 0.109375 0.078125
1 0.721094 0.950781 0.095312 0.098437
1 0.640625 0.952344 0.087500 0.095312
1 0.942969 0.521875 0.067187 0.090625
1 0.904687 0.501563 0.075000 0.112500
2 0.992188 0.386719 0.015625 0.042188
2 0.992969 0.464844 0.014063 0.042188
2 0.507812 0.994531 0.040625 0.010937
7 0.795312 0.918750 0.118750 0.125000
1 0.968750 0.791406 0.062500 0.070312
