1 0.978125 0.899219 0.043750 0.167187
1 0.782031 0.959375 0.182812 0.081250
1 0.722656 0.895312 0.160938 0.146875
2 0.600781 0.944531 0.192188 0.110937
1 0.418750 0.966406 0.168750 0.067187
1 0.167187 0.957812 0.106250 0.084375
2 0.252344 0.938281 0.192188 0.123438
1 0.217969 0.753906 0.189062 0.160938
1 0.370312 0.728125 0.131250 0.115625
2 0.089063 0.774219 0.137500 0.129688
2 0.159375 0.841406 0.131250 0.085938
2 0.117188 0.655469 0.168750 0.154688
2 0.028125 0.667188 0.056250 0.159375
1 0.004687 0.964063 0.009375 0.071875
2 0.054688 0.974219 0.106250 0.051562
1 0.042969 0.473438 0.085938 0.162500
2 0.006250 0.571094 0.012500 0.029687
6 0.053125 0.935156 0.056250 0.082812
1 0.207031 0.470313 0.295312 0.256250
1 0.171875 0.371875 0.171875 0.156250
2 0.066406 0.364844 0.132812 0.120313
1 0.010156 0.177344 0.020313 0.057813
2 0.361719 0.089844 0.257812 0.179688
1 0.786719 0.771094 0.129688 0.079687
1 0.839844 0.807813 0.139063 0.115625
1 0.972656 0.782031 0.054688 0.120313
1 0.939844 0.688281 0.120313 0.157812
1 0.840625 0.696875 0.112500 0.100000
1 0.959375 0.548438 0.081250 0.137500
1 0.932031 0.382031 0.135937 0.242188
2 0.699219 0.302344 0.123438 0.129688
1 0.613281 0.467187 0.142187 0.131250
1 0.596875 0.387500 0.106250 0.096875
3 0.821094 0.370312 0.123438 0.096875
3 0.742188 0.362500 0.078125 0.078125
2 0.986719 0.296094 0.026562 0.060937
6 0.347656 0.139063 0.070312 0.084375
1 0.543750 0.080469 0.131250 0.160938
1 0.571094 0.011719 0.054688 0.023438
1 0.792188 0.122656 0.187500 0.226562
1 0.977344 0.194531 0.045312 0.120313
1 0.996094 0.091406 0.007812 0.020313
1 0.994531 0.006250 0.010937 0.012500
6 0.863281 0.260156 0.089063 0.123438
2 0.713281 0.099219 0.226562 0.198437
1 0.311719 0.584375 0.107813 0.084375
