7 0.794531 0.979688 0.064062 0.040625
7 0.875781 0.959375 0.098437 0.081250
7 0.925781 0.977344 0.045312 0.045312
7 0.539844 0.951562 0.095312 0.096875
7 0.710156 0.945312 0.073438 0.081250
7 0.792969 0.950000 0.085938 0.093750
7 0.594531 0.911719 0.048438 0.045312
2 0.602344 0.957812 0.057813 0.053125
2 0.585938 0.866406 0.075000 0.060937
2 0.557031 0.750781 0.045312 0.048438
2 0.540625 0.818750 0.106250 0.100000
2 0.475781 0.739062 0.045312 0.053125
2 0.638281 0.816406 0.085938 0.054688
2 0.696875 0.832031 0.043750 0.064062
7 0.333594 0.805469 0.067187 0.067187
7 0.278125 0.807813 0.059375 0.071875
7 0.387500 0.748437 0.068750 0.062500
7 0.282031 0.745313 0.067187 0.068750
7 0.339844 0.764062 0.057813 0.068750
2 0.380469 0.814844 0.029687 0.029687
2 0.390625 0.846094 0.037500 0.054688
2 0.302344 0.908594 0.085938 0.114062
7 0.089844 0.717969 0.117188 0.107813
7 0.139844 0.635156 0.085938 0.092188
7 0.199219 0.627344 0.070312 0.079687
7 0.204687 0.694531 0.056250 0.073438
7 0.289062 0.642969 0.093750 0.082812
2 0.221875 0.957812 0.121875 0.084375
2 0.105469 0.960156 0.089063 0.079687
2 0.267188 0.981250 0.053125 0.037500
2 0.314063 0.985156 0.065625 0.029687
2 0.041406 0.875000 0.082812 0.093750
2 0.032813 0.944531 0.065625 0.110937
6 0.050781 0.986719 0.045312 0.026562
6 0.135156 0.982031 0.070312 0.035937
2 0.021094 0.610156 0.042188 0.073438
2 0.015625 0.482812 0.031250 0.050000
6 0.396094 0.911719 0.026562 0.035937
7 0.313281 0.682813 0.064062 0.068750
7 0.260937 0.697656 0.071875 0.073438
