2 0.888281 0.896094 0.223438 0.207813
2 0.746094 0.834375 0.157812 0.150000
1 0.635156 0.880469 0.160938 0.167187
2 0.435937 0.917188 0.153125 0.165625
2 0.467969 0.994531 0.023438 0.010937
2 0.384375 0.971875 0.106250 0.056250
1 0.224219 0.898438 0.207813 0.203125
1 0.307031 0.996875 0.020313 0.006250
1 0.280469 0.992969 0.032813 0.014063
2 0.047656 0.941406 0.095312 0.089063
1 0.005469 0.827344 0.010937 0.042188
2 0.021094 0.710156 0.042188 0.129688
1 0.168750 0.717187 0.168750 0.168750
1 0.070312 0.600000 0.140625 0.221875
1 0.151562 0.471094 0.131250 0.129688
1 0.279687 0.477344 0.165625 0.139063
1 0.157031 0.579688 0.085938 0.093750
1 0.236719 0.601562 0.098437 0.096875
1 0.322656 0.607812 0.095312 0.146875
1 0.393750 0.556250 0.143750 0.162500
1 0.457813 0.466406 0.140625 0.151562
1 0.625781 0.683594 0.248438 0.198437
7 0.550000 0.032813 0.137500 0.065625
1 0.206250 0.364063 0.190625 0.150000
1 0.128125 0.280469 0.112500 0.123438
1 0.075781 0.349219 0.148438 0.107813
1 0.006250 0.342969 0.012500 0.054688
2 0.035156 0.262500 0.070312 0.109375
7 0.055469 0.182812 0.110937 0.112500
7 0.175000 0.058594 0.128125 0.117188
6 0.485938 0.038281 0.071875 0.073438
6 0.532813 0.165625 0.134375 0.115625
1 0.744531 0.017969 0.123438 0.035937
