1 0.816406 0.950781 0.123438 0.098437
2 0.210938 0.746875 0.150000 0.096875
6 0.184375 0.639844 0.175000 0.167187
2 0.044531 0.594531 0.089063 0.167187
6 0.663281 0.944531 0.179688 0.110937
2 0.578125 0.727344 0.162500 0.154688
6 0.423438 0.527344 0.121875 0.114062
1 0.240625 0.381250 0.159375 0.175000
1 0.233594 0.245312 0.179688 0.143750
2 0.113281 0.357812 0.176563 0.212500
2 0.056250 0.312500 0.093750 0.131250
2 0.083594 0.485938 0.126562 0.168750
2 0.155469 0.487500 0.132812 0.140625
2 0.021875 0.789844 0.043750 0.082812
2 0.143750 0.962500 0.112500 0.075000
2 0.329688 0.996094 0.043750 0.007812
1 0.519531 0.996094 0.023438 0.007812
1 0.434375 0.956250 0.121875 0.087500
6 0.178125 0.075781 0.128125 0.095312
6 0.814844 0.475781 0.067187 0.070312
2 0.556250 0.346875 0.121875 0.131250
2 0.445312 0.307031 0.159375 0.176563
2 0.497656 0.459375 0.207813 0.168750
2 0.588281 0.589844 0.123438 0.092188
2 0.244531 0.985156 0.064062 0.029687
2 0.232813 0.867188 0.193750 0.162500
2 0.283594 0.939063 0.201563 0.121875
3 0.618750 0.644531 0.237500 0.170313
2 0.101562 0.210938 0.175000 0.103125
3 0.071094 0.130469 0.126562 0.135937
2 0.400781 0.675781 0.242188 0.204687
2 0.322656 0.512500 0.223438 0.200000
1 0.363281 0.389844 0.135937 0.104688
2 0.267969 0.168750 0.289062 0.337500
1 0.717187 0.728125 0.150000 0.234375
1 0.773438 0.796094 0.228125 0.248438
1 0.837500 0.585938 0.165625 0.209375
1 0.941406 0.722656 0.117188 0.173437
1 0.942969 0.584375 0.114062 0.181250
3 0.978906 0.975781 0.042188 0.048438
2 0.454688 0.142187 0.096875 0.096875
1 0.612500 0.007812 0.046875 0.015625
1 0.967969 0.054688 0.064062 0.109375
2 0.932813 0.466406 0.125000 0.089063
