1 0.051562 0.952344 0.103125 0.095312
4 0.434375 0.966406 0.106250 0.067187
1 0.177344 0.667969 0.239063 0.273438
1 0.347656 0.609375 0.142187 0.187500
1 0.917188 0.285156 0.165625 0.176563
2 0.497656 0.335938 0.110937 0.146875
1 0.639062 0.127344 0.318750 0.229687
2 0.946875 0.499219 0.106250 0.126562
4 0.985156 0.051562 0.029687 0.043750
1 0.975000 0.658594 0.050000 0.098437
1 0.976562 0.728906 0.046875 0.107813
1 0.050000 0.696875 0.100000 0.165625
2 0.021875 0.571094 0.043750 0.104688
2 0.003125 0.497656 0.006250 0.010937
1 0.075781 0.541406 0.092188 0.104688
1 0.080469 0.382812 0.160938 0.275000
1 0.073438 0.220312 0.146875 0.150000
1 0.318750 0.411719 0.137500 0.217188
1 0.350781 0.327344 0.179688 0.123438
1 0.425781 0.265625 0.114062 0.131250
1 0.020313 0.132812 0.040625 0.131250
1 0.112500 0.093750 0.196875 0.181250
1 0.210156 0.072656 0.176563 0.145313
1 0.271094 0.014844 0.073438 0.029687
1 0.550781 0.032813 0.167187 0.065625
1 0.760156 0.036719 0.123438 0.073438
6 0.257812 0.204687 0.175000 0.143750
6 0.339062 0.149219 0.100000 0.085938
1 0.666406 0.022656 0.076563 0.045312
4 0.010937 0.022656 0.021875 0.045312
1 0.063281 0.002344 0.017188 0.004687
2 0.121094 0.788281 0.145313 0.098437
1 0.984375 0.957812 0.031250 0.068750
1 0.946875 0.984375 0.106250 0.031250
6 0.730469 0.892188 0.179688 0.165625
4 0.971875 0.096875 0.056250 0.071875
4 0.938281 0.076563 0.060937 0.062500
6 0.942969 0.176563 0.107813 0.084375
