1 0.985156 0.029687 0.029687 0.059375
1 0.939063 0.003906 0.087500 0.007812
2 0.946094 0.123438 0.107813 0.093750
2 0.984375 0.165625 0.031250 0.050000
2 0.991406 0.835156 0.017188 0.142187
2 0.994531 0.732812 0.010937 0.028125
2 0.985156 0.655469 0.029687 0.101562
2 0.642969 0.954688 0.151562 0.090625
1 0.750000 0.989062 0.075000 0.021875
2 0.715625 0.890625 0.100000 0.118750
2 0.764844 0.965625 0.129688 0.056250
2 0.736719 0.809375 0.101562 0.096875
2 0.803906 0.751563 0.126562 0.106250
2 0.840625 0.666406 0.181250 0.148438
7 0.212500 0.925000 0.140625 0.150000
6 0.167187 0.970313 0.134375 0.059375
1 0.020313 0.972656 0.040625 0.054688
7 0.264844 0.822656 0.151562 0.173437
2 0.521094 0.928906 0.089063 0.114062
2 0.507031 0.842969 0.067187 0.067187
1 0.393750 0.792969 0.165625 0.154688
1 0.484375 0.744531 0.143750 0.167187
2 0.583594 0.788281 0.104688 0.085938
2 0.672656 0.771875 0.060937 0.084375
2 0.944531 0.596094 0.073438 0.076563
7 0.875781 0.573438 0.123438 0.125000
1 0.938281 0.432812 0.095312 0.084375
1 0.696094 0.658594 0.092188 0.160938
2 0.420312 0.635156 0.200000 0.170313
7 0.257031 0.714844 0.092188 0.079687
7 0.250781 0.655469 0.070312 0.073438
2 0.810156 0.381250 0.148438 0.137500
6 0.628125 0.466406 0.118750 0.104688
1 0.603125 0.339062 0.184375 0.156250
2 0.728125 0.300000 0.078125 0.084375
2 0.577344 0.185938 0.126562 0.134375
2 0.593750 0.074219 0.112500 0.139063
2 0.957031 0.197656 0.085938 0.064062
2 0.921875 0.334375 0.068750 0.118750
2 0.601562 0.698438 0.125000 0.125000
2 0.591406 0.612500 0.160938 0.090625
2 0.391406 0.555469 0.123438 0.095312
2 0.417187 0.504687 0.128125 0.103125
1 0.330469 0.400781 0.164062 0.160938
2 0.297656 0.489844 0.145313 0.076563
2 0.237500 0.339844 0.168750 0.132812
2 0.435937 0.378906 0.128125 0.079687
2 0.145313 0.539844 0.137500 0.135937
2 0.227344 0.560156 0.089063 0.070312
2 0.723437 0.066406 0.103125 0.132812
1 0.667969 0.025781 0.060937 0.051562
1 0.492969 0.025781 0.201563 0.051562
7 0.246094 0.070312 0.167187 0.140625
2 0.110156 0.783594 0.085938 0.129688
2 0.042188 0.742969 0.075000 0.098437
1 0.052344 0.589844 0.092188 0.079687
1 0.046094 0.678125 0.092188 0.106250
1 0.010937 0.660937 0.021875 0.078125
1 0.050000 0.124219 0.100000 0.167187
2 0.040625 0.025781 0.081250 0.051562
2 0.125781 0.167187 0.092188 0.046875
2 0.196875 0.201563 0.090625 0.087500
7 0.120313 0.007812 0.037500 0.015625
1 0.282813 0.195312 0.103125 0.103125
1 0.088281 0.276562 0.104688 0.115625
1 0.020313 0.317969 0.040625 0.092188
1 0.014844 0.499219 0.029687 0.110937
1 0.038281 0.521094 0.054688 0.054688
1 0.090625 0.459375 0.109375 0.075000
2 0.208594 0.450781 0.057813 0.067187
1 0.038281 0.402344 0.076563 0.092188
7 0.000000 0.256250 0.000000 0.006250
1 0.989844 0.073438 0.020313 0.037500
6 0.596875 0.651563 0.071875 0.087500
1 0.839844 0.043750 0.082812 0.087500
2 0.096875 0.204687 0.137500 0.062500
