2 0.931250 0.778125 0.137500 0.243750
2 0.970313 0.402344 0.059375 0.120313
2 0.564063 0.959375 0.125000 0.081250
2 0.688281 0.944531 0.142187 0.110937
2 0.824219 0.932813 0.167187 0.134375
2 0.952344 0.885156 0.095312 0.104688
1 0.903125 0.930469 0.096875 0.085938
2 0.842969 0.841406 0.160938 0.164062
1 0.524219 0.856250 0.173437 0.159375
1 0.600000 0.811719 0.153125 0.170313
1 0.664062 0.882812 0.121875 0.109375
1 0.514062 0.699219 0.218750 0.173437
1 0.474219 0.603125 0.145313 0.115625
1 0.857031 0.586719 0.157812 0.160938
1 0.765625 0.513281 0.175000 0.170313
1 0.765625 0.379688 0.131250 0.128125
1 0.656250 0.432031 0.159375 0.123438
2 0.855469 0.300781 0.204687 0.148438
1 0.986719 0.210156 0.026562 0.114062
1 0.915625 0.181250 0.168750 0.203125
2 0.989062 0.109375 0.021875 0.043750
2 0.945312 0.053125 0.109375 0.106250
3 0.970313 0.312500 0.059375 0.093750
1 0.621094 0.342187 0.182812 0.178125
2 0.603125 0.242969 0.125000 0.126562
2 0.472656 0.277344 0.207813 0.239063
2 0.389062 0.187500 0.209375 0.178125
4 0.654687 0.738281 0.071875 0.079687
1 0.295312 0.283594 0.246875 0.292187
2 0.407813 0.570312 0.134375 0.140625
2 0.406250 0.478906 0.162500 0.170313
2 0.061719 0.172656 0.123438 0.179688
2 0.107813 0.043750 0.159375 0.087500
1 0.654687 0.178125 0.150000 0.121875
1 0.754687 0.107031 0.168750 0.170313
3 0.533594 0.011719 0.035937 0.023438
1 0.607812 0.008594 0.071875 0.017188
1 0.673438 0.034375 0.181250 0.068750
2 0.807031 0.018750 0.092188 0.037500
2 0.966406 0.000000 0.004687 0.000000
2 0.894531 0.014063 0.085938 0.028125
6 0.000000 0.811719 0.000000 0.004687
1 0.072656 0.377344 0.145313 0.251563
1 0.867969 0.096875 0.085938 0.084375
