1 0.408594 0.992188 0.023438 0.015625
1 0.302344 0.922656 0.135937 0.154688
1 0.509375 0.958594 0.175000 0.082812
1 0.640625 0.956250 0.103125 0.087500
1 0.586719 0.896094 0.160938 0.167187
1 0.683594 0.860938 0.101562 0.121875
1 0.407813 0.898438 0.156250 0.159375
1 0.639062 0.799219 0.221875 0.117188
1 0.727344 0.697656 0.173437 0.132812
1 0.726562 0.985156 0.103125 0.029687
1 0.150000 0.930469 0.218750 0.139063
1 0.024219 0.891406 0.048438 0.089063
1 0.441406 0.790625 0.185938 0.231250
1 0.522656 0.690625 0.182812 0.281250
1 0.681250 0.617969 0.190625 0.142187
1 0.896875 0.681250 0.206250 0.356250
1 0.722656 0.476562 0.273438 0.178125
1 0.879687 0.307031 0.240625 0.267188
1 0.940625 0.189062 0.118750 0.143750
1 0.917188 0.465625 0.156250 0.150000
1 0.994531 0.457813 0.010937 0.100000
1 0.999219 0.391406 0.001563 0.001563
1 0.998437 0.360938 0.003125 0.006250
1 0.319531 0.606250 0.242188 0.331250
1 0.317969 0.790625 0.129688 0.100000
1 0.061719 0.789844 0.123438 0.198437
1 0.171875 0.771094 0.171875 0.226562
1 0.136719 0.631250 0.117188 0.090625
1 0.142969 0.521875 0.198437 0.165625
1 0.042969 0.600000 0.085938 0.221875
2 0.120313 0.428125 0.162500 0.165625
2 0.238281 0.335156 0.210938 0.204687
2 0.071094 0.308594 0.132812 0.204687
2 0.314844 0.139063 0.179688 0.200000
2 0.307031 0.030469 0.173437 0.060937
2 0.550000 0.074219 0.090625 0.110937
2 0.726562 0.019531 0.184375 0.039062
2 0.451562 0.159375 0.156250 0.128125
2 0.471875 0.067969 0.225000 0.135937
2 0.678906 0.085156 0.120313 0.117188
7 0.039062 0.202344 0.078125 0.095312
2 0.159375 0.189062 0.196875 0.140625
1 0.016406 0.304688 0.032813 0.140625
1 0.051562 0.087500 0.103125 0.165625
1 0.027344 0.007031 0.054688 0.014063
2 0.191406 0.022656 0.051562 0.045312
2 0.245312 0.482031 0.081250 0.101562
