6 0.023438 0.296875 0.046875 0.040625
1 0.098437 0.403906 0.190625 0.157812
1 0.257031 0.271094 0.160938 0.182812
1 0.143750 0.136719 0.150000 0.273438
2 0.059375 0.198437 0.109375 0.087500
2 0.138281 0.003125 0.017188 0.006250
1 0.564844 0.911719 0.123438 0.139063
1 0.250000 0.980469 0.081250 0.039062
6 0.321875 0.457813 0.034375 0.031250
1 0.460938 0.560156 0.131250 0.204687
2 0.357031 0.499219 0.110937 0.126562
3 0.359375 0.597656 0.109375 0.085938
1 0.564063 0.476562 0.240625 0.121875
1 0.664844 0.600000 0.314063 0.262500
2 0.917188 0.451562 0.165625 0.187500
2 0.949219 0.579688 0.101562 0.150000
2 0.950781 0.352344 0.098437 0.067187
1 0.673438 0.083594 0.096875 0.167187
1 0.758594 0.049219 0.085938 0.098437
2 0.233594 0.150781 0.107813 0.060937
2 0.982812 0.714844 0.034375 0.107813
3 0.307812 0.632812 0.078125 0.056250
4 0.227344 0.595313 0.070312 0.084375
1 0.028906 0.368750 0.057813 0.137500
1 0.506250 0.010156 0.100000 0.020313
2 0.266406 0.412500 0.060937 0.078125
2 0.278906 0.478906 0.082812 0.101562
2 0.351562 0.407813 0.106250 0.084375
1 0.390625 0.019531 0.134375 0.039062
1 0.039844 0.095312 0.079687 0.190625
2 0.286719 0.069531 0.154688 0.110937
2 0.389844 0.139063 0.139063 0.106250
2 0.458594 0.197656 0.092188 0.067187
1 0.522656 0.062500 0.164062 0.125000
2 0.805469 0.003906 0.020313 0.007812
3 0.966406 0.007812 0.042188 0.015625
3 0.896875 0.014844 0.059375 0.029687
2 0.937500 0.053906 0.125000 0.104688
