2 0.760938 0.209375 0.165625 0.171875
2 0.643750 0.111719 0.265625 0.223438
2 0.917188 0.431250 0.143750 0.125000
2 0.770312 0.589063 0.106250 0.118750
2 0.865625 0.541406 0.150000 0.167187
2 0.646875 0.736719 0.137500 0.195312
2 0.592969 0.900781 0.276562 0.198437
6 0.546094 0.632812 0.201563 0.134375
2 0.611719 0.413281 0.370312 0.310937
2 0.313281 0.245312 0.207813 0.184375
2 0.046094 0.193750 0.092188 0.221875
2 0.012500 0.046875 0.025000 0.093750
6 0.476562 0.090625 0.137500 0.162500
6 0.376563 0.080469 0.103125 0.160938
