7 0.953906 0.417969 0.064062 0.057813
7 0.967969 0.357031 0.057813 0.054688
7 0.926562 0.557813 0.131250 0.090625
7 0.871094 0.614844 0.067187 0.064062
7 0.849219 0.662500 0.085938 0.084375
7 0.687500 0.971094 0.071875 0.057813
7 0.636719 0.920312 0.120313 0.131250
1 0.192188 0.225000 0.181250 0.146875
1 0.082812 0.276562 0.109375 0.121875
2 0.027344 0.544531 0.054688 0.089063
1 0.055469 0.581250 0.107813 0.118750
1 0.117188 0.522656 0.106250 0.092188
1 0.042188 0.435937 0.084375 0.150000
2 0.004687 0.916406 0.009375 0.014063
1 0.053125 0.903125 0.106250 0.128125
7 0.618750 0.696875 0.040625 0.062500
7 0.582031 0.705469 0.048438 0.070312
2 0.675781 0.782813 0.079687 0.084375
1 0.962500 0.031250 0.075000 0.062500
1 0.950000 0.142187 0.100000 0.146875
1 0.944531 0.064844 0.110937 0.129688
1 0.339844 0.296875 0.176563 0.212500
1 0.017969 0.728906 0.035937 0.067187
1 0.042188 0.805469 0.084375 0.104688
1 0.217969 0.000781 0.023438 0.001563
1 0.163281 0.012500 0.101562 0.025000
1 0.307812 0.066406 0.146875 0.132812
2 0.148438 0.071094 0.150000 0.139063
2 0.275781 0.128125 0.079687 0.084375
2 0.460156 0.017188 0.085938 0.034375
2 0.457031 0.136719 0.082812 0.067187
2 0.439063 0.046875 0.053125 0.046875
2 0.221094 0.521875 0.101562 0.071875
2 0.196094 0.610938 0.101562 0.128125
2 0.107031 0.633594 0.060937 0.076563
2 0.407031 0.566406 0.107813 0.101562
2 0.382031 0.642969 0.095312 0.110937
2 0.045312 0.662500 0.087500 0.078125
2 0.461719 0.283594 0.085938 0.092188
2 0.375781 0.464844 0.098437 0.123438
1 0.517188 0.004687 0.056250 0.009375
2 0.621875 0.011719 0.168750 0.023438
1 0.645312 0.171875 0.137500 0.115625
1 0.706250 0.060937 0.125000 0.121875
1 0.763281 0.008594 0.029687 0.017188
7 0.256250 0.557813 0.062500 0.068750
1 0.289844 0.614844 0.098437 0.145313
2 0.170313 0.409375 0.200000 0.156250
2 0.555469 0.169531 0.101562 0.060937
2 0.550781 0.205469 0.067187 0.060937
2 0.007031 0.664062 0.014063 0.059375
2 0.350000 0.785156 0.106250 0.092188
1 0.265625 0.717187 0.196875 0.134375
2 0.113281 0.694531 0.079687 0.060937
2 0.402344 0.881250 0.120313 0.106250
2 0.382031 0.946094 0.073438 0.064062
2 0.498437 0.931250 0.128125 0.137500
2 0.418750 0.959375 0.087500 0.081250
2 0.600781 0.988281 0.045312 0.023438
2 0.551562 0.993750 0.031250 0.012500
