1 0.859375 0.593750 0.081250 0.106250
1 0.989062 0.889844 0.021875 0.026562
1 0.971094 0.794531 0.057813 0.117188
2 0.356250 0.017969 0.053125 0.035937
2 0.321875 0.001563 0.009375 0.003125
2 0.277344 0.001563 0.023438 0.003125
2 0.254688 0.002344 0.021875 0.004687
2 0.148438 0.039844 0.181250 0.079687
2 0.065625 0.026562 0.090625 0.053125
2 0.946094 0.454688 0.107813 0.296875
1 0.899219 0.329688 0.154688 0.109375
2 0.712500 0.539062 0.218750 0.168750
2 0.545312 0.632031 0.268750 0.210938
2 0.846875 0.937500 0.203125 0.125000
2 0.668750 0.775000 0.140625 0.209375
2 0.889844 0.704688 0.139063 0.115625
2 0.832031 0.823438 0.285938 0.259375
1 0.484375 0.735156 0.093750 0.126562
1 0.544531 0.800781 0.204687 0.170313
2 0.448437 0.928906 0.140625 0.142187
5 0.375000 0.854688 0.162500 0.234375
6 0.002344 0.992188 0.004687 0.015625
6 0.040625 0.974219 0.068750 0.042188
2 0.142187 0.608594 0.184375 0.182812
2 0.114844 0.523438 0.139063 0.150000
2 0.098437 0.689063 0.196875 0.200000
2 0.014063 0.614062 0.028125 0.065625
2 0.087500 0.859375 0.175000 0.193750
1 0.051562 0.166406 0.103125 0.173437
2 0.081250 0.251563 0.140625 0.171875
2 0.989062 0.164844 0.021875 0.042188
2 0.998437 0.116406 0.003125 0.014063
1 0.914062 0.219531 0.118750 0.123438
1 0.791406 0.167187 0.257812 0.218750
1 0.727344 0.325000 0.254688 0.306250
1 0.631250 0.391406 0.212500 0.214062
1 0.549219 0.331250 0.198437 0.190625
3 0.401562 0.132031 0.137500 0.154688
2 0.296875 0.125000 0.118750 0.131250
1 0.445312 0.526563 0.093750 0.071875
1 0.357031 0.529687 0.123438 0.153125
1 0.274219 0.593750 0.110937 0.128125
2 0.267969 0.471094 0.132812 0.151562
2 0.055469 0.357812 0.110937 0.153125
2 0.035937 0.500000 0.071875 0.115625
1 0.185938 0.316406 0.178125 0.301563
6 0.323437 0.269531 0.137500 0.185938
2 0.115625 0.964844 0.112500 0.070312
1 0.696875 0.983594 0.103125 0.032813
1 0.607812 0.966406 0.112500 0.067187
2 0.678125 0.952344 0.134375 0.095312
2 0.543750 0.932031 0.134375 0.135937
3 0.446875 0.067187 0.131250 0.134375
2 0.270313 0.942187 0.143750 0.115625
1 0.030469 0.567187 0.060937 0.081250
2 0.855469 0.669531 0.092188 0.079687
