7 0.889844 0.999219 0.004687 0.001563
7 0.914844 0.995313 0.026562 0.009375
7 0.998437 0.975781 0.003125 0.020313
7 0.977344 0.910937 0.045312 0.087500
7 0.961719 0.844531 0.076563 0.114062
7 0.830469 0.949219 0.095312 0.101562
7 0.037500 0.807031 0.075000 0.117188
7 0.095312 0.838281 0.109375 0.129688
7 0.473438 0.967969 0.090625 0.064062
2 0.563281 0.957031 0.082812 0.085938
7 0.400000 0.831250 0.121875 0.112500
7 0.441406 0.745313 0.104688 0.100000
7 0.487500 0.717187 0.090625 0.096875
7 0.032031 0.655469 0.064062 0.120313
7 0.272656 0.666406 0.054688 0.092188
1 0.174219 0.725000 0.085938 0.068750
1 0.492188 0.896094 0.118750 0.135937
7 0.125781 0.755469 0.076563 0.064062
7 0.417187 0.660937 0.078125 0.068750
7 0.462500 0.632812 0.059375 0.084375
2 0.725000 0.852344 0.081250 0.110937
2 0.793750 0.761719 0.165625 0.104688
7 0.907813 0.707031 0.121875 0.120313
7 0.813281 0.616406 0.117188 0.107813
1 0.918750 0.628906 0.053125 0.045312
1 0.952344 0.585938 0.095312 0.100000
1 0.860156 0.378906 0.085938 0.101562
1 0.697656 0.613281 0.060937 0.057813
1 0.567969 0.659375 0.107813 0.090625
7 0.706250 0.678906 0.065625 0.076563
1 0.901563 0.279687 0.106250 0.100000
6 0.928906 0.410938 0.054688 0.050000
6 0.880469 0.463281 0.054688 0.082812
1 0.464062 0.210938 0.040625 0.043750
1 0.577344 0.349219 0.073438 0.070312
1 0.042188 0.363281 0.050000 0.045312
1 0.075781 0.401562 0.135937 0.096875
1 0.203125 0.314844 0.087500 0.101562
2 0.679688 0.756250 0.059375 0.046875
2 0.514844 0.989062 0.032813 0.021875
2 0.613281 0.943750 0.057813 0.065625
7 0.258594 0.766406 0.067187 0.085938
7 0.156250 0.799219 0.087500 0.057813
7 0.306250 0.854688 0.087500 0.090625
6 0.350781 0.610938 0.032813 0.031250
1 0.615625 0.703906 0.062500 0.067187
7 0.532813 0.607812 0.103125 0.106250
2 0.450000 0.517188 0.109375 0.065625
6 0.242969 0.274219 0.051562 0.054688
