1 0.013281 0.983594 0.026562 0.032813
1 0.061719 0.988281 0.070312 0.023438
1 0.249219 0.987500 0.089063 0.025000
2 0.356250 0.985156 0.103125 0.029687
1 0.493750 0.982031 0.100000 0.035937
1 0.343750 0.921875 0.071875 0.106250
4 0.417969 0.969531 0.064062 0.060937
3 0.121094 0.901563 0.132812 0.068750
3 0.074219 0.836719 0.079687 0.076563
3 0.124219 0.812500 0.085938 0.121875
3 0.206250 0.814063 0.103125 0.103125
2 0.712500 0.989844 0.034375 0.020313
2 0.782813 0.968750 0.106250 0.062500
2 0.872656 0.998437 0.010937 0.003125
2 0.007812 0.282813 0.015625 0.053125
3 0.039062 0.921875 0.078125 0.118750
2 0.029687 0.751563 0.059375 0.093750
2 0.203906 0.700781 0.185938 0.176563
1 0.189062 0.653125 0.128125 0.115625
1 0.020313 0.695312 0.040625 0.084375
1 0.006250 0.617969 0.012500 0.045312
1 0.063281 0.574219 0.126562 0.089063
1 0.042969 0.446875 0.085938 0.143750
2 0.132031 0.450781 0.082812 0.117188
2 0.270313 0.249219 0.115625 0.076563
2 0.296875 0.314063 0.112500 0.096875
2 0.328125 0.350781 0.050000 0.048438
2 0.401562 0.285938 0.078125 0.075000
2 0.357812 0.548438 0.078125 0.081250
2 0.387500 0.388281 0.093750 0.092188
1 0.321094 0.613281 0.082812 0.089063
1 0.339844 0.678125 0.085938 0.093750
1 0.313281 0.735938 0.085938 0.118750
2 0.461719 0.672656 0.104688 0.070312
2 0.510938 0.508594 0.193750 0.242188
2 0.514844 0.631250 0.107813 0.062500
1 0.426563 0.640625 0.081250 0.071875
4 0.305469 0.465625 0.079687 0.112500
4 0.385937 0.611719 0.062500 0.054688
4 0.437500 0.588281 0.053125 0.045312
4 0.402344 0.477344 0.082812 0.098437
2 0.617969 0.700781 0.076563 0.079687
2 0.531250 0.885938 0.234375 0.206250
2 0.702344 0.728906 0.117188 0.095312
2 0.683594 0.789844 0.092188 0.095312
2 0.748437 0.833594 0.096875 0.092188
2 0.734375 0.942187 0.115625 0.112500
2 0.874219 0.958594 0.095312 0.082812
1 0.587500 0.981250 0.118750 0.037500
2 0.985938 0.975000 0.028125 0.050000
3 0.770312 0.751563 0.103125 0.093750
1 0.935156 0.786719 0.129688 0.110937
1 0.927344 0.895312 0.145313 0.193750
2 0.973437 0.431250 0.053125 0.084375
2 0.960938 0.482812 0.078125 0.084375
3 0.982031 0.625781 0.035937 0.051562
3 0.955469 0.644531 0.048438 0.060937
1 0.973437 0.577344 0.053125 0.057813
1 0.792969 0.639844 0.085938 0.114062
3 0.885938 0.709375 0.078125 0.065625
3 0.873437 0.524219 0.065625 0.070312
3 0.790625 0.528125 0.096875 0.096875
3 0.725781 0.550000 0.089063 0.115625
3 0.846094 0.480469 0.098437 0.089063
3 0.772656 0.467187 0.085938 0.059375
3 0.842187 0.432812 0.062500 0.056250
3 0.659375 0.561719 0.084375 0.101562
2 0.607031 0.463281 0.064062 0.057813
2 0.618750 0.520312 0.071875 0.090625
1 0.678125 0.367188 0.146875 0.165625
2 0.417969 0.202344 0.239063 0.154688
3 0.282813 0.167969 0.071875 0.067187
2 0.571094 0.138281 0.135937 0.082812
1 0.549219 0.089844 0.051562 0.064062
1 0.596875 0.079687 0.053125 0.059375
1 0.796875 0.146094 0.128125 0.129688
2 0.769531 0.279687 0.048438 0.071875
2 0.757031 0.389844 0.089063 0.089063
2 0.767969 0.331250 0.070312 0.065625
2 0.968750 0.252344 0.062500 0.092188
2 0.998437 0.378125 0.003125 0.025000
2 0.828125 0.335938 0.071875 0.053125
2 0.995313 0.344531 0.009375 0.026562
2 0.998437 0.322656 0.003125 0.007812
2 0.981250 0.078125 0.037500 0.109375
2 0.912500 0.045312 0.059375 0.090625
1 0.853125 0.052344 0.118750 0.095312
1 0.731250 0.042188 0.112500 0.084375
2 0.340625 0.025000 0.168750 0.050000
4 0.371875 0.073438 0.065625 0.068750
3 0.079687 0.003125 0.025000 0.006250
3 0.029687 0.009375 0.056250 0.018750
3 0.077344 0.094531 0.154688 0.089063
3 0.026562 0.034375 0.053125 0.068750
3 0.113281 0.038281 0.073438 0.076563
6 0.099219 0.128125 0.067187 0.050000
4 0.087500 0.171094 0.106250 0.085938
4 0.033594 0.310156 0.067187 0.070312
3 0.285156 0.871875 0.082812 0.059375
3 0.379688 0.722656 0.059375 0.070312
3 0.261719 0.838281 0.057813 0.039062
3 0.316406 0.828125 0.054688 0.050000
3 0.349219 0.817969 0.039062 0.045312
