2 0.313281 0.026562 0.207813 0.053125
2 0.185156 0.033594 0.051562 0.067187
2 0.314063 0.091406 0.237500 0.154688
2 0.388281 0.193750 0.142187 0.184375
2 0.246094 0.189844 0.173437 0.154688
4 0.165625 0.135937 0.096875 0.109375
2 0.050000 0.146094 0.100000 0.145313
1 0.014844 0.296875 0.029687 0.112500
1 0.079687 0.328906 0.156250 0.114062
1 0.041406 0.259375 0.054688 0.075000
2 0.100000 0.253125 0.090625 0.093750
2 0.182812 0.279687 0.125000 0.125000
2 0.096094 0.487500 0.117188 0.162500
1 0.026562 0.421094 0.053125 0.098437
2 0.042969 0.524219 0.085938 0.129688
1 0.028906 0.620313 0.057813 0.103125
2 0.201563 0.558594 0.115625 0.104688
2 0.121875 0.611719 0.103125 0.120313
1 0.042188 0.774219 0.084375 0.217188
1 0.059375 0.945312 0.118750 0.109375
1 0.119531 0.985938 0.085938 0.028125
2 0.271094 0.694531 0.148438 0.167187
1 0.160156 0.717187 0.132812 0.100000
2 0.260156 0.480469 0.073438 0.098437
2 0.296094 0.329688 0.126562 0.109375
2 0.335156 0.432812 0.189062 0.178125
2 0.427344 0.447656 0.126562 0.110937
2 0.505469 0.285156 0.154688 0.157812
2 0.452344 0.275000 0.101562 0.100000
2 0.555469 0.380469 0.217188 0.185938
2 0.436719 0.540625 0.195312 0.159375
2 0.645312 0.512500 0.150000 0.140625
2 0.567969 0.553906 0.098437 0.167187
1 0.254688 0.775000 0.128125 0.134375
1 0.464844 0.753125 0.217188 0.200000
1 0.428125 0.910937 0.184375 0.162500
1 0.523438 0.887500 0.162500 0.184375
1 0.609375 0.954688 0.118750 0.090625
6 0.607812 0.999219 0.015625 0.001563
6 0.519531 0.978125 0.082812 0.043750
1 0.989062 0.578906 0.021875 0.076563
1 0.999219 0.529687 0.001563 0.006250
2 0.832812 0.555469 0.259375 0.195312
1 0.975781 0.410156 0.048438 0.135937
1 0.997656 0.296094 0.004687 0.014063
1 0.846875 0.388281 0.243750 0.210938
1 0.804688 0.207031 0.168750 0.157812
2 0.689844 0.343750 0.229687 0.218750
1 0.946875 0.157812 0.106250 0.118750
1 0.905469 0.083594 0.189062 0.167187
3 0.754687 0.129688 0.118750 0.137500
2 0.636719 0.189844 0.148438 0.126562
2 0.600000 0.075781 0.156250 0.145313
2 0.485938 0.021094 0.115625 0.042188
3 0.467187 0.181250 0.071875 0.100000
1 0.839063 0.036719 0.140625 0.073438
1 0.967187 0.041406 0.065625 0.082812
1 0.945312 0.001563 0.021875 0.003125
2 0.182031 0.834375 0.239063 0.193750
