1 0.878125 0.845313 0.118750 0.128125
3 0.978125 0.831250 0.043750 0.100000
1 0.909375 0.680469 0.181250 0.210938
1 0.996094 0.627344 0.007812 0.020313
1 0.999219 0.600781 0.001563 0.001563
1 0.178906 0.985156 0.110937 0.029687
1 0.233594 0.890625 0.207813 0.218750
1 0.552344 0.957031 0.170313 0.085938
1 0.767969 0.985938 0.095312 0.028125
1 0.914844 0.940625 0.092188 0.109375
6 0.363281 0.835156 0.079687 0.073438
6 0.523438 0.851562 0.121875 0.106250
1 0.693750 0.943750 0.168750 0.112500
1 0.553125 0.696875 0.121875 0.121875
1 0.684375 0.693750 0.209375 0.165625
1 0.685156 0.500781 0.189062 0.164062
1 0.728125 0.599219 0.206250 0.104688
4 0.767188 0.666406 0.106250 0.060937
2 0.978906 0.929688 0.042188 0.046875
2 0.945312 0.503125 0.109375 0.171875
2 0.881250 0.494531 0.175000 0.164062
2 0.978906 0.387500 0.042188 0.071875
1 0.779687 0.203906 0.218750 0.260937
2 0.554688 0.338281 0.100000 0.117188
1 0.577344 0.182812 0.239063 0.168750
1 0.692187 0.072656 0.125000 0.104688
1 0.982031 0.171094 0.035937 0.104688
1 0.838281 0.389844 0.282813 0.210938
2 0.617188 0.027344 0.175000 0.054688
2 0.804688 0.038281 0.184375 0.076563
1 0.955469 0.010937 0.089063 0.021875
3 0.928125 0.100781 0.128125 0.079687
1 0.903125 0.056250 0.103125 0.087500
6 0.409375 0.225781 0.037500 0.064062
2 0.346875 0.168750 0.181250 0.131250
1 0.466406 0.028125 0.107813 0.056250
3 0.472656 0.043750 0.129688 0.081250
1 0.361719 0.014844 0.123438 0.029687
4 0.006250 0.997656 0.012500 0.004687
1 0.063281 0.930469 0.126562 0.139063
1 0.200000 0.786719 0.106250 0.139063
1 0.124219 0.747656 0.095312 0.132812
1 0.296094 0.528125 0.110937 0.100000
1 0.241406 0.415625 0.114062 0.150000
1 0.133594 0.514844 0.229687 0.267188
6 0.425000 0.489063 0.062500 0.053125
6 0.438281 0.567187 0.089063 0.106250
6 0.267969 0.661719 0.170313 0.176563
1 0.003906 0.724219 0.007812 0.035937
1 0.007031 0.683594 0.014063 0.029687
1 0.079687 0.251563 0.159375 0.290625
2 0.027344 0.003906 0.017188 0.007812
2 0.339062 0.074219 0.106250 0.101562
