1 0.655469 0.960156 0.117188 0.079687
7 0.414062 0.979688 0.115625 0.040625
7 0.475781 0.970313 0.085938 0.059375
7 0.050781 0.902344 0.101562 0.173437
7 0.025781 0.828906 0.051562 0.092188
7 0.127344 0.937500 0.132812 0.125000
2 0.109375 0.693750 0.112500 0.062500
1 0.000000 0.594531 0.000000 0.020313
2 0.384375 0.792188 0.143750 0.140625
2 0.240625 0.579688 0.071875 0.065625
7 0.719531 0.650000 0.092188 0.093750
7 0.560937 0.657813 0.093750 0.090625
7 0.628125 0.599219 0.118750 0.067187
7 0.628125 0.540625 0.121875 0.071875
7 0.625000 0.647656 0.065625 0.023438
1 0.800781 0.639062 0.107813 0.112500
1 0.402344 0.551562 0.079687 0.068750
7 0.876563 0.940625 0.115625 0.118750
7 0.732031 0.893750 0.107813 0.087500
7 0.987500 0.508594 0.025000 0.098437
7 0.883594 0.591406 0.073438 0.095312
2 0.814844 0.490625 0.145313 0.128125
6 0.914844 0.502344 0.076563 0.092188
6 0.935937 0.840625 0.053125 0.050000
2 0.960938 0.651563 0.078125 0.087500
1 0.455469 0.397656 0.082812 0.126562
1 0.439844 0.472656 0.054688 0.048438
7 0.659375 0.325000 0.059375 0.059375
7 0.953125 0.329688 0.093750 0.143750
6 0.733594 0.252344 0.035937 0.039062
6 0.706250 0.347656 0.037500 0.039062
7 0.994531 0.267188 0.010937 0.009375
7 0.991406 0.121875 0.017188 0.021875
7 0.993750 0.096094 0.012500 0.023438
6 0.909375 0.103125 0.056250 0.050000
6 0.975781 0.107031 0.048438 0.042188
7 0.300000 0.016406 0.075000 0.032813
7 0.211719 0.145313 0.057813 0.062500
7 0.025781 0.023438 0.039062 0.046875
6 0.094531 0.000000 0.004687 0.000000
6 0.429688 0.157031 0.059375 0.076563
1 0.567969 0.161719 0.051562 0.073438
1 0.730469 0.222656 0.039062 0.039062
2 0.730469 0.054688 0.057813 0.075000
2 0.792188 0.032813 0.071875 0.065625
1 0.625781 0.062500 0.042188 0.040625
2 0.803125 0.067969 0.059375 0.054688
2 0.739844 0.025000 0.079687 0.050000
1 0.941406 0.075781 0.057813 0.076563
2 0.214062 0.751563 0.081250 0.065625
1 0.350781 0.993750 0.017188 0.012500
1 0.315625 0.987500 0.031250 0.025000
1 0.225781 0.639844 0.054688 0.064062
2 0.362500 0.861719 0.081250 0.085938
6 0.394531 0.675781 0.060937 0.048438
6 0.468750 0.740625 0.056250 0.100000
6 0.491406 0.539062 0.042188 0.043750
6 0.342969 0.918750 0.023438 0.037500
7 0.942969 0.738281 0.114062 0.098437
6 0.727344 0.450000 0.057813 0.050000
