7 0.673438 0.235156 0.084375 0.095312
7 0.595313 0.173437 0.096875 0.115625
7 0.959375 0.184375 0.081250 0.090625
7 0.728906 0.121094 0.098437 0.089063
7 0.018750 0.305469 0.037500 0.064062
7 0.055469 0.352344 0.073438 0.070312
1 0.642969 0.422656 0.082812 0.060937
7 0.579688 0.298438 0.103125 0.125000
7 0.605469 0.360156 0.089063 0.073438
7 0.639844 0.299219 0.048438 0.095312
1 0.469531 0.321875 0.114062 0.125000
7 0.045312 0.425000 0.081250 0.093750
6 0.306250 0.388281 0.040625 0.039062
7 0.224219 0.339062 0.076563 0.068750
7 0.274219 0.344531 0.060937 0.064062
1 0.246875 0.277344 0.096875 0.098437
1 0.290625 0.215625 0.081250 0.065625
7 0.419531 0.295312 0.073438 0.093750
7 0.395313 0.266406 0.068750 0.076563
7 0.370312 0.225000 0.075000 0.075000
7 0.373437 0.366406 0.100000 0.098437
7 0.349219 0.450000 0.173437 0.090625
7 0.554688 0.471875 0.087500 0.065625
7 0.090625 0.464844 0.065625 0.064062
7 0.996094 0.140625 0.007812 0.021875
1 0.981250 0.051562 0.037500 0.093750
1 0.964063 0.083594 0.071875 0.114062
1 0.891406 0.068750 0.129688 0.106250
1 0.996875 0.002344 0.006250 0.004687
1 0.895312 0.013281 0.121875 0.026562
1 0.801562 0.005469 0.046875 0.010937
7 0.434375 0.170313 0.121875 0.096875
7 0.458594 0.205469 0.114062 0.085938
7 0.481250 0.239844 0.068750 0.060937
7 0.050000 0.232031 0.100000 0.123438
7 0.641406 0.117969 0.151562 0.151562
7 0.008594 0.436719 0.017188 0.054688
7 0.032813 0.471094 0.065625 0.054688
1 0.126562 0.180469 0.059375 0.070312
1 0.159375 0.246094 0.068750 0.067187
7 0.103125 0.245312 0.056250 0.059375
7 0.264062 0.139844 0.081250 0.092188
1 0.196094 0.131250 0.114062 0.134375
7 0.161719 0.041406 0.101562 0.082812
7 0.096094 0.057813 0.045312 0.050000
7 0.127344 0.016406 0.060937 0.032813
1 0.412500 0.111719 0.109375 0.117188
1 0.405469 0.051562 0.198437 0.103125
1 0.382812 0.003125 0.031250 0.006250
1 0.513281 0.018750 0.048438 0.037500
