2 0.616406 0.621094 0.101562 0.098437
1 0.743750 0.644531 0.115625 0.104688
1 0.703125 0.710156 0.125000 0.126562
2 0.718750 0.575000 0.112500 0.090625
1 0.841406 0.166406 0.135937 0.182812
1 0.928906 0.205469 0.117188 0.135937
1 0.839063 0.011719 0.046875 0.023438
1 0.923438 0.043750 0.125000 0.087500
1 0.617188 0.263281 0.084375 0.101562
1 0.713281 0.318750 0.104688 0.081250
1 0.666406 0.362500 0.076563 0.068750
2 0.980469 0.251563 0.039062 0.078125
2 0.999219 0.212500 0.001563 0.003125
2 0.981250 0.309375 0.037500 0.046875
2 0.980469 0.341406 0.039062 0.035937
2 0.954688 0.358594 0.090625 0.089063
2 0.996875 0.397656 0.006250 0.020313
1 0.342969 0.754687 0.123438 0.146875
1 0.435937 0.873437 0.175000 0.215625
1 0.310156 0.875781 0.154688 0.129688
1 0.295312 0.964063 0.068750 0.071875
2 0.592187 0.324219 0.093750 0.067187
2 0.595313 0.383594 0.087500 0.070312
2 0.614844 0.434375 0.089063 0.078125
2 0.730469 0.407813 0.142187 0.153125
1 0.803125 0.477344 0.115625 0.145313
1 0.936719 0.465625 0.126562 0.146875
1 0.646094 0.508594 0.148438 0.145313
1 0.521094 0.525781 0.107813 0.107813
1 0.476562 0.462500 0.084375 0.096875
1 0.528906 0.610938 0.132812 0.093750
1 0.482031 0.700781 0.095312 0.101562
7 0.549219 0.725781 0.154688 0.139063
1 0.610938 0.866406 0.078125 0.129688
1 0.564844 0.941406 0.089063 0.117188
1 0.650781 0.953125 0.129688 0.093750
1 0.505469 0.972656 0.054688 0.054688
2 0.877344 0.402344 0.104688 0.092188
1 0.902344 0.561719 0.148438 0.129688
2 0.967187 0.624219 0.065625 0.126562
2 0.798438 0.707812 0.084375 0.093750
2 0.847656 0.742188 0.073438 0.081250
2 0.875000 0.822656 0.078125 0.139063
7 0.747656 0.783594 0.132812 0.089063
2 0.696875 0.858594 0.065625 0.095312
2 0.728906 0.838281 0.079687 0.060937
2 0.797656 0.836719 0.073438 0.067187
2 0.767188 0.864844 0.040625 0.039062
2 0.907813 0.803906 0.031250 0.070312
1 0.967969 0.731250 0.064062 0.103125
1 0.933594 0.939063 0.132812 0.121875
2 0.804688 0.917969 0.112500 0.104688
2 0.715625 0.970313 0.071875 0.059375
2 0.381250 0.988281 0.115625 0.023438
2 0.840625 0.313281 0.146875 0.114062
1 0.938281 0.778906 0.123438 0.164062
