1 0.006250 0.764062 0.012500 0.056250
1 0.034375 0.642188 0.068750 0.175000
1 0.000000 0.400781 0.000000 0.017188
1 0.002344 0.377344 0.004687 0.026562
1 0.020313 0.184375 0.040625 0.112500
1 0.087500 0.417969 0.175000 0.189062
1 0.246094 0.454688 0.223438 0.212500
2 0.226562 0.271094 0.184375 0.223438
1 0.102344 0.048438 0.120313 0.096875
1 0.069531 0.011719 0.039062 0.023438
4 0.172656 0.164062 0.173437 0.156250
1 0.222656 0.018750 0.145313 0.037500
1 0.358594 0.058594 0.154688 0.117188
3 0.722656 0.038281 0.126562 0.076563
