1 0.019531 0.117188 0.039062 0.096875
2 0.078125 0.000781 0.006250 0.001563
2 0.032031 0.018750 0.064062 0.037500
2 0.421094 0.430469 0.173437 0.170313
2 0.387500 0.357812 0.278125 0.200000
2 0.467969 0.234375 0.164062 0.140625
4 0.403125 0.666406 0.112500 0.154688
2 0.375000 0.498437 0.187500 0.168750
2 0.213281 0.530469 0.179688 0.270313
1 0.575000 0.492188 0.312500 0.409375
1 0.153906 0.205469 0.229687 0.148438
2 0.379688 0.183594 0.143750 0.167187
2 0.288281 0.195312 0.107813 0.087500
2 0.293750 0.087500 0.178125 0.175000
1 0.444531 0.175781 0.089063 0.051562
1 0.514844 0.106250 0.160938 0.128125
1 0.454688 0.050000 0.087500 0.096875
2 0.664844 0.058594 0.198437 0.117188
7 0.564844 0.025781 0.135937 0.051562
1 0.214062 0.799219 0.228125 0.239063
1 0.210156 0.310937 0.242188 0.153125
2 0.919531 0.156250 0.079687 0.084375
1 0.983594 0.010156 0.032813 0.020313
