7 0.122656 0.955469 0.073438 0.079687
1 0.256250 0.971875 0.071875 0.056250
2 0.047656 0.943750 0.095312 0.065625
7 0.117969 0.892188 0.060937 0.065625
2 0.044531 0.889844 0.042188 0.054688
1 0.082812 0.841406 0.078125 0.101562
1 0.116406 0.793750 0.114062 0.121875
1 0.010937 0.815625 0.021875 0.065625
1 0.066406 0.725000 0.107813 0.109375
1 0.024219 0.659375 0.048438 0.109375
1 0.176563 0.696094 0.078125 0.082812
3 0.242969 0.759375 0.051562 0.096875
1 0.265625 0.753125 0.046875 0.071875
7 0.394531 0.734375 0.120313 0.112500
1 0.402344 0.602344 0.082812 0.101562
1 0.021094 0.199219 0.042188 0.073438
1 0.042969 0.287500 0.085938 0.125000
2 0.035156 0.057813 0.070312 0.115625
1 0.363281 0.029687 0.123438 0.059375
1 0.551562 0.068750 0.168750 0.137500
1 0.620313 0.143750 0.159375 0.146875
1 0.692969 0.199219 0.085938 0.079687
1 0.931250 0.028906 0.137500 0.057813
7 0.736719 0.024219 0.098437 0.048438
2 0.439844 0.025781 0.082812 0.051562
2 0.317969 0.086719 0.164062 0.117188
2 0.288281 0.137500 0.101562 0.096875
2 0.250781 0.200000 0.107813 0.106250
2 0.425781 0.113281 0.107813 0.098437
2 0.457813 0.217188 0.100000 0.128125
2 0.381250 0.222656 0.084375 0.092188
2 0.326562 0.254688 0.112500 0.150000
2 0.292969 0.348438 0.120313 0.128125
2 0.135156 0.335938 0.139063 0.184375
1 0.141406 0.151562 0.192188 0.231250
1 0.204687 0.362500 0.115625 0.200000
2 0.042188 0.447656 0.084375 0.145313
1 0.192969 0.563281 0.120313 0.120313
2 0.002344 0.496875 0.004687 0.018750
7 0.300781 0.471094 0.117188 0.132812
3 0.356250 0.512500 0.096875 0.115625
3 0.569531 0.288281 0.107813 0.092188
2 0.783594 0.384375 0.110937 0.087500
1 0.514062 0.517188 0.137500 0.118750
1 0.568750 0.410156 0.100000 0.110937
1 0.425000 0.349219 0.106250 0.092188
3 0.753906 0.485938 0.132812 0.109375
7 0.520312 0.628125 0.106250 0.121875
7 0.614844 0.601562 0.110937 0.125000
1 0.300000 0.556250 0.071875 0.068750
1 0.438281 0.555469 0.067187 0.101562
3 0.648438 0.421875 0.090625 0.078125
2 0.970313 0.506250 0.059375 0.078125
3 0.947656 0.583594 0.104688 0.135937
1 0.848437 0.271094 0.196875 0.167187
1 0.885938 0.444531 0.156250 0.148438
1 0.958594 0.306250 0.082812 0.162500
2 0.970313 0.433594 0.059375 0.079687
1 0.994531 0.984375 0.010937 0.031250
1 0.941406 0.936719 0.117188 0.126562
1 0.934375 0.834375 0.087500 0.103125
1 0.966406 0.819531 0.067187 0.132812
4 0.249219 0.028125 0.129688 0.056250
7 0.846875 0.867969 0.112500 0.120313
3 0.667188 0.992188 0.053125 0.015625
2 0.535937 0.955469 0.062500 0.085938
7 0.321094 0.936719 0.135937 0.126562
7 0.417187 0.934375 0.081250 0.087500
7 0.450781 0.864844 0.148438 0.139063
7 0.688281 0.729688 0.123438 0.109375
1 0.603906 0.862500 0.114062 0.156250
1 0.537500 0.897656 0.043750 0.042188
2 0.656250 0.803125 0.100000 0.096875
1 0.808594 0.619531 0.139063 0.114062
1 0.924219 0.702344 0.135937 0.139063
1 0.856250 0.757031 0.181250 0.148438
1 0.840625 0.659375 0.062500 0.062500
3 0.659375 0.494531 0.078125 0.098437
3 0.608594 0.510938 0.051562 0.068750
1 0.946094 0.103125 0.107813 0.134375
3 0.992969 0.396875 0.014063 0.021875
3 0.718750 0.269531 0.062500 0.064062
1 0.774219 0.208594 0.117188 0.126562
3 0.581250 0.244531 0.031250 0.048438
3 0.545312 0.226562 0.062500 0.059375
2 0.760156 0.103125 0.120313 0.125000
2 0.839844 0.045312 0.114062 0.090625
4 0.645312 0.971094 0.046875 0.057813
3 0.249219 0.545312 0.076563 0.140625
