2 0.442969 0.925000 0.239063 0.150000
2 0.601562 0.971875 0.125000 0.056250
1 0.850000 0.804688 0.156250 0.178125
1 0.942187 0.764062 0.115625 0.206250
1 0.689844 0.871875 0.198437 0.203125
1 0.270313 0.784375 0.087500 0.103125
1 0.407813 0.780469 0.165625 0.145313
2 0.577344 0.664844 0.160938 0.164062
1 0.811719 0.523438 0.117188 0.118750
1 0.900781 0.646094 0.126562 0.160938
1 0.708594 0.632031 0.145313 0.114062
2 0.992188 0.655469 0.015625 0.023438
2 0.990625 0.625000 0.018750 0.025000
1 0.650781 0.501563 0.173437 0.171875
1 0.275781 0.567187 0.151562 0.215625
2 0.135937 0.521094 0.196875 0.185938
2 0.196094 0.444531 0.076563 0.079687
2 0.424219 0.368750 0.182812 0.200000
2 0.272656 0.352344 0.173437 0.207813
1 0.590625 0.369531 0.146875 0.135937
1 0.694531 0.395313 0.076563 0.078125
1 0.681250 0.278906 0.100000 0.123438
1 0.769531 0.417969 0.095312 0.123438
1 0.560937 0.206250 0.146875 0.134375
1 0.627344 0.127344 0.110937 0.114062
1 0.394531 0.189844 0.129688 0.242188
1 0.488281 0.068750 0.135937 0.137500
2 0.257812 0.035156 0.090625 0.070312
2 0.166406 0.032813 0.104688 0.065625
1 0.984375 0.010156 0.031250 0.020313
2 0.726562 0.042188 0.150000 0.084375
2 0.471094 0.001563 0.004687 0.003125
1 0.953906 0.153906 0.085938 0.098437
1 0.985938 0.358594 0.028125 0.107813
1 0.910937 0.284375 0.087500 0.075000
1 0.950781 0.353906 0.073438 0.085938
1 0.864062 0.409375 0.118750 0.134375
1 0.894531 0.482812 0.064062 0.056250
2 0.995313 0.997656 0.009375 0.004687
2 0.924219 0.470313 0.151562 0.150000
