2 0.959375 0.933594 0.081250 0.132812
1 0.520312 0.836719 0.137500 0.107813
1 0.295312 0.920312 0.243750 0.159375
2 0.330469 0.986719 0.085938 0.026562
1 0.021094 0.902344 0.042188 0.120313
2 0.169531 0.992969 0.045312 0.014063
2 0.058594 0.680469 0.117188 0.229687
1 0.943750 0.810156 0.084375 0.095312
1 0.899219 0.751563 0.104688 0.103125
2 0.976562 0.828125 0.046875 0.093750
2 0.933594 0.495312 0.132812 0.271875
2 0.765625 0.727344 0.090625 0.101562
1 0.773438 0.608594 0.109375 0.123438
1 0.822656 0.566406 0.145313 0.123438
1 0.839063 0.453125 0.090625 0.140625
3 0.960938 0.260937 0.078125 0.200000
3 0.756250 0.406250 0.128125 0.121875
3 0.661719 0.353906 0.114062 0.139063
3 0.346875 0.403125 0.112500 0.143750
3 0.418750 0.405469 0.093750 0.129688
1 0.541406 0.207813 0.217188 0.175000
1 0.550781 0.091406 0.239063 0.182812
1 0.459375 0.322656 0.100000 0.114062
1 0.135156 0.290625 0.126562 0.109375
1 0.084375 0.352344 0.118750 0.132812
1 0.046875 0.257812 0.093750 0.100000
1 0.020313 0.350781 0.040625 0.145313
1 0.153125 0.436719 0.159375 0.176563
1 0.271875 0.286719 0.106250 0.132812
4 0.408594 0.239844 0.082812 0.104688
2 0.024219 0.000781 0.007812 0.001563
2 0.008594 0.003906 0.017188 0.007812
4 0.058594 0.222656 0.101562 0.057813
4 0.139063 0.004687 0.025000 0.009375
4 0.092188 0.000781 0.006250 0.001563
4 0.073438 0.000000 0.009375 0.000000
4 0.033594 0.004687 0.039062 0.009375
1 0.400000 0.013281 0.096875 0.026562
4 0.292187 0.121875 0.081250 0.062500
2 0.721875 0.084375 0.131250 0.109375
2 0.710156 0.028125 0.101562 0.056250
1 0.871094 0.069531 0.120313 0.120313
1 0.877344 0.010156 0.070312 0.020313
1 0.942187 0.003125 0.040625 0.006250
1 0.950000 0.048438 0.096875 0.096875
1 0.967187 0.028906 0.065625 0.057813
