7 0.588281 0.235937 0.101562 0.090625
7 0.281250 0.225781 0.056250 0.064062
7 0.628906 0.318750 0.076563 0.071875
7 0.600781 0.407031 0.082812 0.095312
7 0.654687 0.438281 0.159375 0.126562
7 0.651563 0.518750 0.125000 0.090625
7 0.433594 0.577344 0.089063 0.082812
7 0.432031 0.650781 0.082812 0.076563
7 0.107813 0.568750 0.087500 0.096875
7 0.013281 0.434375 0.026562 0.087500
7 0.000000 0.384375 0.000000 0.003125
7 0.226562 0.246875 0.075000 0.056250
7 0.174219 0.205469 0.064062 0.048438
7 0.172656 0.164844 0.067187 0.051562
2 0.903125 0.589844 0.043750 0.054688
6 0.985156 0.475781 0.029687 0.029687
6 0.653125 0.930469 0.028125 0.035937
1 0.457031 0.664844 0.089063 0.070312
1 0.547656 0.692187 0.064062 0.071875
1 0.528125 0.632812 0.062500 0.053125
1 0.584375 0.599219 0.068750 0.048438
1 0.267969 0.667188 0.054688 0.078125
1 0.285156 0.628125 0.054688 0.065625
1 0.337500 0.579688 0.078125 0.065625
1 0.739844 0.576562 0.057813 0.115625
1 0.492188 0.603906 0.059375 0.060937
1 0.529687 0.556250 0.106250 0.096875
2 0.784375 0.439063 0.075000 0.081250
1 0.482812 0.232031 0.087500 0.082812
1 0.839844 0.382812 0.051562 0.053125
1 0.797656 0.263281 0.092188 0.082812
6 0.092969 0.141406 0.032813 0.039062
1 0.050781 0.407813 0.054688 0.043750
1 0.091406 0.494531 0.057813 0.073438
1 0.049219 0.484375 0.079687 0.100000
6 0.178906 0.268750 0.042188 0.050000
7 0.286719 0.470313 0.076563 0.087500
6 0.297656 0.339844 0.032813 0.035937
