1 0.031250 0.053125 0.062500 0.106250
1 0.555469 0.235937 0.201563 0.187500
1 0.589063 0.027344 0.071875 0.054688
1 0.646875 0.090625 0.125000 0.146875
6 0.057031 0.328125 0.098437 0.103125
6 0.501563 0.036719 0.090625 0.073438
2 0.403125 0.050000 0.150000 0.100000
2 0.272656 0.067187 0.210938 0.134375
2 0.689063 0.160156 0.140625 0.085938
2 0.155469 0.139844 0.114062 0.079687
2 0.051562 0.163281 0.103125 0.142187
2 0.228125 0.232813 0.081250 0.103125
2 0.132812 0.267969 0.175000 0.135937
2 0.146094 0.409375 0.148438 0.150000
1 0.048438 0.438281 0.096875 0.167187
1 0.002344 0.359375 0.004687 0.012500
1 0.300781 0.389844 0.167187 0.154688
1 0.205469 0.484375 0.085938 0.121875
6 0.174219 0.338281 0.129688 0.145313
6 0.101562 0.495312 0.084375 0.084375
7 0.645312 0.393750 0.090625 0.096875
7 0.571875 0.405469 0.128125 0.145313
7 0.596875 0.510156 0.128125 0.095312
7 0.336719 0.504687 0.117188 0.103125
2 0.122656 0.917969 0.079687 0.085938
2 0.179688 0.938281 0.046875 0.073438
2 0.000781 0.625000 0.001563 0.028125
2 0.028125 0.675000 0.056250 0.078125
2 0.040625 0.593750 0.050000 0.084375
2 0.124219 0.792969 0.076563 0.048438
2 0.291406 0.598437 0.160938 0.221875
2 0.386719 0.957812 0.095312 0.084375
2 0.635156 0.653125 0.179688 0.193750
6 0.021875 0.631250 0.031250 0.025000
7 0.045312 0.783594 0.090625 0.098437
7 0.525781 0.843750 0.223438 0.165625
7 0.401562 0.711719 0.103125 0.067187
7 0.450000 0.557031 0.121875 0.079687
1 0.151562 0.588281 0.146875 0.173437
1 0.468750 0.947656 0.096875 0.082812
1 0.697656 0.777344 0.117188 0.107813
1 0.047656 0.922656 0.095312 0.098437
1 0.065625 0.846094 0.115625 0.057813
1 0.154688 0.833594 0.096875 0.067187
1 0.178906 0.982031 0.079687 0.035937
1 0.658594 0.991406 0.023438 0.017188
2 0.559375 0.997656 0.015625 0.004687
2 0.509375 0.071094 0.140625 0.082812
2 0.528125 0.017969 0.068750 0.035937
1 0.739062 0.016406 0.084375 0.032813
1 0.781250 0.000000 0.000000 0.000000
1 0.828906 0.481250 0.198437 0.131250
1 0.853125 0.395313 0.153125 0.096875
1 0.975000 0.464844 0.050000 0.145313
6 0.982031 0.302344 0.035937 0.067187
2 0.807031 0.731250 0.132812 0.131250
7 0.939063 0.581250 0.121875 0.128125
7 0.702344 0.599219 0.089063 0.095312
7 0.706250 0.893750 0.159375 0.150000
7 0.854688 0.831250 0.125000 0.112500
7 0.926562 0.805469 0.068750 0.073438
1 0.941406 0.504687 0.085938 0.059375
1 0.969531 0.649219 0.060937 0.132812
1 0.954688 0.920312 0.081250 0.125000
1 0.989844 0.962500 0.020313 0.075000
1 0.821094 0.989062 0.073438 0.021875
7 0.807813 0.941406 0.112500 0.095312
1 0.531250 0.968750 0.084375 0.062500
