1 0.211719 0.972656 0.092188 0.054688
1 0.163281 0.955469 0.089063 0.089063
1 0.083594 0.955469 0.098437 0.089063
1 0.021875 0.984375 0.043750 0.031250
2 0.478906 0.992969 0.020313 0.014063
2 0.421094 0.984375 0.073438 0.031250
2 0.509375 0.924219 0.165625 0.151562
2 0.689063 0.969531 0.162500 0.060937
1 0.062500 0.874219 0.125000 0.204687
1 0.301563 0.919531 0.193750 0.160938
1 0.184375 0.857031 0.143750 0.164062
1 0.411719 0.894531 0.114062 0.173437
1 0.582031 0.830469 0.239063 0.276562
1 0.310156 0.767969 0.223438 0.198437
2 0.976562 0.981250 0.046875 0.037500
2 0.925000 0.914844 0.143750 0.157812
2 0.996094 0.944531 0.007812 0.039062
1 0.942187 0.859375 0.115625 0.137500
2 0.030469 0.615625 0.060937 0.156250
2 0.012500 0.436719 0.025000 0.076563
2 0.000000 0.386719 0.000000 0.001563
1 0.031250 0.000000 0.006250 0.000000
1 0.185156 0.732031 0.073438 0.120313
1 0.076563 0.705469 0.134375 0.098437
3 0.121875 0.499219 0.081250 0.089063
3 0.099219 0.596094 0.104688 0.117188
1 0.569531 0.657813 0.210938 0.168750
1 0.513281 0.520312 0.189062 0.190625
3 0.387500 0.670312 0.118750 0.075000
1 0.404687 0.485156 0.178125 0.189062
1 0.172656 0.224219 0.292187 0.257812
1 0.533594 0.289062 0.279687 0.250000
1 0.622656 0.177344 0.217188 0.192188
1 0.820312 0.973437 0.106250 0.053125
2 0.875000 0.697656 0.225000 0.214062
1 0.973437 0.761719 0.053125 0.089063
1 0.983594 0.689063 0.032813 0.090625
2 0.960156 0.598437 0.079687 0.153125
1 0.966406 0.412500 0.067187 0.106250
1 0.885156 0.150781 0.229687 0.270313
2 0.671094 0.060156 0.132812 0.114062
1 0.740625 0.024219 0.165625 0.048438
1 0.610938 0.021094 0.115625 0.042188
6 0.995313 0.318750 0.009375 0.021875
6 0.998437 0.277344 0.003125 0.014063
