1 0.908594 0.100781 0.182812 0.201563
1 0.993750 0.161719 0.012500 0.017188
1 0.921875 0.220312 0.156250 0.118750
2 0.765625 0.105469 0.162500 0.157812
1 0.794531 0.017969 0.117188 0.035937
1 0.692969 0.026562 0.101562 0.053125
2 0.619531 0.079687 0.214062 0.159375
1 0.564063 0.131250 0.175000 0.175000
1 0.485156 0.012500 0.089063 0.025000
1 0.412500 0.075781 0.209375 0.151562
2 0.436719 0.177344 0.151562 0.148438
2 0.635938 0.330469 0.128125 0.126562
2 0.710156 0.260156 0.160938 0.117188
2 0.958594 0.364063 0.082812 0.096875
1 0.972656 0.486719 0.054688 0.135937
1 0.721875 0.368750 0.162500 0.115625
2 0.971875 0.715625 0.056250 0.193750
2 0.780469 0.179688 0.151562 0.121875
2 0.365625 0.521094 0.221875 0.189062
1 0.446094 0.403906 0.179688 0.170313
2 0.789062 0.612500 0.112500 0.159375
2 0.647656 0.657813 0.204687 0.181250
2 0.579688 0.538281 0.215625 0.129688
2 0.678906 0.503906 0.114062 0.114062
2 0.751563 0.493750 0.081250 0.106250
2 0.675781 0.759375 0.139063 0.165625
2 0.916406 0.800000 0.167187 0.168750
1 0.853125 0.898438 0.137500 0.181250
2 0.828906 0.972656 0.192188 0.054688
2 0.491406 0.683594 0.170313 0.123438
1 0.427344 0.793750 0.229687 0.243750
2 0.267969 0.050781 0.114062 0.101562
2 0.232031 0.025781 0.120313 0.051562
2 0.242969 0.126562 0.089063 0.071875
2 0.286719 0.192969 0.098437 0.120313
2 0.204687 0.212500 0.100000 0.153125
2 0.135937 0.282031 0.193750 0.235937
2 0.163281 0.412500 0.276562 0.212500
2 0.064844 0.245312 0.126562 0.131250
2 0.023438 0.199219 0.046875 0.082812
2 0.033594 0.287500 0.067187 0.096875
2 0.028906 0.403125 0.057813 0.143750
2 0.000000 0.342187 0.000000 0.003125
2 0.090625 0.550000 0.181250 0.156250
2 0.075781 0.686719 0.151562 0.123438
2 0.089063 0.791406 0.131250 0.126562
4 0.189844 0.675000 0.104688 0.121875
2 0.235937 0.621875 0.134375 0.137500
1 0.296875 0.725000 0.156250 0.209375
2 0.173437 0.742969 0.128125 0.167187
2 0.207031 0.846094 0.129688 0.142187
2 0.101562 0.916406 0.196875 0.151562
2 0.958594 0.571094 0.082812 0.079687
2 0.767188 0.721094 0.115625 0.135937
2 0.761719 0.850781 0.098437 0.132812
4 0.999219 0.925000 0.001563 0.006250
4 0.997656 0.905469 0.004687 0.014063
1 0.673438 0.949219 0.165625 0.101562
1 0.006250 0.709375 0.012500 0.034375
1 0.021094 0.650781 0.042188 0.073438
2 0.207031 0.983594 0.089063 0.032813
3 0.029687 0.976562 0.059375 0.046875
2 0.227344 0.954688 0.067187 0.084375
2 0.348438 0.950781 0.062500 0.098437
6 0.043750 0.995313 0.012500 0.009375
6 0.079687 0.994531 0.025000 0.010937
2 0.472656 0.977344 0.117188 0.045312
2 0.550000 0.996094 0.037500 0.007812
2 0.782813 0.917188 0.087500 0.081250
