2 0.989062 0.200000 0.021875 0.128125
1 0.953125 0.082031 0.093750 0.164062
2 0.975781 0.567187 0.048438 0.068750
1 0.900000 0.004687 0.056250 0.009375
2 0.681250 0.031250 0.156250 0.062500
1 0.663281 0.132812 0.129688 0.193750
1 0.596094 0.193750 0.145313 0.150000
1 0.530469 0.232813 0.082812 0.078125
1 0.529687 0.313281 0.071875 0.139063
1 0.928125 0.344531 0.143750 0.173437
1 0.442188 0.273438 0.115625 0.093750
1 0.892969 0.241406 0.142187 0.164062
2 0.892969 0.130469 0.082812 0.079687
2 0.761719 0.139844 0.123438 0.198437
2 0.653125 0.330469 0.193750 0.167187
2 0.878906 0.467187 0.173437 0.234375
2 0.376563 0.010937 0.156250 0.021875
2 0.479687 0.138281 0.193750 0.157812
2 0.362500 0.078125 0.184375 0.156250
2 0.344531 0.154688 0.154688 0.118750
2 0.271094 0.044531 0.079687 0.089063
2 0.239844 0.096094 0.110937 0.101562
1 0.704688 0.530469 0.131250 0.148438
1 0.968750 0.678125 0.062500 0.171875
1 0.730469 0.650000 0.139063 0.121875
1 0.839063 0.796094 0.321875 0.264062
1 0.939844 0.958594 0.104688 0.082812
3 0.983594 0.889844 0.032813 0.070312
2 0.963281 0.866406 0.057813 0.079687
2 0.830469 0.927344 0.135937 0.073438
4 0.768750 0.901563 0.103125 0.096875
2 0.720313 0.857812 0.128125 0.125000
2 0.677344 0.911719 0.089063 0.060937
1 0.428906 0.973437 0.167187 0.053125
2 0.691406 0.976562 0.085938 0.046875
2 0.621875 0.949219 0.109375 0.101562
1 0.816406 0.971094 0.160938 0.057813
3 0.353906 0.862500 0.114062 0.165625
3 0.445312 0.879687 0.078125 0.081250
1 0.342969 0.751563 0.151562 0.143750
1 0.517188 0.772656 0.078125 0.095312
2 0.472656 0.817187 0.073438 0.084375
1 0.571875 0.684375 0.071875 0.075000
2 0.442188 0.788281 0.093750 0.110937
2 0.215625 0.816406 0.196875 0.189062
2 0.310937 0.928125 0.056250 0.068750
3 0.280469 0.958594 0.092188 0.073438
3 0.127344 0.828125 0.070312 0.093750
3 0.082031 0.882812 0.082812 0.050000
1 0.499219 0.671875 0.170313 0.159375
1 0.160938 0.704688 0.153125 0.128125
1 0.055469 0.689844 0.110937 0.151562
1 0.121875 0.617188 0.112500 0.115625
1 0.446094 0.510156 0.129688 0.079687
1 0.307812 0.557031 0.225000 0.204687
3 0.258594 0.694531 0.076563 0.089063
1 0.337500 0.667969 0.112500 0.082812
1 0.207813 0.471094 0.206250 0.232813
1 0.242969 0.366406 0.148438 0.185938
1 0.078906 0.336719 0.157812 0.270313
2 0.522656 0.500000 0.098437 0.075000
2 0.117188 0.260937 0.131250 0.137500
1 0.259375 0.266406 0.150000 0.167187
1 0.058594 0.042969 0.117188 0.085938
1 0.147656 0.132031 0.126562 0.117188
1 0.042188 0.126562 0.084375 0.143750
1 0.146875 0.928906 0.184375 0.142187
3 0.249219 0.977344 0.067187 0.045312
3 0.285156 0.992969 0.017188 0.014063
3 0.221875 0.993750 0.025000 0.012500
2 0.088281 0.981250 0.032813 0.037500
2 0.043750 0.953125 0.087500 0.093750
2 0.029687 0.479687 0.059375 0.075000
3 0.003125 0.560156 0.006250 0.023438
3 0.016406 0.610156 0.032813 0.039062
3 0.019531 0.541406 0.039062 0.057813
3 0.030469 0.591406 0.060937 0.054688
1 0.018750 0.859375 0.037500 0.109375
2 0.039062 0.813281 0.078125 0.104688
