5 0.057813 0.884375 0.115625 0.231250
1 0.040625 0.554688 0.081250 0.118750
1 0.074219 0.671094 0.132812 0.117188
2 0.808594 0.634375 0.089063 0.106250
2 0.797656 0.529687 0.095312 0.078125
1 0.867188 0.581250 0.165625 0.175000
6 0.668750 0.675781 0.068750 0.148438
2 0.776563 0.762500 0.146875 0.131250
2 0.063281 0.459375 0.126562 0.159375
2 0.210156 0.453906 0.092188 0.082812
2 0.157812 0.492188 0.121875 0.131250
1 0.600000 0.376563 0.215625 0.175000
1 0.565625 0.007812 0.062500 0.015625
2 0.925000 0.006250 0.015625 0.012500
1 0.745313 0.058594 0.153125 0.117188
6 0.549219 0.642969 0.073438 0.079687
1 0.976562 0.400781 0.046875 0.104688
1 0.909375 0.123438 0.156250 0.121875
1 0.631250 0.159375 0.212500 0.162500
2 0.561719 0.064062 0.089063 0.081250
2 0.505469 0.091406 0.114062 0.064062
1 0.874219 0.042188 0.110937 0.084375
1 0.792188 0.107031 0.137500 0.157812
1 0.111719 0.560937 0.076563 0.128125
2 0.174219 0.626563 0.114062 0.137500
1 0.012500 0.004687 0.025000 0.009375
1 0.267969 0.636719 0.142187 0.176563
1 0.061719 0.357812 0.123438 0.115625
2 0.786719 0.394531 0.182812 0.167187
1 0.862500 0.418750 0.125000 0.159375
1 0.915625 0.255469 0.168750 0.157812
1 0.964063 0.339844 0.071875 0.110937
3 0.998437 0.246875 0.003125 0.006250
3 0.992969 0.183594 0.014063 0.042188
1 0.796094 0.249219 0.085938 0.148438
2 0.716406 0.286719 0.110937 0.139063
2 0.683594 0.241406 0.082812 0.095312
2 0.430469 0.124219 0.095312 0.057813
2 0.325781 0.444531 0.114062 0.098437
2 0.432031 0.537500 0.123438 0.084375
2 0.653906 0.521875 0.148438 0.112500
2 0.543750 0.630469 0.043750 0.035937
2 0.582812 0.576562 0.159375 0.206250
2 0.513281 0.537500 0.054688 0.078125
3 0.477344 0.574219 0.076563 0.067187
2 0.396094 0.642188 0.185938 0.181250
2 0.342187 0.722656 0.134375 0.132812
2 0.126562 0.923438 0.128125 0.153125
2 0.082812 0.775781 0.112500 0.129688
2 0.511719 0.796875 0.198437 0.184375
2 0.828906 0.902344 0.151562 0.195312
1 0.700781 0.966406 0.123438 0.067187
1 0.681250 0.860156 0.212500 0.204687
2 0.987500 0.698438 0.025000 0.078125
1 0.577344 0.941406 0.148438 0.117188
1 0.197656 0.822656 0.142187 0.257812
1 0.300000 0.810156 0.090625 0.129688
1 0.372656 0.903906 0.142187 0.114062
2 0.494531 0.963281 0.089063 0.073438
2 0.382031 0.980469 0.135937 0.039062
