1 0.489063 0.550000 0.268750 0.225000
1 0.265625 0.564844 0.165625 0.173437
1 0.071094 0.637500 0.142187 0.231250
1 0.400000 0.154688 0.200000 0.165625
1 0.254688 0.029687 0.084375 0.059375
1 0.110156 0.444531 0.160938 0.148438
1 0.000000 0.462500 0.000000 0.003125
1 0.000781 0.448437 0.001563 0.009375
2 0.797656 0.425000 0.164062 0.178125
1 0.841406 0.325781 0.229687 0.226562
5 0.904687 0.546094 0.175000 0.151562
2 0.078906 0.053906 0.148438 0.107813
2 0.985938 0.400000 0.028125 0.106250
2 0.929688 0.385937 0.137500 0.200000
2 0.982031 0.592187 0.035937 0.065625
6 0.053906 0.992969 0.010937 0.014063
3 0.181250 0.913281 0.062500 0.054688
2 0.408594 0.840625 0.270313 0.318750
6 0.521875 0.998437 0.003125 0.003125
2 0.789062 0.971875 0.143750 0.056250
3 0.256250 0.914062 0.134375 0.171875
1 0.776563 0.829688 0.378125 0.287500
2 0.921875 0.949219 0.156250 0.101562
2 0.999219 0.879687 0.001563 0.003125
2 0.011719 0.068750 0.023438 0.100000
2 0.011719 0.007812 0.023438 0.015625
2 0.851562 0.055469 0.103125 0.110937
2 0.753906 0.050781 0.120313 0.101562
2 0.803906 0.139844 0.195312 0.139063
1 0.638281 0.954688 0.123438 0.090625
2 0.575781 0.791406 0.173437 0.198437
2 0.368750 0.055469 0.168750 0.110937
2 0.514062 0.058594 0.181250 0.117188
2 0.017188 0.743750 0.034375 0.031250
2 0.009375 0.911719 0.018750 0.039062
2 0.037500 0.819531 0.075000 0.160938
2 0.084375 0.778906 0.131250 0.123438
2 0.131250 0.850781 0.134375 0.101562
2 0.125000 0.944531 0.175000 0.110937
2 0.018750 0.944531 0.037500 0.073438
2 0.223438 0.756250 0.112500 0.153125
2 0.606250 0.002344 0.009375 0.004687
2 0.666406 0.031250 0.101562 0.062500
2 0.646094 0.117969 0.192188 0.198437
2 0.573438 0.153906 0.140625 0.126562
