1 0.568750 0.935156 0.187500 0.129688
2 0.692187 0.982031 0.106250 0.035937
1 0.964844 0.940625 0.070312 0.118750
1 0.836719 0.922656 0.204687 0.154688
2 0.732812 0.797656 0.109375 0.176563
1 0.703906 0.922656 0.095312 0.104688
2 0.917188 0.889844 0.128125 0.167187
6 0.867188 0.833594 0.106250 0.151562
1 0.978125 0.683594 0.043750 0.132812
1 0.017969 0.960938 0.035937 0.078125
1 0.035156 0.823438 0.070312 0.184375
1 0.111719 0.897656 0.098437 0.120313
1 0.058594 0.748437 0.079687 0.103125
1 0.016406 0.563281 0.032813 0.110937
1 0.053906 0.475000 0.107813 0.159375
1 0.159375 0.538281 0.209375 0.232813
1 0.285938 0.487500 0.087500 0.084375
2 0.000000 0.445312 0.000000 0.006250
2 0.003906 0.411719 0.007812 0.020313
1 0.061719 0.286719 0.123438 0.235937
2 0.321094 0.484375 0.173437 0.228125
1 0.640625 0.589844 0.165625 0.135937
1 0.660937 0.472656 0.165625 0.229687
1 0.822656 0.587500 0.198437 0.175000
1 0.484375 0.300781 0.196875 0.173437
1 0.397656 0.241406 0.170313 0.189062
1 0.614062 0.247656 0.103125 0.117188
1 0.951562 0.504687 0.096875 0.159375
1 0.948438 0.359375 0.103125 0.156250
1 0.195312 0.209375 0.228125 0.168750
4 0.128906 0.286719 0.067187 0.051562
4 0.343750 0.369531 0.093750 0.092188
4 0.128125 0.439844 0.059375 0.051562
4 0.171875 0.446094 0.056250 0.067187
4 0.271094 0.299219 0.076563 0.067187
4 0.116406 0.399219 0.070312 0.048438
4 0.238281 0.407813 0.064062 0.090625
3 0.278906 0.349219 0.067187 0.064062
1 0.773438 0.321875 0.178125 0.237500
4 0.814063 0.432031 0.112500 0.123438
4 0.628906 0.337500 0.104688 0.090625
1 0.982812 0.196875 0.034375 0.103125
4 0.879687 0.246094 0.087500 0.110937
4 0.902344 0.322656 0.085938 0.104688
1 0.903125 0.100781 0.193750 0.201563
1 0.989844 0.017969 0.020313 0.035937
1 0.698438 0.208594 0.150000 0.160938
1 0.522656 0.103125 0.114062 0.121875
1 0.639062 0.045312 0.162500 0.090625
1 0.552344 0.026562 0.085938 0.053125
1 0.483594 0.025781 0.104688 0.051562
4 0.442188 0.035937 0.031250 0.037500
4 0.400781 0.025781 0.070312 0.051562
1 0.298438 0.007812 0.087500 0.015625
