2 0.123438 0.096094 0.109375 0.139063
2 0.010937 0.046094 0.021875 0.029687
2 0.500000 0.943750 0.103125 0.078125
2 0.441406 0.976562 0.101562 0.046875
2 0.501563 0.812500 0.106250 0.171875
2 0.603906 0.746875 0.123438 0.143750
1 0.986719 0.008594 0.026562 0.017188
2 0.567187 0.836719 0.125000 0.098437
2 0.249219 0.634375 0.123438 0.096875
1 0.208594 0.696094 0.079687 0.076563
1 0.258594 0.727344 0.095312 0.110937
1 0.146094 0.729688 0.107813 0.121875
2 0.097656 0.965625 0.092188 0.068750
3 0.182031 0.959375 0.073438 0.056250
2 0.132031 0.930469 0.082812 0.039062
6 0.183594 0.904687 0.020313 0.028125
2 0.308594 0.975000 0.129688 0.050000
2 0.303906 0.940625 0.082812 0.081250
1 0.351562 0.903906 0.112500 0.132812
2 0.245312 0.929688 0.059375 0.062500
2 0.985938 0.392969 0.028125 0.085938
