2 0.000781 0.883594 0.001563 0.007812
1 0.946875 0.950000 0.106250 0.100000
1 0.860156 0.965625 0.110937 0.068750
2 0.752344 0.932031 0.167187 0.114062
2 0.635156 0.939063 0.101562 0.100000
1 0.549219 0.935937 0.117188 0.125000
1 0.000781 0.985938 0.001563 0.028125
1 0.014063 0.693750 0.028125 0.096875
2 0.019531 0.467187 0.039062 0.093750
3 0.057813 0.560156 0.115625 0.104688
1 0.098437 0.439063 0.146875 0.175000
2 0.048438 0.885156 0.096875 0.148438
1 0.146094 0.934375 0.220312 0.131250
2 0.430469 0.950000 0.120313 0.093750
1 0.430469 0.789844 0.151562 0.167187
2 0.493750 0.719531 0.087500 0.101562
2 0.410156 0.703906 0.104688 0.095312
1 0.935937 0.482812 0.128125 0.212500
1 0.863281 0.524219 0.179688 0.179688
1 0.960156 0.660156 0.079687 0.151562
2 0.826562 0.789844 0.228125 0.210938
1 0.709375 0.703125 0.193750 0.203125
1 0.909375 0.608594 0.115625 0.079687
2 0.652344 0.877344 0.126562 0.142187
2 0.590625 0.847656 0.093750 0.073438
2 0.538281 0.820312 0.126562 0.106250
3 0.576562 0.685937 0.118750 0.118750
3 0.607812 0.607031 0.075000 0.079687
2 0.639062 0.573438 0.071875 0.106250
2 0.524219 0.558594 0.189062 0.176563
7 0.457031 0.485938 0.098437 0.118750
2 0.603906 0.432812 0.239063 0.193750
2 0.559375 0.321875 0.134375 0.131250
2 0.619531 0.320312 0.057813 0.050000
2 0.503125 0.277344 0.100000 0.092188
2 0.446875 0.368750 0.178125 0.165625
6 0.558594 0.225000 0.079687 0.075000
1 0.245312 0.376563 0.065625 0.075000
1 0.301563 0.360156 0.050000 0.045312
2 0.245312 0.434375 0.143750 0.090625
2 0.000781 0.421875 0.001563 0.006250
2 0.029687 0.355469 0.059375 0.114062
1 0.024219 0.282813 0.048438 0.050000
1 0.073438 0.255469 0.103125 0.120313
1 0.116406 0.208594 0.098437 0.104688
1 0.088281 0.130469 0.114062 0.123438
1 0.005469 0.234375 0.010937 0.046875
1 0.029687 0.051562 0.059375 0.103125
2 0.939063 0.309375 0.121875 0.165625
2 0.860156 0.344531 0.110937 0.107813
2 0.997656 0.001563 0.004687 0.003125
3 0.996094 0.182812 0.007812 0.006250
3 0.976562 0.118750 0.046875 0.128125
2 0.960156 0.075781 0.079687 0.151562
1 0.863281 0.164062 0.242188 0.175000
2 0.803125 0.311719 0.090625 0.104688
2 0.791406 0.102344 0.154688 0.129688
2 0.719531 0.054688 0.139063 0.109375
4 0.407031 0.289844 0.095312 0.095312
4 0.071094 0.328125 0.051562 0.046875
2 0.365625 0.193750 0.090625 0.081250
2 0.439844 0.172656 0.123438 0.123438
2 0.421094 0.089844 0.145313 0.139063
1 0.289062 0.110156 0.156250 0.145313
1 0.633594 0.137500 0.170313 0.175000
3 0.562500 0.061719 0.128125 0.082812
2 0.496094 0.022656 0.120313 0.045312
1 0.617188 0.033594 0.103125 0.067187
1 0.586719 0.000781 0.004687 0.001563
2 0.038281 0.214844 0.076563 0.117188
3 0.168750 0.149219 0.071875 0.076563
3 0.231250 0.164844 0.065625 0.070312
3 0.545312 0.153125 0.071875 0.065625
2 0.085938 0.014063 0.087500 0.028125
4 0.226562 0.265625 0.078125 0.084375
1 0.046094 0.788281 0.092188 0.104688
