1 0.021875 0.019531 0.043750 0.039062
1 0.102344 0.018750 0.054688 0.037500
1 0.065625 0.004687 0.018750 0.009375
2 0.163281 0.026562 0.107813 0.053125
2 0.521875 0.054688 0.115625 0.109375
2 0.595313 0.092188 0.171875 0.159375
2 0.606250 0.023438 0.112500 0.046875
2 0.628906 0.007812 0.014063 0.015625
7 0.021094 0.137500 0.042188 0.143750
7 0.007812 0.266406 0.015625 0.057813
7 0.038281 0.339062 0.076563 0.062500
7 0.002344 0.307031 0.004687 0.007812
7 0.275000 0.179688 0.140625 0.125000
7 0.245312 0.087500 0.093750 0.125000
6 0.325000 0.233594 0.056250 0.060937
6 0.252344 0.227344 0.026562 0.051562
7 0.261719 0.264844 0.092188 0.098437
6 0.187500 0.070312 0.050000 0.046875
1 0.164844 0.174219 0.123438 0.167187
7 0.210938 0.246094 0.065625 0.051562
1 0.073438 0.221094 0.146875 0.210938
7 0.075000 0.110937 0.100000 0.118750
2 0.132031 0.068750 0.064062 0.056250
1 0.500000 0.154688 0.084375 0.100000
6 0.552344 0.179688 0.045312 0.046875
1 0.621094 0.235156 0.157812 0.160938
2 0.741406 0.235156 0.126562 0.142187
2 0.744531 0.118750 0.170313 0.156250
1 0.671094 0.028906 0.082812 0.057813
1 0.721094 0.035937 0.060937 0.071875
2 0.778125 0.034375 0.075000 0.068750
2 0.860156 0.042969 0.126562 0.085938
1 0.966406 0.004687 0.023438 0.009375
1 0.903906 0.021875 0.092188 0.043750
1 0.997656 0.004687 0.004687 0.009375
2 0.892969 0.176563 0.214062 0.181250
5 0.268750 0.619531 0.256250 0.232813
2 0.516406 0.928125 0.123438 0.143750
2 0.666406 0.919531 0.217188 0.160938
2 0.979688 0.654687 0.040625 0.065625
1 0.991406 0.785937 0.017188 0.021875
1 0.917969 0.818750 0.160938 0.143750
1 0.952344 0.964844 0.095312 0.070312
1 0.925000 0.898438 0.150000 0.162500
7 0.153125 0.725000 0.071875 0.059375
7 0.087500 0.743750 0.084375 0.075000
1 0.012500 0.556250 0.025000 0.053125
7 0.037500 0.478125 0.075000 0.121875
7 0.077344 0.536719 0.104688 0.126562
6 0.286719 0.395313 0.023438 0.043750
1 0.335938 0.401562 0.106250 0.112500
1 0.445312 0.664062 0.093750 0.106250
2 0.650781 0.389062 0.067187 0.096875
