2 0.017969 0.508594 0.035937 0.035937
2 0.017969 0.206250 0.035937 0.128125
6 0.053125 0.318750 0.106250 0.109375
2 0.136719 0.303125 0.114062 0.118750
2 0.221875 0.202344 0.250000 0.257812
2 0.114062 0.167969 0.143750 0.164062
1 0.060937 0.124219 0.121875 0.120313
2 0.120313 0.075000 0.068750 0.071875
2 0.094531 0.039062 0.104688 0.071875
2 0.438281 0.160938 0.085938 0.137500
2 0.542188 0.114844 0.178125 0.229687
1 0.023438 0.475781 0.046875 0.045312
1 0.014844 0.419531 0.029687 0.070312
1 0.054688 0.406250 0.078125 0.106250
6 0.399219 0.210938 0.051562 0.075000
2 0.319531 0.035937 0.064062 0.071875
2 0.363281 0.067187 0.060937 0.046875
2 0.039844 0.000000 0.004687 0.000000
2 0.020313 0.003906 0.015625 0.007812
3 0.038281 0.020313 0.076563 0.040625
