4 0.293750 0.877344 0.200000 0.245312
2 0.406250 0.767188 0.190625 0.175000
2 0.461719 0.921875 0.123438 0.143750
2 0.232813 0.992969 0.018750 0.014063
2 0.192969 0.934375 0.076563 0.131250
2 0.510156 0.977344 0.064062 0.045312
2 0.545312 0.962500 0.075000 0.075000
2 0.102344 0.821875 0.185938 0.228125
2 0.233594 0.770312 0.123438 0.112500
2 0.292187 0.709375 0.112500 0.084375
7 0.521094 0.764844 0.092188 0.104688
7 0.682031 0.800000 0.095312 0.084375
7 0.806250 0.785156 0.081250 0.123438
7 0.694531 0.644531 0.070312 0.060937
7 0.710938 0.571094 0.090625 0.110937
7 0.763281 0.500000 0.095312 0.087500
7 0.775000 0.440625 0.087500 0.084375
7 0.588281 0.651563 0.098437 0.075000
7 0.475781 0.465625 0.142187 0.134375
2 0.414844 0.582031 0.170313 0.142187
2 0.285938 0.642969 0.159375 0.120313
2 0.232813 0.559375 0.103125 0.112500
2 0.395313 0.480469 0.065625 0.092188
6 0.227344 0.637500 0.082812 0.075000
2 0.139063 0.483594 0.087500 0.104688
2 0.100000 0.448437 0.087500 0.118750
2 0.032813 0.493750 0.065625 0.128125
2 0.110156 0.617188 0.107813 0.115625
2 0.094531 0.307812 0.160938 0.121875
2 0.078906 0.223438 0.082812 0.078125
2 0.212500 0.262500 0.143750 0.128125
2 0.100781 0.159375 0.126562 0.084375
2 0.117969 0.064844 0.151562 0.129688
2 0.050000 0.058594 0.093750 0.117188
2 0.172656 0.150781 0.082812 0.085938
2 0.247656 0.075781 0.139063 0.151562
1 0.300000 0.184375 0.212500 0.175000
2 0.503906 0.087500 0.257812 0.175000
7 0.771094 0.316406 0.135937 0.145313
7 0.717187 0.247656 0.084375 0.085938
7 0.741406 0.186719 0.073438 0.117188
1 0.797656 0.009375 0.070312 0.018750
7 0.844531 0.047656 0.095312 0.095312
2 0.978125 0.023438 0.043750 0.046875
3 0.025000 0.004687 0.021875 0.009375
4 0.003906 0.084375 0.007812 0.025000
4 0.008594 0.043750 0.017188 0.046875
4 0.031250 0.583594 0.062500 0.076563
1 0.147656 0.968750 0.060937 0.062500
1 0.013281 0.986719 0.026562 0.026562
