1 0.073438 0.749219 0.146875 0.220312
1 0.117969 0.693750 0.192188 0.121875
1 0.074219 0.611719 0.123438 0.132812
6 0.589063 0.017188 0.043750 0.034375
2 0.309375 0.111719 0.196875 0.223438
2 0.265625 0.387500 0.143750 0.112500
2 0.161719 0.342969 0.323437 0.298438
2 0.147656 0.520312 0.157812 0.106250
2 0.270313 0.490625 0.146875 0.162500
1 0.907031 0.309375 0.185938 0.178125
1 0.848437 0.599219 0.206250 0.235937
1 0.016406 0.970313 0.032813 0.059375
1 0.035156 0.992969 0.042188 0.014063
1 0.112500 0.957031 0.125000 0.085938
2 0.000000 0.917969 0.000000 0.001563
2 0.000000 0.892969 0.000000 0.007812
2 0.052344 0.914062 0.104688 0.143750
2 0.310156 0.959375 0.082812 0.081250
2 0.411719 0.928125 0.135937 0.134375
2 0.178125 0.823438 0.131250 0.171875
2 0.285938 0.771875 0.084375 0.059375
5 0.351562 0.803125 0.240625 0.228125
2 0.407031 0.703906 0.092188 0.101562
2 0.468750 0.751563 0.056250 0.053125
2 0.516406 0.974219 0.220312 0.051562
2 0.635938 0.925781 0.159375 0.117188
2 0.637500 0.846875 0.115625 0.075000
2 0.763281 0.847656 0.117188 0.123438
2 0.689063 0.785937 0.137500 0.103125
2 0.750000 0.721875 0.134375 0.159375
2 0.632031 0.712500 0.120313 0.112500
2 0.868750 0.815625 0.109375 0.081250
2 0.528125 0.679688 0.156250 0.221875
2 0.573438 0.803906 0.093750 0.092188
2 0.519531 0.904687 0.098437 0.121875
1 0.926562 0.999219 0.006250 0.001563
1 0.897656 0.973437 0.085938 0.053125
2 0.855469 0.922656 0.104688 0.154688
1 0.944531 0.890625 0.110937 0.218750
2 0.920312 0.749219 0.125000 0.148438
1 0.997656 0.771094 0.004687 0.020313
1 0.997656 0.741406 0.004687 0.020313
2 0.967969 0.655469 0.064062 0.095312
2 0.269531 0.619531 0.135937 0.110937
2 0.339844 0.574219 0.095312 0.064062
2 0.337500 0.661719 0.071875 0.079687
1 0.387500 0.603125 0.096875 0.090625
2 0.342187 0.496094 0.081250 0.101562
2 0.392969 0.485938 0.085938 0.109375
2 0.431250 0.403906 0.159375 0.142187
1 0.466406 0.209375 0.145313 0.268750
1 0.563281 0.200000 0.126562 0.165625
2 0.434375 0.300781 0.065625 0.064062
2 0.135937 0.203906 0.140625 0.173437
2 0.162500 0.103906 0.103125 0.110937
2 0.517969 0.506250 0.242188 0.159375
2 0.659375 0.143750 0.168750 0.121875
2 0.697656 0.200781 0.114062 0.073438
2 0.781250 0.200781 0.128125 0.145313
2 0.791406 0.321875 0.079687 0.134375
2 0.772656 0.420312 0.085938 0.093750
2 0.668750 0.450781 0.134375 0.092188
1 0.628125 0.398438 0.243750 0.156250
1 0.651563 0.291406 0.250000 0.170313
2 0.660937 0.582031 0.209375 0.217188
2 0.932031 0.161719 0.135937 0.157812
1 0.916406 0.089844 0.167187 0.167187
1 0.827344 0.073438 0.195312 0.146875
1 0.775781 0.014844 0.057813 0.029687
2 0.658594 0.050000 0.207813 0.100000
2 0.952344 0.524219 0.095312 0.192188
2 0.983594 0.406250 0.032813 0.062500
2 0.899219 0.431250 0.154688 0.156250
2 0.954688 0.008594 0.068750 0.017188
1 0.452344 0.010937 0.154688 0.021875
