2 0.970313 0.630469 0.059375 0.167187
1 0.985156 0.882031 0.029687 0.051562
1 0.747656 0.546875 0.323437 0.246875
1 0.998437 0.158594 0.003125 0.010937
1 0.769531 0.107813 0.301563 0.215625
1 0.981250 0.038281 0.037500 0.076563
1 0.909375 0.032813 0.112500 0.065625
2 0.467969 0.414062 0.248438 0.190625
2 0.483594 0.258594 0.326562 0.201563
2 0.510938 0.090625 0.206250 0.181250
6 0.489844 0.134375 0.073438 0.056250
6 0.388281 0.091406 0.045312 0.057813
6 0.410156 0.136719 0.051562 0.048438
6 0.369531 0.158594 0.060937 0.051562
2 0.275000 0.330469 0.168750 0.092188
1 0.210938 0.107031 0.321875 0.214062
2 0.390625 0.035156 0.131250 0.070312
2 0.294531 0.002344 0.014063 0.004687
4 0.091406 0.287500 0.107813 0.056250
4 0.160156 0.270313 0.098437 0.059375
4 0.100000 0.177344 0.093750 0.145313
4 0.139844 0.222656 0.104688 0.079687
2 0.035937 0.076563 0.065625 0.100000
2 0.040625 0.022656 0.081250 0.045312
1 0.259375 0.240625 0.146875 0.112500
