2 0.860938 0.698438 0.246875 0.281250
1 0.591406 0.474219 0.164062 0.267188
4 0.903125 0.546094 0.128125 0.098437
4 0.985156 0.650000 0.029687 0.046875
4 0.979688 0.596875 0.040625 0.078125
4 0.912500 0.847656 0.037500 0.026562
4 0.938281 0.885938 0.104688 0.093750
4 0.975000 0.837500 0.050000 0.084375
4 0.988281 0.984375 0.023438 0.031250
4 0.984375 0.900000 0.031250 0.053125
1 0.696875 0.693750 0.103125 0.137500
1 0.565625 0.650000 0.140625 0.137500
1 0.443750 0.683594 0.159375 0.173437
1 0.312500 0.660937 0.146875 0.156250
1 0.377344 0.782813 0.157812 0.140625
1 0.253906 0.760938 0.123438 0.203125
2 0.585156 0.892969 0.285938 0.214062
1 0.465625 0.918750 0.146875 0.131250
4 0.717969 0.799219 0.079687 0.082812
2 0.757812 0.966406 0.106250 0.067187
2 0.528906 0.734375 0.198437 0.165625
2 0.914844 0.320312 0.101562 0.118750
2 0.848437 0.302344 0.084375 0.070312
2 0.896094 0.237500 0.126562 0.096875
2 0.786719 0.190625 0.139063 0.162500
2 0.889062 0.168750 0.100000 0.081250
1 0.757031 0.309375 0.145313 0.134375
2 0.521094 0.319531 0.129688 0.139063
1 0.957031 0.129688 0.085938 0.143750
1 0.319531 0.987500 0.051562 0.025000
1 0.253125 0.950781 0.146875 0.098437
1 0.136719 0.937500 0.173437 0.125000
2 0.179688 0.796875 0.093750 0.081250
2 0.115625 0.392188 0.178125 0.196875
2 0.161719 0.305469 0.151562 0.148438
2 0.090625 0.180469 0.171875 0.176563
4 0.428125 0.497656 0.175000 0.126562
2 0.231250 0.572656 0.106250 0.126562
2 0.208594 0.671875 0.082812 0.103125
3 0.228906 0.460938 0.095312 0.115625
4 0.179688 0.494531 0.040625 0.048438
2 0.211719 0.392188 0.082812 0.065625
2 0.489063 0.453125 0.093750 0.109375
2 0.410938 0.343750 0.128125 0.112500
3 0.290625 0.495312 0.093750 0.071875
2 0.454688 0.557813 0.193750 0.115625
2 0.316406 0.550781 0.104688 0.101562
1 0.324219 0.304688 0.157812 0.162500
1 0.392969 0.181250 0.276562 0.234375
1 0.250781 0.165625 0.092188 0.137500
2 0.306250 0.067969 0.100000 0.129688
2 0.431250 0.073438 0.193750 0.128125
2 0.453906 0.037500 0.139063 0.075000
1 0.585938 0.064844 0.181250 0.129688
1 0.310156 0.017969 0.151562 0.035937
2 0.199219 0.028125 0.123438 0.056250
2 0.240625 0.072656 0.075000 0.082812
2 0.037500 0.991406 0.031250 0.017188
4 0.036719 0.953125 0.073438 0.093750
1 0.002344 0.912500 0.004687 0.021875
1 0.003906 0.526563 0.007812 0.025000
1 0.000000 0.474219 0.000000 0.001563
1 0.002344 0.308594 0.004687 0.014063
6 0.100781 0.285938 0.060937 0.050000
6 0.428125 0.425000 0.159375 0.137500
2 0.202344 0.139844 0.073438 0.104688
2 0.557813 0.147656 0.096875 0.076563
2 0.696094 0.089063 0.067187 0.112500
2 0.611719 0.156250 0.123438 0.153125
2 0.171875 0.217188 0.131250 0.128125
