1 0.027344 0.999219 0.007812 0.001563
1 0.010156 0.978125 0.020313 0.043750
1 0.089844 0.943750 0.167187 0.112500
1 0.750000 0.985938 0.065625 0.028125
1 0.589063 0.974219 0.125000 0.051562
1 0.522656 0.997656 0.007812 0.004687
1 0.477344 0.984375 0.073438 0.031250
1 0.527344 0.938281 0.107813 0.123438
1 0.420312 0.960938 0.118750 0.078125
1 0.509375 0.844531 0.156250 0.176563
1 0.650000 0.791406 0.106250 0.135937
1 0.796875 0.850000 0.246875 0.168750
1 0.862500 0.743750 0.143750 0.109375
1 0.921094 0.876563 0.142187 0.190625
1 0.910156 0.982812 0.104688 0.034375
1 0.975781 0.957031 0.048438 0.085938
2 0.030469 0.200781 0.060937 0.114062
1 0.162500 0.290625 0.090625 0.093750
1 0.172656 0.405469 0.176563 0.167187
1 0.070312 0.367188 0.093750 0.131250
1 0.026562 0.326562 0.053125 0.118750
1 0.064062 0.498437 0.128125 0.159375
3 0.060156 0.710938 0.104688 0.115625
1 0.321875 0.780469 0.137500 0.110937
1 0.239063 0.861719 0.112500 0.148438
4 0.335156 0.890625 0.132812 0.156250
3 0.219531 0.783594 0.092188 0.089063
2 0.026562 0.607031 0.053125 0.117188
2 0.289844 0.488281 0.107813 0.123438
2 0.415625 0.423438 0.156250 0.134375
1 0.504687 0.374219 0.128125 0.101562
3 0.219531 0.273438 0.073438 0.078125
3 0.262500 0.303906 0.068750 0.076563
1 0.127344 0.122656 0.148438 0.151562
1 0.088281 0.089844 0.154688 0.179688
1 0.000000 0.047656 0.000000 0.004687
1 0.011719 0.017188 0.023438 0.034375
1 0.369531 0.621875 0.148438 0.118750
1 0.712500 0.524219 0.187500 0.132812
2 0.746875 0.707031 0.165625 0.154688
2 0.864844 0.594531 0.167187 0.160938
1 0.633594 0.660156 0.164062 0.157812
1 0.597656 0.429688 0.160938 0.115625
1 0.958594 0.680469 0.082812 0.157812
1 0.996875 0.599219 0.006250 0.007812
1 0.996875 0.548438 0.006250 0.018750
2 0.732031 0.345313 0.185938 0.165625
2 0.721875 0.204687 0.184375 0.140625
2 0.807031 0.157031 0.098437 0.135937
2 0.914062 0.132031 0.150000 0.114062
2 0.977344 0.166406 0.045312 0.064062
2 0.828906 0.367969 0.101562 0.145313
1 0.957031 0.357031 0.085938 0.107813
3 0.715625 0.109375 0.078125 0.084375
3 0.725000 0.044531 0.084375 0.085938
3 0.807813 0.014063 0.118750 0.028125
3 0.873437 0.064062 0.062500 0.075000
2 0.604688 0.064844 0.190625 0.129688
2 0.578125 0.161719 0.137500 0.139063
2 0.470313 0.051562 0.103125 0.103125
2 0.964844 0.435156 0.070312 0.067187
2 0.990625 0.457813 0.018750 0.059375
2 0.999219 0.426563 0.001563 0.000000
2 0.969531 0.553906 0.060937 0.123438
2 0.886719 0.443750 0.114062 0.118750
2 0.873437 0.373437 0.109375 0.075000
3 0.873437 0.005469 0.025000 0.010937
2 0.387500 0.025000 0.056250 0.050000
2 0.416406 0.041406 0.045312 0.057813
1 0.325781 0.007812 0.070312 0.015625
1 0.509375 0.264062 0.134375 0.131250
1 0.445312 0.192188 0.128125 0.140625
1 0.390625 0.129688 0.168750 0.150000
1 0.326562 0.196094 0.078125 0.076563
1 0.259375 0.231250 0.062500 0.062500
1 0.265625 0.110937 0.096875 0.146875
2 0.244531 0.032031 0.107813 0.064062
2 0.445312 0.361719 0.065625 0.057813
1 0.525781 0.648438 0.073438 0.087500
1 0.450000 0.664062 0.059375 0.078125
2 0.502344 0.670312 0.151562 0.184375
