2 0.048438 0.208594 0.096875 0.092188
2 0.044531 0.300781 0.089063 0.123438
1 0.640625 0.365625 0.187500 0.206250
1 0.836719 0.232813 0.207813 0.140625
2 0.032031 0.587500 0.064062 0.203125
1 0.851562 0.346875 0.200000 0.137500
1 0.988281 0.359375 0.023438 0.034375
1 0.950000 0.241406 0.100000 0.214062
6 0.824219 0.925781 0.064062 0.092188
6 0.771875 0.850000 0.068750 0.100000
1 0.139063 0.764844 0.140625 0.142187
1 0.747656 0.060156 0.095312 0.117188
1 0.834375 0.659375 0.081250 0.081250
2 0.399219 0.291406 0.092188 0.095312
1 0.333594 0.446094 0.107813 0.089063
1 0.260156 0.598437 0.095312 0.096875
3 0.709375 0.898438 0.150000 0.150000
7 0.428906 0.528906 0.135937 0.129688
3 0.407031 0.587500 0.089063 0.090625
2 0.478906 0.371094 0.170313 0.292187
1 0.750781 0.003906 0.032813 0.007812
6 0.306250 0.023438 0.106250 0.046875
1 0.360156 0.860938 0.185938 0.200000
1 0.496094 0.817187 0.282813 0.262500
1 0.121094 0.546094 0.060937 0.067187
2 0.088281 0.609375 0.060937 0.090625
2 0.871875 0.771875 0.112500 0.106250
2 0.825000 0.735938 0.084375 0.068750
2 0.850781 0.964063 0.123438 0.071875
2 0.280469 0.716406 0.154688 0.148438
2 0.217969 0.658594 0.051562 0.079687
2 0.484375 0.642188 0.068750 0.068750
1 0.785937 0.085938 0.181250 0.156250
1 0.109375 0.864062 0.218750 0.165625
1 0.154688 0.995313 0.012500 0.009375
1 0.250000 0.957031 0.184375 0.085938
2 0.632031 0.949219 0.254688 0.101562
1 0.958594 0.058594 0.082812 0.117188
2 0.889844 0.010156 0.073438 0.020313
2 0.501563 0.978125 0.050000 0.043750
