2 0.304688 0.947656 0.178125 0.104688
2 0.728125 0.973437 0.181250 0.053125
2 0.482031 0.954688 0.217188 0.090625
2 0.967969 0.836719 0.064062 0.145313
2 0.859375 0.851562 0.187500 0.146875
2 0.808594 0.913281 0.123438 0.104688
6 0.953906 0.907813 0.060937 0.050000
2 0.941406 0.759375 0.117188 0.106250
1 0.997656 0.012500 0.004687 0.018750
1 0.999219 0.000000 0.001563 0.000000
1 0.967187 0.659375 0.065625 0.087500
2 0.896875 0.465625 0.168750 0.143750
2 0.550781 0.849219 0.104688 0.135937
2 0.536719 0.729688 0.095312 0.165625
2 0.670312 0.853125 0.156250 0.128125
1 0.765625 0.717187 0.193750 0.256250
2 0.731250 0.440625 0.200000 0.200000
2 0.599219 0.496875 0.104688 0.153125
2 0.851562 0.332031 0.162500 0.160938
1 0.738281 0.214844 0.214062 0.204687
4 0.978906 0.140625 0.042188 0.090625
4 0.872656 0.126562 0.179688 0.212500
4 0.874219 0.025781 0.145313 0.051562
4 0.991406 0.002344 0.017188 0.004687
6 0.633594 0.031250 0.073438 0.062500
1 0.563281 0.018750 0.114062 0.037500
1 0.534375 0.082812 0.150000 0.165625
2 0.410156 0.028125 0.164062 0.056250
2 0.345313 0.115625 0.187500 0.200000
2 0.357031 0.253125 0.173437 0.103125
2 0.511719 0.164062 0.067187 0.118750
1 0.571875 0.196094 0.134375 0.135937
2 0.560156 0.334375 0.223438 0.206250
1 0.371094 0.400000 0.185938 0.146875
1 0.479687 0.492188 0.153125 0.181250
2 0.382031 0.541406 0.201563 0.179688
2 0.969531 0.517969 0.060937 0.107813
2 0.953906 0.421094 0.092188 0.085938
2 0.450781 0.310937 0.135937 0.137500
6 0.450000 0.221094 0.065625 0.082812
6 0.596094 0.196875 0.079687 0.068750
1 0.028125 0.953125 0.056250 0.093750
2 0.289062 0.883594 0.103125 0.089063
2 0.183594 0.992188 0.026562 0.015625
6 0.194531 0.882031 0.104688 0.107813
2 0.086719 0.868750 0.114062 0.090625
6 0.364063 0.821094 0.065625 0.107813
2 0.133594 0.784375 0.170313 0.137500
6 0.085938 0.676562 0.053125 0.053125
1 0.204687 0.607031 0.159375 0.217188
3 0.048438 0.589844 0.096875 0.135937
2 0.089063 0.730469 0.118750 0.135937
1 0.047656 0.521875 0.095312 0.106250
2 0.097656 0.405469 0.195312 0.235937
2 0.001563 0.339844 0.003125 0.026562
2 0.041406 0.243750 0.082812 0.153125
1 0.017969 0.207813 0.035937 0.062500
1 0.006250 0.118750 0.012500 0.037500
1 0.000781 0.082812 0.001563 0.009375
4 0.224219 0.433594 0.098437 0.114062
2 0.228125 0.314063 0.168750 0.171875
2 0.224219 0.217969 0.101562 0.101562
2 0.163281 0.164844 0.092188 0.139063
2 0.232813 0.148438 0.056250 0.068750
1 0.000000 0.057813 0.000000 0.003125
1 0.013281 0.021875 0.026562 0.043750
4 0.191406 0.064844 0.226562 0.129688
1 0.223438 0.817187 0.043750 0.075000
1 0.308594 0.833594 0.082812 0.095312
2 0.965625 0.239063 0.068750 0.115625
6 0.203906 0.052344 0.076563 0.089063
