1 0.020313 0.667188 0.040625 0.125000
2 0.201563 0.804688 0.059375 0.075000
2 0.253125 0.728906 0.175000 0.198437
2 0.202344 0.644531 0.148438 0.132812
2 0.346094 0.697656 0.107813 0.095312
2 0.560937 0.828125 0.250000 0.156250
1 0.517969 0.707812 0.142187 0.162500
2 0.465625 0.636719 0.103125 0.114062
4 0.586719 0.650000 0.089063 0.093750
1 0.698438 0.912500 0.190625 0.125000
1 0.846094 0.942969 0.167187 0.114062
2 0.946094 0.975000 0.067187 0.050000
1 0.999219 0.963281 0.001563 0.001563
4 0.394531 0.723437 0.120313 0.150000
1 0.937500 0.733594 0.125000 0.235937
1 0.889844 0.542188 0.185938 0.200000
1 0.983594 0.534375 0.032813 0.084375
2 0.912500 0.892188 0.112500 0.109375
6 0.504687 0.632031 0.068750 0.082812
1 0.442969 0.532031 0.135937 0.129688
1 0.016406 0.303125 0.032813 0.125000
4 0.163281 0.453125 0.160938 0.131250
1 0.586719 0.485156 0.129688 0.139063
2 0.968750 0.328906 0.062500 0.176563
2 0.744531 0.375000 0.092188 0.056250
1 0.871094 0.329688 0.170313 0.206250
1 0.794531 0.431250 0.079687 0.109375
1 0.791406 0.196094 0.117188 0.139063
2 0.696094 0.255469 0.145313 0.167187
2 0.611719 0.210938 0.214062 0.140625
1 0.775000 0.018750 0.118750 0.037500
