2 0.586719 0.990625 0.051562 0.018750
2 0.556250 0.896875 0.043750 0.050000
2 0.540625 0.957031 0.106250 0.085938
2 0.475781 0.885156 0.045312 0.051562
2 0.638281 0.961719 0.085938 0.054688
2 0.696875 0.972656 0.043750 0.054688
7 0.333594 0.951562 0.067187 0.068750
7 0.278125 0.953125 0.059375 0.071875
7 0.387500 0.893750 0.068750 0.062500
7 0.281250 0.891406 0.068750 0.070312
7 0.339062 0.909375 0.056250 0.068750
2 0.380469 0.960156 0.029687 0.029687
2 0.390625 0.982031 0.037500 0.035937
2 0.296875 0.998437 0.006250 0.003125
7 0.089063 0.864062 0.118750 0.106250
7 0.139844 0.780469 0.085938 0.092188
7 0.199219 0.773438 0.070312 0.078125
7 0.204687 0.839844 0.056250 0.073438
7 0.288281 0.788281 0.095312 0.082812
2 0.036719 0.986719 0.073438 0.026562
2 0.021094 0.756250 0.042188 0.075000
2 0.015625 0.628125 0.031250 0.050000
7 0.312500 0.828906 0.062500 0.070312
7 0.260937 0.843750 0.071875 0.071875
