1 0.965625 0.658594 0.068750 0.107813
1 0.845313 0.696094 0.206250 0.157812
6 0.812500 0.003125 0.012500 0.006250
6 0.775000 0.018750 0.056250 0.037500
1 0.557813 0.046094 0.081250 0.092188
5 0.149219 0.014063 0.107813 0.028125
5 0.257031 0.066406 0.226562 0.132812
5 0.087500 0.111719 0.175000 0.223438
1 0.204687 0.243750 0.250000 0.206250
2 0.247656 0.355469 0.139063 0.092188
1 0.310156 0.467187 0.110937 0.112500
2 0.175781 0.476562 0.139063 0.162500
2 0.246094 0.613281 0.154688 0.267188
1 0.430469 0.476562 0.217188 0.228125
6 0.589063 0.553906 0.090625 0.073438
6 0.631250 0.629687 0.068750 0.078125
1 0.398438 0.621094 0.121875 0.114062
1 0.421875 0.743750 0.221875 0.159375
2 0.512500 0.641406 0.146875 0.154688
1 0.831250 0.377344 0.200000 0.235937
1 0.936719 0.442188 0.126562 0.146875
1 0.884375 0.560156 0.203125 0.142187
1 0.728906 0.566406 0.145313 0.120313
2 0.710938 0.360938 0.134375 0.171875
2 0.739844 0.270313 0.107813 0.096875
2 0.621875 0.405469 0.137500 0.148438
1 0.715625 0.143750 0.156250 0.162500
1 0.679688 0.906250 0.271875 0.187500
2 0.065625 0.327344 0.131250 0.207813
2 0.000781 0.446875 0.001563 0.018750
2 0.058594 0.500000 0.117188 0.153125
2 0.667969 0.750000 0.179688 0.156250
6 0.273438 0.999219 0.000000 0.001563
6 0.300781 0.987500 0.026562 0.025000
6 0.247656 0.984375 0.035937 0.031250
1 0.548438 0.872656 0.175000 0.179688
1 0.457031 0.896094 0.129688 0.164062
2 0.373437 0.950781 0.062500 0.076563
6 0.014844 0.260156 0.029687 0.060937
1 0.867188 0.220312 0.237500 0.212500
2 0.910937 0.077344 0.178125 0.154688
6 0.953125 0.911719 0.068750 0.070312
2 0.508594 0.997656 0.017188 0.004687
2 0.394531 0.262500 0.142187 0.140625
2 0.631250 0.110937 0.053125 0.062500
2 0.133594 0.630469 0.104688 0.201563
2 0.071875 0.643750 0.143750 0.234375
1 0.003125 0.744531 0.006250 0.023438
1 0.826562 0.820312 0.115625 0.106250
2 0.965625 0.774219 0.068750 0.104688
2 0.970313 0.845313 0.059375 0.171875
2 0.907813 0.962500 0.184375 0.075000
1 0.001563 0.982812 0.003125 0.015625
1 0.013281 0.825000 0.026562 0.056250
