1 0.584375 0.990625 0.109375 0.018750
1 0.868750 0.958594 0.209375 0.082812
1 0.718750 0.953906 0.178125 0.092188
1 0.895312 0.885938 0.209375 0.187500
2 0.577344 0.909375 0.192188 0.162500
1 0.253125 0.981250 0.093750 0.037500
1 0.151562 0.907813 0.200000 0.184375
1 0.035156 0.945312 0.070312 0.109375
1 0.039844 0.855469 0.079687 0.098437
1 0.242188 0.812500 0.234375 0.153125
1 0.610938 0.703125 0.246875 0.271875
1 0.100781 0.528125 0.195312 0.209375
4 0.757031 0.742188 0.120313 0.081250
4 0.659375 0.792969 0.050000 0.067187
4 0.692969 0.793750 0.060937 0.053125
4 0.818750 0.726562 0.153125 0.150000
4 0.553125 0.638281 0.093750 0.070312
1 0.873437 0.527344 0.253125 0.289062
2 0.441406 0.394531 0.151562 0.114062
1 0.051562 0.405469 0.103125 0.232813
1 0.181250 0.286719 0.143750 0.192188
2 0.375781 0.237500 0.160938 0.171875
1 0.181250 0.167187 0.137500 0.115625
1 0.271875 0.086719 0.203125 0.154688
2 0.277344 0.014844 0.123438 0.029687
2 0.395313 0.021875 0.115625 0.043750
2 0.142187 0.040625 0.165625 0.081250
2 0.510938 0.012500 0.065625 0.025000
2 0.464062 0.003906 0.028125 0.007812
4 0.839844 0.169531 0.117188 0.157812
2 0.974219 0.160938 0.051562 0.153125
2 0.917969 0.107031 0.135937 0.098437
1 0.025781 0.242969 0.051562 0.123438
1 0.061719 0.146875 0.123438 0.165625
