1 0.012500 0.987500 0.025000 0.025000
1 0.174219 0.965625 0.076563 0.068750
1 0.317969 0.967187 0.101562 0.065625
2 0.022656 0.815625 0.045312 0.118750
1 0.000781 0.842187 0.001563 0.006250
2 0.123438 0.744531 0.162500 0.132812
6 0.170313 0.821875 0.100000 0.100000
2 0.182031 0.914062 0.067187 0.062500
2 0.285938 0.878125 0.109375 0.115625
2 0.344531 0.812500 0.164062 0.118750
1 0.524219 0.890625 0.151562 0.115625
2 0.285938 0.715625 0.090625 0.118750
7 0.395313 0.630469 0.125000 0.129688
1 0.009375 0.614062 0.018750 0.078125
1 0.084375 0.640625 0.078125 0.103125
1 0.125781 0.673438 0.067187 0.053125
1 0.136719 0.578906 0.098437 0.117188
1 0.092969 0.514062 0.120313 0.084375
1 0.016406 0.536719 0.032813 0.032813
1 0.177344 0.359375 0.110937 0.106250
1 0.299219 0.410156 0.117188 0.085938
2 0.207813 0.475000 0.178125 0.090625
2 0.810937 0.766406 0.171875 0.148438
2 0.725781 0.957812 0.101562 0.084375
4 0.796875 0.998437 0.006250 0.003125
4 0.778906 0.996094 0.014063 0.007812
1 0.899219 0.946875 0.117188 0.106250
1 0.809375 0.969531 0.093750 0.060937
1 0.981250 0.909375 0.037500 0.081250
1 0.944531 0.864844 0.110937 0.101562
1 0.963281 0.750000 0.073438 0.143750
2 0.695312 0.590625 0.165625 0.181250
6 0.728906 0.687500 0.042188 0.034375
6 0.769531 0.585156 0.032813 0.035937
1 0.830469 0.554688 0.092188 0.112500
2 0.998437 0.528906 0.003125 0.014063
2 0.973437 0.539062 0.053125 0.065625
6 0.993750 0.469531 0.012500 0.070312
2 0.997656 0.357031 0.004687 0.026562
2 0.757812 0.460156 0.078125 0.114062
7 0.719531 0.275000 0.120313 0.109375
2 0.938281 0.210938 0.123438 0.131250
2 0.325781 0.285156 0.195312 0.239063
1 0.361719 0.470313 0.117188 0.125000
1 0.566406 0.185156 0.129688 0.123438
1 0.881250 0.123438 0.146875 0.156250
2 0.660156 0.223438 0.107813 0.109375
1 0.610938 0.064062 0.096875 0.112500
1 0.862500 0.035156 0.100000 0.070312
1 0.971875 0.071094 0.056250 0.123438
7 0.489063 0.111719 0.100000 0.079687
6 0.405469 0.996875 0.010937 0.006250
6 0.425781 0.993750 0.020313 0.012500
7 0.800000 0.011719 0.028125 0.023438
2 0.390625 0.518750 0.053125 0.050000
7 0.190625 0.601562 0.078125 0.109375
2 0.650781 0.005469 0.020313 0.010937
