2 0.020313 0.793750 0.040625 0.043750
2 0.160938 0.661719 0.159375 0.189062
1 0.046094 0.665625 0.092188 0.143750
1 0.010156 0.625000 0.020313 0.071875
1 0.996094 0.778906 0.007812 0.060937
1 0.997656 0.726562 0.004687 0.015625
1 0.984375 0.902344 0.031250 0.110937
1 0.981250 0.450000 0.037500 0.103125
1 0.967969 0.564063 0.064062 0.128125
1 0.946875 0.643750 0.106250 0.143750
2 0.545312 0.989062 0.037500 0.021875
2 0.934375 0.787500 0.131250 0.187500
1 0.900781 0.924219 0.198437 0.151562
1 0.454688 0.898438 0.171875 0.165625
1 0.685937 0.851562 0.131250 0.140625
1 0.617969 0.858594 0.082812 0.092188
2 0.499219 0.695312 0.157812 0.143750
1 0.728906 0.759375 0.123438 0.181250
1 0.844531 0.797656 0.139063 0.129688
6 0.307031 0.893750 0.232813 0.212500
6 0.274219 0.767969 0.057813 0.064062
1 0.142187 0.360156 0.153125 0.164062
6 0.050781 0.322656 0.101562 0.145313
7 0.189844 0.442188 0.132812 0.103125
1 0.215625 0.512500 0.109375 0.106250
1 0.675781 0.615625 0.179688 0.146875
1 0.903906 0.512500 0.157812 0.181250
1 0.782813 0.493750 0.146875 0.131250
2 0.691406 0.529687 0.192188 0.146875
2 0.632812 0.410938 0.156250 0.190625
2 0.537500 0.298438 0.221875 0.200000
6 0.692969 0.373437 0.060937 0.087500
1 0.857031 0.378125 0.235937 0.203125
2 0.961719 0.218750 0.076563 0.175000
1 0.981250 0.071094 0.037500 0.142187
2 0.928906 0.071094 0.139063 0.142187
1 0.182812 0.104688 0.125000 0.187500
1 0.405469 0.152344 0.179688 0.195312
7 0.384375 0.037500 0.112500 0.075000
7 0.446875 0.047656 0.071875 0.095312
7 0.503125 0.025000 0.081250 0.050000
1 0.782031 0.087500 0.210938 0.175000
7 0.771094 0.201563 0.107813 0.121875
1 0.703906 0.025000 0.164062 0.050000
1 0.662500 0.081250 0.115625 0.087500
1 0.833594 0.000781 0.010937 0.001563
2 0.353906 0.746094 0.095312 0.114062
1 0.695312 0.953906 0.128125 0.092188
