2 0.717187 0.861719 0.137500 0.082812
2 0.475000 0.896875 0.143750 0.121875
2 0.350781 0.905469 0.170313 0.189062
2 0.565625 0.800000 0.125000 0.093750
2 0.594531 0.667969 0.179688 0.198437
2 0.805469 0.731250 0.210938 0.225000
2 0.689844 0.779687 0.104688 0.115625
2 0.764062 0.610156 0.103125 0.101562
2 0.695312 0.631250 0.084375 0.165625
2 0.918750 0.836719 0.134375 0.148438
2 0.971094 0.797656 0.057813 0.082812
7 0.928125 0.955469 0.143750 0.089063
6 0.903906 0.605469 0.101562 0.104688
2 0.867188 0.350000 0.125000 0.106250
2 0.849219 0.444531 0.135937 0.126562
2 0.931250 0.402344 0.078125 0.051562
2 0.594531 0.238281 0.229687 0.245312
1 0.597656 0.416406 0.192188 0.189062
1 0.919531 0.272656 0.117188 0.142187
2 0.957031 0.377344 0.085938 0.060937
2 0.964063 0.322656 0.071875 0.107813
1 0.781250 0.021875 0.103125 0.043750
7 0.792188 0.506250 0.168750 0.140625
7 0.456250 0.626563 0.175000 0.206250
1 0.225781 0.776563 0.195312 0.250000
1 0.252344 0.603906 0.229687 0.245312
2 0.398438 0.439063 0.218750 0.203125
2 0.353125 0.060937 0.193750 0.121875
1 0.420312 0.240625 0.215625 0.178125
1 0.057031 0.999219 0.001563 0.001563
1 0.077344 0.995313 0.032813 0.009375
1 0.170313 0.976562 0.146875 0.046875
2 0.001563 0.840625 0.003125 0.025000
1 0.066406 0.832812 0.132812 0.128125
1 0.035937 0.739844 0.071875 0.114062
1 0.095312 0.489063 0.153125 0.171875
1 0.043750 0.519531 0.087500 0.207813
1 0.000781 0.678906 0.001563 0.020313
1 0.024219 0.375781 0.048438 0.092188
1 0.048438 0.205469 0.096875 0.201563
1 0.092969 0.171094 0.089063 0.120313
6 0.186719 0.138281 0.079687 0.060937
1 0.175781 0.034375 0.142187 0.068750
6 0.045312 0.030469 0.075000 0.060937
2 0.943750 0.464844 0.112500 0.129688
2 0.681250 0.505469 0.071875 0.073438
2 0.350000 0.762500 0.112500 0.159375
6 0.096094 0.003906 0.023438 0.007812
