2 0.992188 0.034375 0.015625 0.050000
2 0.464844 0.994531 0.017188 0.010937
2 0.378906 0.981250 0.151562 0.037500
1 0.970313 0.994531 0.059375 0.010937
2 0.899219 0.951562 0.201563 0.096875
3 0.770312 0.913281 0.118750 0.135937
3 0.973437 0.924219 0.053125 0.098437
3 0.525000 0.966406 0.115625 0.067187
3 0.616406 0.956250 0.120313 0.087500
1 0.858594 0.901563 0.123438 0.096875
1 0.914062 0.844531 0.137500 0.132812
3 0.742188 0.973437 0.115625 0.053125
4 0.601562 0.872656 0.096875 0.129688
6 0.991406 0.847656 0.017188 0.029687
6 0.702344 0.855469 0.085938 0.110937
6 0.157031 0.826562 0.073438 0.109375
1 0.119531 0.647656 0.148438 0.120313
1 0.192969 0.713281 0.107813 0.129688
1 0.710938 0.661719 0.253125 0.229687
6 0.576562 0.707031 0.109375 0.101562
4 0.900781 0.678125 0.173437 0.168750
1 0.993750 0.671875 0.012500 0.062500
1 0.960156 0.576562 0.079687 0.140625
2 0.566406 0.441406 0.289062 0.282813
2 0.272656 0.736719 0.076563 0.073438
1 0.132031 0.499219 0.264062 0.245312
3 0.528125 0.743750 0.146875 0.109375
1 0.875781 0.494531 0.248438 0.204687
1 0.616406 0.267969 0.107813 0.095312
1 0.695312 0.351562 0.131250 0.103125
2 0.710156 0.257031 0.226562 0.254688
1 0.061719 0.389844 0.123438 0.235937
1 0.186719 0.246094 0.217188 0.164062
1 0.082812 0.133594 0.165625 0.167187
1 0.002344 0.090625 0.004687 0.015625
1 0.025000 0.041406 0.050000 0.082812
1 0.137500 0.002344 0.025000 0.004687
2 0.373437 0.064844 0.203125 0.129688
2 0.495312 0.063281 0.153125 0.126562
2 0.571094 0.041406 0.098437 0.082812
2 0.634375 0.039844 0.153125 0.079687
2 0.678906 0.103125 0.176563 0.100000
2 0.959375 0.033594 0.081250 0.067187
2 0.890625 0.010156 0.018750 0.020313
2 0.852344 0.053906 0.126562 0.107813
6 0.745313 0.057031 0.121875 0.114062
6 0.906250 0.094531 0.062500 0.051562
6 0.915625 0.029687 0.046875 0.059375
6 0.995313 0.004687 0.009375 0.009375
6 0.971875 0.115625 0.056250 0.046875
6 0.180469 0.107813 0.085938 0.100000
2 0.329688 0.756250 0.071875 0.065625
