2 0.961719 0.989844 0.076563 0.020313
2 0.999219 0.964063 0.001563 0.003125
1 0.978125 0.133594 0.043750 0.167187
1 0.940625 0.296094 0.118750 0.110937
1 0.985156 0.484375 0.029687 0.059375
2 0.991406 0.587500 0.017188 0.043750
2 0.909375 0.433594 0.181250 0.176563
2 0.973437 0.687500 0.053125 0.090625
1 0.947656 0.556250 0.104688 0.150000
2 0.988281 0.622656 0.023438 0.045312
1 0.889844 0.703125 0.220312 0.306250
1 0.830469 0.853906 0.217188 0.204687
1 0.676562 0.671094 0.228125 0.254688
1 0.782813 0.589844 0.096875 0.117188
1 0.719531 0.521875 0.079687 0.065625
1 0.586719 0.480469 0.189062 0.257812
1 0.736719 0.405469 0.110937 0.114062
1 0.792188 0.271094 0.206250 0.232813
1 0.722656 0.130469 0.160938 0.148438
2 0.614844 0.258594 0.220312 0.270313
2 0.841406 0.365625 0.089063 0.068750
2 0.704688 0.486719 0.087500 0.085938
2 0.803906 0.489844 0.117188 0.092188
1 0.419531 0.232813 0.167187 0.128125
1 0.184375 0.249219 0.140625 0.195312
2 0.260156 0.217969 0.207813 0.210938
1 0.208594 0.034375 0.170313 0.068750
1 0.400781 0.010937 0.032813 0.021875
2 0.075781 0.036719 0.110937 0.073438
2 0.160156 0.076563 0.129688 0.087500
1 0.005469 0.217969 0.010937 0.110937
2 0.337500 0.339844 0.153125 0.120313
2 0.053906 0.272656 0.107813 0.176563
1 0.156250 0.510938 0.303125 0.321875
2 0.548438 0.600781 0.115625 0.095312
4 0.407813 0.578906 0.121875 0.142187
4 0.554688 0.696094 0.134375 0.148438
2 0.514062 0.793750 0.181250 0.203125
2 0.963281 0.913281 0.073438 0.148438
4 0.801562 0.956250 0.259375 0.087500
1 0.033594 0.532813 0.067187 0.100000
2 0.073438 0.648438 0.146875 0.162500
2 0.248438 0.928906 0.228125 0.142187
4 0.375000 0.701562 0.112500 0.134375
2 0.660937 0.841406 0.168750 0.176563
2 0.617188 0.948438 0.146875 0.103125
2 0.478125 0.962500 0.131250 0.075000
1 0.403906 0.997656 0.010937 0.004687
1 0.296094 0.974219 0.192188 0.051562
4 0.132031 0.725000 0.092188 0.093750
2 0.034375 0.775000 0.068750 0.103125
1 0.081250 0.863281 0.162500 0.135937
1 0.177344 0.992188 0.035937 0.015625
1 0.121875 0.978125 0.090625 0.043750
2 0.067187 0.991406 0.028125 0.017188
2 0.019531 0.989844 0.039062 0.020313
6 0.053906 0.169531 0.057813 0.082812
1 0.777344 0.023438 0.110937 0.046875
1 0.840625 0.050000 0.137500 0.100000
1 0.972656 0.039062 0.054688 0.078125
1 0.949219 0.000781 0.007812 0.001563
2 0.481250 0.544531 0.081250 0.117188
