2 0.419531 0.014063 0.029687 0.028125
2 0.650000 0.015625 0.137500 0.031250
1 0.012500 0.008594 0.025000 0.017188
2 0.131250 0.053125 0.225000 0.106250
2 0.367969 0.032813 0.089063 0.065625
2 0.025000 0.114062 0.050000 0.100000
7 0.067187 0.082031 0.109375 0.107813
1 0.167969 0.189844 0.151562 0.182812
1 0.239063 0.125781 0.078125 0.120313
2 0.001563 0.314063 0.003125 0.012500
2 0.017188 0.239063 0.034375 0.131250
2 0.058594 0.225000 0.098437 0.128125
2 0.489063 0.012500 0.056250 0.025000
2 0.591406 0.135937 0.189062 0.271875
2 0.473438 0.154688 0.215625 0.290625
1 0.805469 0.048438 0.160938 0.096875
1 0.732031 0.089063 0.167187 0.178125
1 0.931250 0.003906 0.018750 0.007812
1 0.879687 0.008594 0.059375 0.017188
1 0.927344 0.036719 0.120313 0.073438
1 0.897656 0.147656 0.151562 0.179688
1 0.852344 0.298438 0.160938 0.143750
2 0.986719 0.134375 0.026562 0.040625
2 0.987500 0.040625 0.025000 0.081250
2 0.999219 0.258594 0.001563 0.001563
2 0.990625 0.192188 0.018750 0.040625
2 0.785156 0.219531 0.104688 0.142187
2 0.957812 0.253125 0.084375 0.100000
2 0.676562 0.374219 0.212500 0.260937
2 0.503125 0.386719 0.175000 0.232813
1 0.997656 0.347656 0.004687 0.010937
1 0.811719 0.481250 0.189062 0.256250
4 0.945312 0.452344 0.109375 0.179688
2 0.993750 0.514062 0.012500 0.015625
2 0.835938 0.667969 0.125000 0.182812
5 0.739844 0.701562 0.164062 0.200000
2 0.556250 0.608594 0.165625 0.192188
2 0.601562 0.550000 0.121875 0.100000
2 0.314063 0.212500 0.162500 0.165625
1 0.275781 0.444531 0.173437 0.173437
1 0.407031 0.478125 0.120313 0.206250
1 0.201563 0.388281 0.143750 0.135937
1 0.112500 0.342187 0.128125 0.137500
1 0.100781 0.482812 0.201563 0.203125
1 0.191406 0.578906 0.176563 0.126562
1 0.152344 0.677344 0.201563 0.142187
7 0.042188 0.596094 0.084375 0.098437
2 0.207813 0.302344 0.131250 0.085938
2 0.495312 0.740625 0.103125 0.137500
7 0.331250 0.567187 0.153125 0.125000
1 0.067187 0.804688 0.134375 0.190625
2 0.196875 0.910156 0.284375 0.179688
2 0.030469 0.980469 0.060937 0.039062
2 0.432031 0.907813 0.110937 0.171875
7 0.500000 0.983594 0.137500 0.032813
3 0.644531 0.714063 0.073438 0.109375
3 0.160938 0.814844 0.106250 0.082812
3 0.282031 0.767969 0.104688 0.107813
7 0.367969 0.808594 0.126562 0.117188
3 0.038281 0.946094 0.064062 0.079687
1 0.513281 0.885156 0.082812 0.064062
1 0.803906 0.884375 0.201563 0.150000
1 0.710938 0.922656 0.184375 0.154688
1 0.908594 0.996875 0.014063 0.006250
1 0.991406 0.871094 0.017188 0.101562
1 0.947656 0.961719 0.104688 0.076563
3 0.868750 0.568750 0.087500 0.068750
6 0.920312 0.607812 0.090625 0.103125
7 0.725000 0.545312 0.093750 0.109375
2 0.340625 0.273438 0.128125 0.087500
