6 0.013281 0.015625 0.026562 0.028125
1 0.020313 0.003125 0.040625 0.006250
6 0.156250 0.000781 0.009375 0.001563
6 0.164062 0.382031 0.068750 0.064062
1 0.623437 0.010156 0.050000 0.020313
1 0.996875 0.003125 0.006250 0.006250
1 0.906250 0.025781 0.125000 0.051562
1 0.842187 0.094531 0.225000 0.189062
1 0.628125 0.169531 0.200000 0.239063
1 0.525781 0.146094 0.089063 0.154688
7 0.734375 0.259375 0.162500 0.134375
6 0.694531 0.308594 0.110937 0.092188
7 0.660156 0.385937 0.123438 0.156250
6 0.594531 0.509375 0.104688 0.096875
1 0.644531 0.950781 0.095312 0.098437
5 0.492969 0.022656 0.135937 0.045312
5 0.368750 0.017969 0.075000 0.035937
1 0.344531 0.103125 0.245312 0.206250
7 0.387500 0.213281 0.150000 0.104688
1 0.413281 0.307031 0.148438 0.135937
7 0.350000 0.398438 0.109375 0.137500
7 0.259375 0.382031 0.078125 0.110937
1 0.148438 0.277344 0.159375 0.095312
1 0.012500 0.263281 0.025000 0.089063
1 0.087500 0.347656 0.078125 0.085938
1 0.044531 0.334375 0.089063 0.171875
1 0.046875 0.116406 0.093750 0.192188
2 0.114062 0.153906 0.125000 0.142187
7 0.140625 0.049219 0.112500 0.085938
7 0.249219 0.550781 0.160938 0.160938
1 0.232031 0.706250 0.095312 0.150000
1 0.543750 0.813281 0.109375 0.129688
1 0.489063 0.898438 0.134375 0.118750
1 0.389062 0.910156 0.096875 0.145313
1 0.286719 0.817969 0.189062 0.185938
2 0.428906 0.737500 0.182812 0.193750
1 0.445312 0.586719 0.146875 0.126562
5 0.961719 0.196875 0.076563 0.175000
1 0.958594 0.298438 0.082812 0.131250
2 0.990625 0.048438 0.018750 0.028125
1 0.683594 0.545312 0.092188 0.134375
7 0.615625 0.572656 0.071875 0.117188
6 0.969531 0.868750 0.060937 0.106250
3 0.371875 0.999219 0.000000 0.001563
3 0.409375 0.997656 0.015625 0.004687
4 0.700000 0.914844 0.134375 0.170313
3 0.765625 0.979688 0.056250 0.040625
1 0.131250 0.492969 0.262500 0.220312
3 0.969531 0.426563 0.060937 0.131250
1 0.971875 0.710938 0.056250 0.137500
2 0.992188 0.626563 0.015625 0.028125
2 0.997656 0.596875 0.004687 0.021875
2 0.908594 0.682813 0.145313 0.096875
1 0.832812 0.548438 0.100000 0.131250
2 0.882812 0.910156 0.162500 0.154688
