7 0.152344 0.997656 0.017188 0.004687
7 0.103906 0.941406 0.067187 0.060937
7 0.411719 0.991406 0.029687 0.017188
7 0.679688 0.881250 0.056250 0.053125
7 0.653906 0.841406 0.132812 0.164062
6 0.229687 0.913281 0.109375 0.082812
6 0.492969 0.903125 0.126562 0.112500
7 0.245312 0.835938 0.062500 0.075000
2 0.457813 0.724219 0.221875 0.198437
7 0.550781 0.566406 0.110937 0.129688
7 0.738281 0.590625 0.110937 0.096875
7 0.662500 0.672656 0.140625 0.107813
6 0.974219 0.575781 0.051562 0.104688
1 0.248438 0.582031 0.128125 0.085938
7 0.069531 0.499219 0.107813 0.114062
7 0.239844 0.509375 0.142187 0.125000
1 0.534375 0.445312 0.118750 0.134375
2 0.710156 0.443750 0.117188 0.137500
7 0.697656 0.386719 0.082812 0.085938
6 0.653906 0.432812 0.060937 0.075000
7 0.867188 0.242969 0.128125 0.117188
7 0.788281 0.216406 0.095312 0.092188
7 0.993750 0.026562 0.012500 0.053125
1 0.832812 0.095312 0.100000 0.087500
7 0.907813 0.138281 0.068750 0.064062
7 0.014844 0.064062 0.029687 0.053125
7 0.010156 0.124219 0.020313 0.051562
1 0.140625 0.526563 0.071875 0.103125
1 0.144531 0.611719 0.076563 0.110937
1 0.005469 0.317969 0.010937 0.039062
1 0.010156 0.429688 0.020313 0.046875
1 0.738281 0.081250 0.089063 0.087500
1 0.908594 0.085938 0.054688 0.050000
1 0.800000 0.642188 0.090625 0.140625
