7 0.302344 0.003906 0.026562 0.007812
7 0.346094 0.028125 0.095312 0.056250
7 0.260156 0.005469 0.064062 0.010937
7 0.228125 0.018750 0.046875 0.037500
7 0.270313 0.030469 0.059375 0.054688
7 0.192188 0.039062 0.084375 0.075000
7 0.145313 0.018750 0.059375 0.037500
7 0.189062 0.003906 0.037500 0.007812
7 0.851562 0.002344 0.028125 0.004687
7 0.799219 0.000000 0.010937 0.000000
7 0.616406 0.001563 0.020313 0.003125
7 0.882812 0.005469 0.034375 0.010937
7 0.116406 0.067187 0.042188 0.068750
7 0.219531 0.101562 0.082812 0.078125
7 0.282031 0.098437 0.048438 0.046875
7 0.400781 0.005469 0.039062 0.010937
7 0.643750 0.038281 0.071875 0.076563
7 0.691406 0.010156 0.051562 0.020313
7 0.157031 0.132031 0.079687 0.089063
1 0.229687 0.163281 0.096875 0.101562
1 0.680469 0.118750 0.095312 0.075000
1 0.856250 0.210938 0.090625 0.084375
1 0.781250 0.239844 0.103125 0.095312
1 0.843750 0.301563 0.106250 0.096875
7 0.682813 0.273438 0.115625 0.118750
1 0.776563 0.069531 0.084375 0.095312
1 0.742188 0.022656 0.075000 0.045312
7 0.764844 0.344531 0.101562 0.129688
7 0.845313 0.433594 0.100000 0.101562
7 0.513281 0.439844 0.089063 0.057813
7 0.481250 0.462500 0.081250 0.071875
1 0.745313 0.467187 0.137500 0.143750
7 0.232031 0.314063 0.079687 0.100000
7 0.026562 0.462500 0.053125 0.056250
7 0.025000 0.520312 0.050000 0.071875
7 0.071094 0.514062 0.060937 0.084375
7 0.046875 0.551562 0.062500 0.050000
1 0.181250 0.389062 0.115625 0.121875
7 0.226562 0.504687 0.096875 0.106250
1 0.141406 0.503125 0.107813 0.096875
1 0.283594 0.467187 0.126562 0.103125
7 0.064844 0.589844 0.110937 0.076563
7 0.069531 0.646094 0.064062 0.060937
1 0.141406 0.550000 0.085938 0.087500
7 0.028125 0.648438 0.056250 0.075000
7 0.220312 0.595313 0.103125 0.118750
7 0.162500 0.634375 0.087500 0.103125
7 0.287500 0.557813 0.075000 0.090625
7 0.237500 0.689063 0.109375 0.078125
7 0.338281 0.504687 0.067187 0.065625
7 0.404687 0.505469 0.087500 0.079687
7 0.297656 0.654687 0.057813 0.062500
7 0.950000 0.550781 0.100000 0.064062
7 0.960156 0.505469 0.079687 0.048438
7 0.946875 0.455469 0.093750 0.079687
7 0.964063 0.414844 0.071875 0.089063
1 0.723437 0.590625 0.146875 0.128125
1 0.728125 0.692187 0.103125 0.100000
1 0.584375 0.472656 0.106250 0.076563
1 0.532031 0.517969 0.135937 0.114062
1 0.355469 0.596094 0.107813 0.129688
1 0.602344 0.633594 0.114062 0.170313
7 0.432812 0.573438 0.068750 0.078125
7 0.025781 0.718750 0.051562 0.084375
7 0.085156 0.703125 0.101562 0.100000
1 0.435156 0.696875 0.226562 0.178125
1 0.660937 0.734375 0.109375 0.090625
7 0.849219 0.649219 0.092188 0.110937
7 0.912500 0.650000 0.090625 0.128125
7 0.974219 0.639844 0.051562 0.092188
7 0.985156 0.684375 0.029687 0.056250
7 0.983594 0.740625 0.032813 0.065625
7 0.795312 0.785156 0.115625 0.114062
1 0.935937 0.710938 0.090625 0.100000
1 0.932813 0.785937 0.068750 0.068750
1 0.979688 0.835938 0.040625 0.106250
2 0.871094 0.917188 0.160938 0.165625
2 0.985938 0.945312 0.028125 0.103125
7 0.781250 0.986719 0.084375 0.026562
7 0.650000 0.962500 0.171875 0.075000
7 0.562500 0.949219 0.137500 0.098437
7 0.579688 0.873437 0.143750 0.131250
7 0.532813 0.988281 0.062500 0.023438
7 0.557813 0.796875 0.081250 0.090625
7 0.635938 0.782031 0.146875 0.098437
1 0.148438 0.789062 0.106250 0.159375
1 0.219531 0.772656 0.082812 0.070312
2 0.470313 0.817969 0.081250 0.079687
7 0.318750 0.713281 0.081250 0.067187
7 0.266406 0.749219 0.085938 0.073438
6 0.220312 0.928906 0.109375 0.089063
2 0.388281 0.801562 0.123438 0.106250
2 0.318750 0.796875 0.078125 0.115625
1 0.147656 0.987500 0.107813 0.025000
1 0.340625 0.954688 0.118750 0.090625
1 0.303906 0.989062 0.054688 0.021875
7 0.473438 0.978906 0.093750 0.042188
7 0.264844 0.987500 0.051562 0.025000
2 0.417187 0.964844 0.084375 0.070312
6 0.870313 0.997656 0.006250 0.004687
