1 0.010937 0.987500 0.021875 0.025000
1 0.074219 0.978125 0.132812 0.043750
2 0.366406 0.870313 0.132812 0.093750
2 0.296094 0.920312 0.073438 0.090625
2 0.397656 0.827344 0.092188 0.073438
2 0.215625 0.931250 0.131250 0.131250
1 0.168750 0.903125 0.150000 0.109375
2 0.064844 0.887500 0.092188 0.150000
2 0.005469 0.968750 0.010937 0.018750
2 0.376563 0.767188 0.065625 0.078125
6 0.357031 0.923438 0.076563 0.062500
2 0.150781 0.827344 0.107813 0.104688
2 0.144531 0.739062 0.176563 0.131250
1 0.035156 0.857031 0.070312 0.223438
2 0.057813 0.548438 0.093750 0.096875
2 0.035156 0.332031 0.070312 0.189062
2 0.103906 0.286719 0.189062 0.160938
6 0.363281 0.246094 0.120313 0.117188
2 0.436719 0.311719 0.132812 0.085938
2 0.222656 0.229687 0.101562 0.112500
2 0.550000 0.480469 0.200000 0.157812
2 0.586719 0.642969 0.110937 0.123438
2 0.497656 0.650781 0.082812 0.089063
1 0.313281 0.472656 0.185938 0.132812
1 0.294531 0.976562 0.167187 0.046875
2 0.223438 0.602344 0.118750 0.120313
2 0.189062 0.646875 0.100000 0.081250
2 0.257812 0.725781 0.103125 0.120313
2 0.317969 0.752344 0.101562 0.082812
2 0.017969 0.556250 0.035937 0.068750
6 0.027344 0.518750 0.045312 0.040625
2 0.491406 0.228906 0.185938 0.198437
2 0.369531 0.142187 0.117188 0.125000
2 0.315625 0.075000 0.156250 0.106250
6 0.192969 0.106250 0.051562 0.065625
4 0.296094 0.030469 0.135937 0.060937
4 0.221094 0.000000 0.004687 0.000000
2 0.206250 0.044531 0.062500 0.089063
2 0.507812 0.027344 0.068750 0.054688
2 0.436719 0.102344 0.054688 0.101562
2 0.465625 0.106250 0.112500 0.131250
2 0.545312 0.021094 0.053125 0.042188
2 0.084375 0.115625 0.168750 0.125000
7 0.604688 0.296094 0.153125 0.148438
7 0.705469 0.095312 0.060937 0.071875
7 0.751563 0.082812 0.043750 0.059375
7 0.528125 0.090625 0.053125 0.093750
1 0.156250 0.017188 0.043750 0.034375
1 0.014063 0.023438 0.028125 0.046875
1 0.124219 0.573438 0.117188 0.156250
1 0.292969 0.654687 0.129688 0.115625
7 0.703125 0.564844 0.059375 0.067187
