1 0.770312 0.999219 0.006250 0.001563
1 0.988281 0.927344 0.023438 0.060937
1 0.907813 0.907813 0.184375 0.184375
2 0.744531 0.792188 0.176563 0.212500
2 0.526563 0.678125 0.159375 0.262500
2 0.213281 0.891406 0.192188 0.217188
1 0.185938 0.655469 0.175000 0.195312
1 0.159375 0.775781 0.143750 0.117188
7 0.010156 0.646875 0.020313 0.046875
7 0.034375 0.758594 0.068750 0.085938
7 0.021875 0.719531 0.043750 0.051562
7 0.044531 0.672656 0.082812 0.104688
7 0.007812 0.548438 0.015625 0.046875
6 0.997656 0.539844 0.004687 0.014063
6 0.999219 0.511719 0.001563 0.001563
7 0.010937 0.426563 0.021875 0.071875
2 0.365625 0.434375 0.190625 0.181250
7 0.788281 0.411719 0.129688 0.157812
1 0.805469 0.301563 0.129688 0.118750
1 0.610938 0.323437 0.262500 0.246875
1 0.908594 0.457813 0.114062 0.093750
1 0.892969 0.392188 0.126562 0.106250
7 0.911719 0.333594 0.110937 0.073438
1 0.000781 0.490625 0.001563 0.006250
1 0.005469 0.467187 0.010937 0.021875
7 0.031250 0.014844 0.062500 0.029687
7 0.078906 0.316406 0.067187 0.082812
7 0.093750 0.181250 0.106250 0.106250
7 0.279687 0.246875 0.103125 0.059375
7 0.300000 0.026562 0.081250 0.053125
1 0.056250 0.125000 0.112500 0.159375
2 0.013281 0.257812 0.026562 0.109375
1 0.360156 0.194531 0.110937 0.170313
1 0.457031 0.105469 0.123438 0.126562
1 0.517969 0.081250 0.164062 0.162500
1 0.700000 0.046875 0.084375 0.093750
1 0.914062 0.147656 0.115625 0.123438
6 0.954688 0.063281 0.062500 0.089063
6 0.370312 0.011719 0.056250 0.023438
6 0.005469 0.049219 0.010937 0.039062
7 0.878906 0.114062 0.085938 0.075000
7 0.978906 0.158594 0.042188 0.104688
2 0.822656 0.717969 0.048438 0.026562
2 0.767188 0.653906 0.134375 0.123438
7 0.621875 0.188281 0.084375 0.054688
6 0.642188 0.097656 0.059375 0.054688
