7 0.042188 0.687500 0.084375 0.153125
2 0.320312 0.631250 0.153125 0.090625
7 0.419531 0.711719 0.135937 0.123438
2 0.112500 0.403906 0.225000 0.135937
6 0.253125 0.747656 0.106250 0.085938
1 0.530469 0.361719 0.101562 0.107813
1 0.385937 0.399219 0.209375 0.107813
1 0.229687 0.364844 0.078125 0.085938
1 0.292187 0.255469 0.118750 0.148438
1 0.388281 0.292969 0.164062 0.110937
1 0.043750 0.314063 0.087500 0.165625
1 0.110156 0.234375 0.220312 0.212500
1 0.471875 0.200781 0.162500 0.154688
1 0.432812 0.071875 0.103125 0.143750
2 0.285938 0.126562 0.187500 0.131250
1 0.532813 0.070312 0.131250 0.109375
1 0.312500 0.043750 0.128125 0.087500
1 0.507812 0.017969 0.162500 0.035937
1 0.625000 0.032031 0.106250 0.064062
1 0.745313 0.110156 0.328125 0.220312
1 0.149219 0.044531 0.217188 0.089063
2 0.319531 0.404687 0.192188 0.159375
1 0.134375 0.130469 0.112500 0.110937
