1 0.823438 0.933594 0.181250 0.132812
5 0.892969 0.814063 0.214062 0.228125
1 0.955469 0.103906 0.089063 0.207813
1 0.847656 0.098437 0.142187 0.196875
2 0.731250 0.081250 0.100000 0.140625
2 0.556250 0.391406 0.218750 0.232813
1 0.998437 0.775000 0.003125 0.003125
1 0.920312 0.691406 0.159375 0.110937
1 0.746094 0.732031 0.167187 0.242188
2 0.346094 0.564063 0.117188 0.100000
2 0.100781 0.887500 0.201563 0.225000
2 0.651563 0.777344 0.078125 0.132812
2 0.639062 0.660156 0.128125 0.117188
1 0.682813 0.334375 0.193750 0.156250
1 0.840625 0.276562 0.175000 0.243750
2 0.632812 0.503906 0.165625 0.123438
2 0.139063 0.545312 0.234375 0.215625
2 0.131250 0.317188 0.156250 0.203125
2 0.021094 0.243750 0.042188 0.103125
1 0.096875 0.128906 0.193750 0.257812
1 0.275000 0.218750 0.178125 0.162500
2 0.139063 0.419531 0.115625 0.145313
2 0.119531 0.000781 0.004687 0.001563
2 0.321875 0.064062 0.178125 0.128125
2 0.207031 0.049219 0.176563 0.098437
3 0.182812 0.975000 0.075000 0.050000
1 0.003906 0.696094 0.007812 0.014063
1 0.113281 0.687500 0.110937 0.096875
1 0.341406 0.001563 0.020313 0.003125
6 0.022656 0.411719 0.045312 0.126562
2 0.024219 0.504687 0.048438 0.087500
