6 0.435156 0.785156 0.067187 0.067187
1 0.373437 0.232031 0.153125 0.129688
1 0.439844 0.325000 0.120313 0.100000
2 0.842187 0.405469 0.165625 0.120313
1 0.696094 0.385156 0.129688 0.117188
2 0.650781 0.472656 0.160938 0.098437
2 0.591406 0.392188 0.117188 0.181250
2 0.377344 0.444531 0.157812 0.192188
2 0.896875 0.544531 0.206250 0.170313
2 0.949219 0.633594 0.101562 0.082812
7 0.996094 0.664062 0.007812 0.028125
1 0.621875 0.002344 0.021875 0.004687
1 0.496094 0.046875 0.164062 0.093750
1 0.677344 0.175000 0.095312 0.128125
1 0.575781 0.166406 0.142187 0.135937
2 0.606250 0.073438 0.071875 0.053125
3 0.951562 0.046875 0.068750 0.093750
2 0.873437 0.007812 0.115625 0.015625
2 0.851562 0.059375 0.162500 0.118750
1 0.376563 0.932813 0.109375 0.106250
1 0.746094 0.964063 0.123438 0.071875
2 0.281250 0.977344 0.090625 0.045312
1 0.417969 0.996875 0.017188 0.006250
1 0.492188 0.996094 0.028125 0.007812
2 0.767188 0.996094 0.015625 0.007812
1 0.700781 0.839844 0.217188 0.151562
1 0.596875 0.838281 0.137500 0.092188
1 0.889062 0.982812 0.096875 0.034375
1 0.597656 0.932031 0.192188 0.135937
2 0.172656 0.851562 0.107813 0.112500
