1 0.279687 0.415625 0.221875 0.300000
1 0.971875 0.957031 0.056250 0.085938
1 0.942969 0.984375 0.060937 0.031250
7 0.996875 0.848437 0.006250 0.009375
2 0.980469 0.756250 0.039062 0.068750
1 0.628125 0.489844 0.125000 0.123438
1 0.695312 0.446094 0.143750 0.129688
1 0.160156 0.949219 0.139063 0.101562
1 0.276562 0.986719 0.071875 0.026562
2 0.457813 0.969531 0.087500 0.060937
1 0.539062 0.954688 0.118750 0.090625
2 0.647656 0.948438 0.204687 0.103125
1 0.725000 0.993750 0.046875 0.012500
1 0.750000 0.956250 0.090625 0.087500
1 0.743750 0.685937 0.075000 0.084375
1 0.864844 0.758594 0.092188 0.104688
6 0.391406 0.930469 0.057813 0.051562
1 0.367188 0.852344 0.093750 0.092188
1 0.085156 0.677344 0.117188 0.195312
1 0.317188 0.688281 0.131250 0.160938
1 0.261719 0.619531 0.057813 0.057813
2 0.196094 0.676562 0.135937 0.215625
1 0.067187 0.835938 0.121875 0.121875
2 0.230469 0.850000 0.160938 0.134375
1 0.525000 0.863281 0.121875 0.182812
1 0.621875 0.872656 0.071875 0.089063
2 0.625781 0.809375 0.092188 0.056250
1 0.435937 0.760156 0.168750 0.129688
2 0.519531 0.749219 0.060937 0.054688
2 0.301563 0.932813 0.103125 0.093750
1 0.403906 0.615625 0.170313 0.159375
1 0.548438 0.664062 0.125000 0.131250
1 0.656250 0.703906 0.143750 0.148438
2 0.417969 0.457031 0.132812 0.170313
2 0.508594 0.428125 0.101562 0.165625
2 0.396094 0.367969 0.142187 0.104688
1 0.594531 0.344531 0.126562 0.114062
2 0.788281 0.711719 0.148438 0.114062
2 0.913281 0.915625 0.114062 0.109375
2 0.845313 0.875000 0.100000 0.128125
2 0.901563 0.832812 0.065625 0.046875
2 0.976562 0.828125 0.046875 0.109375
2 0.713281 0.803906 0.082812 0.082812
1 0.946094 0.701562 0.107813 0.100000
1 0.849219 0.298438 0.079687 0.125000
1 0.935937 0.475000 0.112500 0.131250
2 0.778125 0.332813 0.090625 0.068750
1 0.943750 0.322656 0.112500 0.145313
1 0.002344 0.135156 0.004687 0.026562
1 0.006250 0.005469 0.012500 0.010937
1 0.030469 0.038281 0.060937 0.076563
1 0.107813 0.017188 0.112500 0.034375
2 0.089844 0.344531 0.179688 0.085938
2 0.097656 0.267969 0.179688 0.123438
1 0.047656 0.182812 0.095312 0.100000
2 0.160938 0.135156 0.146875 0.170313
2 0.064062 0.103125 0.112500 0.109375
2 0.420312 0.243750 0.181250 0.203125
2 0.537500 0.259375 0.096875 0.078125
1 0.503906 0.130469 0.204687 0.232813
1 0.674219 0.133594 0.176563 0.214062
2 0.303906 0.094531 0.079687 0.098437
2 0.310937 0.005469 0.056250 0.010937
2 0.517969 0.021875 0.217188 0.043750
2 0.715625 0.252344 0.131250 0.095312
1 0.904687 0.176563 0.181250 0.159375
1 0.912500 0.048438 0.134375 0.096875
1 0.969531 0.103125 0.060937 0.093750
2 0.996094 0.203125 0.007812 0.015625
2 0.994531 0.170313 0.010937 0.046875
2 0.832031 0.003906 0.023438 0.007812
1 0.987500 0.010156 0.025000 0.020313
2 0.000000 0.834375 0.000000 0.003125
2 0.010156 0.786719 0.020313 0.039062
2 0.149219 0.815625 0.104688 0.112500
