2 0.882031 0.544531 0.135937 0.157812
1 0.723437 0.574219 0.103125 0.123438
1 0.753125 0.468750 0.209375 0.165625
1 0.960156 0.587500 0.079687 0.134375
1 0.728125 0.317188 0.134375 0.165625
2 0.977344 0.337500 0.045312 0.093750
2 0.661719 0.221094 0.192188 0.098437
2 0.829688 0.369531 0.121875 0.104688
2 0.804688 0.271875 0.078125 0.106250
2 0.879687 0.266406 0.068750 0.079687
1 0.921875 0.419531 0.096875 0.132812
1 0.947656 0.295312 0.104688 0.131250
1 0.315625 0.927344 0.112500 0.095312
2 0.534375 0.958594 0.125000 0.082812
1 0.328125 0.978125 0.087500 0.043750
1 0.941406 0.975781 0.101562 0.048438
1 0.386719 0.086719 0.117188 0.151562
1 0.326562 0.103906 0.134375 0.185938
2 0.994531 0.021875 0.010937 0.012500
2 0.990625 0.004687 0.018750 0.009375
2 0.010156 0.510156 0.020313 0.051562
2 0.752344 0.071094 0.120313 0.142187
3 0.240625 0.351562 0.146875 0.106250
2 0.317188 0.326562 0.071875 0.078125
2 0.181250 0.200781 0.209375 0.270313
2 0.000781 0.827344 0.001563 0.014063
2 0.000000 0.808594 0.000000 0.001563
2 0.000000 0.773438 0.000000 0.000000
1 0.006250 0.004687 0.012500 0.009375
1 0.008594 0.227344 0.017188 0.039062
1 0.015625 0.164062 0.031250 0.090625
1 0.112500 0.053125 0.203125 0.106250
2 0.328906 0.013281 0.076563 0.026562
2 0.388281 0.254688 0.129688 0.112500
2 0.485938 0.160156 0.184375 0.132812
2 0.429688 0.034375 0.128125 0.068750
2 0.533594 0.074219 0.204687 0.148438
4 0.638281 0.089844 0.123438 0.076563
4 0.901563 0.053906 0.196875 0.107813
2 0.839844 0.107813 0.132812 0.146875
2 0.903906 0.131250 0.051562 0.062500
1 0.907813 0.168750 0.184375 0.159375
3 0.128125 0.407031 0.165625 0.170313
3 0.015625 0.407813 0.031250 0.093750
2 0.092969 0.536719 0.110937 0.126562
2 0.003125 0.982031 0.006250 0.010937
2 0.060937 0.100781 0.121875 0.164062
