1 0.935937 0.081250 0.128125 0.162500
1 0.960156 0.237500 0.079687 0.156250
1 0.976562 0.350781 0.046875 0.082812
6 0.838281 0.271094 0.182812 0.260937
1 0.998437 0.398438 0.003125 0.015625
1 0.921875 0.485938 0.156250 0.153125
1 0.997656 0.597656 0.004687 0.014063
1 0.884375 0.658594 0.231250 0.226562
2 0.844531 0.771875 0.154688 0.096875
2 0.819531 0.825000 0.129688 0.103125
2 0.917969 0.835938 0.107813 0.084375
2 0.939063 0.976562 0.075000 0.046875
2 0.831250 0.968750 0.134375 0.062500
2 0.884375 0.940625 0.056250 0.059375
1 0.017188 0.987500 0.034375 0.025000
7 0.066406 0.857031 0.132812 0.154688
7 0.018750 0.550781 0.037500 0.095312
1 0.016406 0.613281 0.032813 0.035937
2 0.398438 0.964063 0.187500 0.071875
2 0.269531 0.967187 0.126562 0.065625
2 0.376563 0.808594 0.103125 0.098437
2 0.449219 0.858594 0.095312 0.126562
2 0.368750 0.675781 0.068750 0.079687
2 0.025000 0.707031 0.050000 0.123438
2 0.100781 0.642969 0.126562 0.110937
2 0.059375 0.735156 0.053125 0.079687
2 0.160938 0.733594 0.175000 0.157812
2 0.260156 0.687500 0.114062 0.121875
2 0.303125 0.749219 0.071875 0.076563
2 0.478906 0.732812 0.151562 0.134375
1 0.212500 0.950781 0.056250 0.082812
2 0.299219 0.885156 0.057813 0.064062
1 0.153125 0.253906 0.071875 0.067187
1 0.083594 0.168750 0.073438 0.084375
2 0.315625 0.425000 0.137500 0.146875
2 0.284375 0.344531 0.059375 0.067187
2 0.364063 0.309375 0.075000 0.103125
2 0.217188 0.479687 0.068750 0.115625
2 0.212500 0.259375 0.078125 0.140625
2 0.416406 0.212500 0.095312 0.059375
2 0.476562 0.295312 0.068750 0.100000
7 0.023438 0.420312 0.046875 0.115625
6 0.141406 0.582031 0.051562 0.045312
2 0.260937 0.056250 0.071875 0.071875
2 0.421875 0.046875 0.103125 0.065625
2 0.512500 0.175000 0.153125 0.206250
1 0.043750 0.059375 0.087500 0.112500
1 0.091406 0.039062 0.182812 0.078125
1 0.148438 0.137500 0.150000 0.153125
2 0.714844 0.026562 0.126562 0.053125
2 0.432812 0.292187 0.100000 0.125000
2 0.558594 0.343750 0.132812 0.137500
2 0.511719 0.414844 0.070312 0.082812
2 0.739844 0.370312 0.217188 0.146875
2 0.682813 0.503125 0.106250 0.062500
1 0.599219 0.646094 0.154688 0.164062
1 0.685156 0.739062 0.154688 0.146875
2 0.546094 0.816406 0.207813 0.170313
