2 0.145313 0.302344 0.218750 0.185938
2 0.147656 0.404687 0.085938 0.062500
2 0.184375 0.469531 0.096875 0.104688
1 0.043750 0.708594 0.087500 0.154688
1 0.064844 0.656250 0.098437 0.125000
1 0.093750 0.441406 0.096875 0.085938
1 0.098437 0.532031 0.121875 0.107813
6 0.020313 0.535156 0.040625 0.079687
2 0.253125 0.757031 0.246875 0.204687
7 0.194531 0.641406 0.092188 0.073438
7 0.010156 0.796094 0.020313 0.045312
7 0.153125 0.997656 0.025000 0.004687
7 0.192188 0.996094 0.031250 0.007812
1 0.069531 0.895312 0.139063 0.187500
1 0.262500 0.911719 0.115625 0.145313
2 0.907031 0.928906 0.176563 0.142187
1 0.509375 0.988281 0.062500 0.023438
1 0.403906 0.939844 0.239063 0.120313
1 0.746094 0.987500 0.170313 0.025000
1 0.978125 0.985938 0.043750 0.028125
1 0.542969 0.892188 0.060937 0.121875
7 0.666406 0.914844 0.173437 0.170313
7 0.992969 0.847656 0.014063 0.085938
7 0.956250 0.547656 0.087500 0.101562
1 0.448437 0.789062 0.203125 0.184375
1 0.403906 0.603125 0.067187 0.053125
2 0.952344 0.595313 0.089063 0.087500
1 0.927344 0.587500 0.145313 0.159375
2 0.637500 0.775781 0.106250 0.095312
2 0.771875 0.739062 0.250000 0.168750
2 0.453906 0.678906 0.148438 0.117188
1 0.238281 0.428906 0.101562 0.085938
1 0.255469 0.306250 0.101562 0.112500
3 0.500000 0.278125 0.056250 0.071875
3 0.473438 0.200781 0.093750 0.079687
3 0.502344 0.129688 0.110937 0.081250
2 0.785937 0.046094 0.046875 0.092188
3 0.589063 0.028906 0.065625 0.057813
7 0.880469 0.014844 0.076563 0.029687
7 0.864062 0.075000 0.159375 0.143750
2 0.964063 0.703906 0.071875 0.132812
1 0.790625 0.870313 0.075000 0.093750
2 0.945312 0.265625 0.078125 0.090625
7 0.952344 0.427344 0.095312 0.110937
2 0.927344 0.034375 0.032813 0.068750
1 0.965625 0.044531 0.068750 0.089063
1 0.998437 0.001563 0.003125 0.003125
