2 0.956250 0.941406 0.087500 0.117188
2 0.940625 0.583594 0.118750 0.251563
2 0.932813 0.979688 0.056250 0.040625
2 0.171875 0.809375 0.203125 0.156250
2 0.039844 0.800000 0.079687 0.109375
2 0.267969 0.969531 0.067187 0.060937
2 0.847656 0.975000 0.123438 0.050000
2 0.694531 0.967969 0.201563 0.064062
1 0.665625 0.855469 0.206250 0.239063
2 0.421875 0.914844 0.137500 0.170313
2 0.537500 0.760938 0.228125 0.231250
2 0.396094 0.722656 0.167187 0.126562
2 0.775781 0.645312 0.198437 0.243750
3 0.896875 0.496875 0.140625 0.156250
2 0.253906 0.574219 0.207813 0.270313
1 0.101562 0.413281 0.128125 0.173437
2 0.414844 0.098437 0.235937 0.196875
1 0.648438 0.127344 0.271875 0.232813
2 0.942187 0.378125 0.115625 0.071875
1 0.935937 0.247656 0.128125 0.110937
1 0.942187 0.057813 0.115625 0.115625
2 0.870313 0.026562 0.140625 0.053125
3 0.530469 0.034375 0.114062 0.068750
3 0.625000 0.007812 0.068750 0.015625
3 0.786719 0.054688 0.201563 0.109375
6 0.821875 0.237500 0.078125 0.087500
6 0.957812 0.765625 0.068750 0.050000
6 0.148438 0.410938 0.106250 0.093750
