1 0.023438 0.299219 0.046875 0.129688
2 0.039844 0.511719 0.079687 0.098437
2 0.109375 0.467969 0.168750 0.129688
1 0.228906 0.510938 0.164062 0.165625
1 0.300000 0.603125 0.168750 0.153125
2 0.460938 0.477344 0.196875 0.123438
2 0.503125 0.371094 0.146875 0.120313
1 0.248438 0.354687 0.212500 0.171875
1 0.387500 0.287500 0.187500 0.193750
1 0.456250 0.128125 0.159375 0.196875
2 0.555469 0.217188 0.173437 0.196875
2 0.696094 0.159375 0.157812 0.153125
1 0.316406 0.175781 0.082812 0.085938
1 0.211719 0.168750 0.204687 0.209375
1 0.102344 0.264062 0.145313 0.200000
4 0.023438 0.065625 0.046875 0.081250
4 0.073438 0.126562 0.112500 0.128125
1 0.056250 0.665625 0.112500 0.112500
1 0.066406 0.806250 0.132812 0.200000
2 0.139063 0.692969 0.084375 0.060937
1 0.505469 0.605469 0.204687 0.182812
1 0.617188 0.332031 0.137500 0.126562
1 0.610156 0.078906 0.207813 0.154688
1 0.678125 0.037500 0.187500 0.075000
1 0.223438 0.044531 0.175000 0.089063
2 0.478125 0.019531 0.081250 0.039062
4 0.556250 0.010937 0.059375 0.021875
1 0.139844 0.758594 0.117188 0.126562
1 0.150781 0.863281 0.120313 0.092188
1 0.042188 0.950000 0.084375 0.100000
1 0.002344 0.996094 0.004687 0.007812
6 0.188281 0.975000 0.067187 0.050000
4 0.005469 0.103125 0.010937 0.059375
