7 0.255469 0.988281 0.057813 0.023438
7 0.213281 0.997656 0.020313 0.004687
7 0.307812 0.927344 0.115625 0.092188
7 0.353125 0.855469 0.090625 0.098437
7 0.416406 0.879687 0.076563 0.071875
7 0.467969 0.921875 0.110937 0.118750
7 0.532031 0.882812 0.073438 0.065625
7 0.471875 0.833594 0.090625 0.082812
7 0.539844 0.821094 0.067187 0.073438
7 0.017969 0.798438 0.035937 0.059375
7 0.017188 0.750781 0.031250 0.060937
7 0.010937 0.852344 0.021875 0.054688
7 0.082812 0.742969 0.096875 0.095312
7 0.054688 0.851562 0.078125 0.065625
7 0.035937 0.904687 0.071875 0.087500
7 0.334375 0.766406 0.106250 0.123438
7 0.311719 0.695312 0.095312 0.068750
7 0.258594 0.660156 0.092188 0.067187
7 0.247656 0.596875 0.123438 0.109375
7 0.372656 0.678906 0.054688 0.051562
7 0.606250 0.628906 0.078125 0.079687
7 0.609375 0.681250 0.068750 0.056250
7 0.646094 0.702344 0.123438 0.107813
7 0.727344 0.525000 0.076563 0.056250
7 0.825781 0.469531 0.057813 0.057813
1 0.921875 0.671875 0.156250 0.209375
7 0.725000 0.610156 0.081250 0.101562
2 0.717969 0.731250 0.129688 0.112500
7 0.764062 0.860156 0.078125 0.073438
7 0.782813 0.933594 0.100000 0.092188
1 0.625000 0.880469 0.109375 0.126562
7 0.685156 0.986719 0.073438 0.026562
7 0.821875 0.811719 0.078125 0.079687
7 0.899219 0.737500 0.057813 0.053125
7 0.870313 0.773438 0.071875 0.062500
7 0.890625 0.825781 0.065625 0.057813
1 0.904687 0.917188 0.084375 0.118750
7 0.994531 0.994531 0.010937 0.010937
2 0.989062 0.932813 0.021875 0.050000
7 0.870313 0.880469 0.093750 0.073438
1 0.907813 0.331250 0.171875 0.134375
7 0.985156 0.216406 0.029687 0.070312
7 0.986719 0.162500 0.026562 0.050000
7 0.982812 0.111719 0.034375 0.067187
7 0.182812 0.959375 0.134375 0.081250
7 0.757812 0.566406 0.090625 0.101562
7 0.685937 0.514844 0.065625 0.117188
7 0.720313 0.271875 0.059375 0.096875
7 0.604688 0.335938 0.037500 0.040625
7 0.778906 0.439063 0.076563 0.096875
