1 0.051562 0.907813 0.031250 0.053125
1 0.117969 0.940625 0.117188 0.112500
2 0.024219 0.856250 0.048438 0.090625
3 0.015625 0.808594 0.031250 0.060937
1 0.132031 0.585156 0.264062 0.279687
1 0.003125 0.456250 0.006250 0.034375
1 0.000781 0.403125 0.001563 0.009375
1 0.016406 0.355469 0.032813 0.082812
2 0.025000 0.255469 0.050000 0.085938
2 0.075000 0.168750 0.150000 0.115625
2 0.063281 0.232031 0.076563 0.070312
2 0.053125 0.078906 0.106250 0.110937
2 0.002344 0.041406 0.004687 0.029687
2 0.188281 0.075000 0.192188 0.150000
2 0.096875 0.380469 0.096875 0.123438
2 0.463281 0.483594 0.173437 0.129688
2 0.515625 0.367969 0.168750 0.132812
2 0.381250 0.397656 0.190625 0.304688
2 0.250000 0.272656 0.393750 0.345313
2 0.350781 0.659375 0.167187 0.253125
2 0.515625 0.679688 0.196875 0.159375
2 0.586719 0.566406 0.301563 0.226562
2 0.557031 0.482031 0.129688 0.110937
2 0.847656 0.260937 0.198437 0.215625
2 0.817187 0.096875 0.143750 0.171875
2 0.567969 0.035937 0.132812 0.071875
1 0.853125 0.984375 0.112500 0.031250
2 0.696094 0.872656 0.207813 0.242188
2 0.829688 0.844531 0.096875 0.104688
1 0.891406 0.770312 0.217188 0.193750
1 0.917188 0.894531 0.090625 0.079687
6 0.992969 0.874219 0.014063 0.007812
2 0.875000 0.601562 0.193750 0.237500
2 0.921875 0.485156 0.156250 0.204687
6 0.702344 0.632031 0.042188 0.067187
6 0.755469 0.536719 0.064062 0.073438
6 0.957812 0.666406 0.084375 0.045312
6 0.440625 0.542969 0.071875 0.089063
2 0.892188 0.018750 0.040625 0.037500
2 0.932813 0.023438 0.068750 0.046875
1 0.980469 0.143750 0.039062 0.115625
2 0.953906 0.046094 0.092188 0.073438
6 0.983594 0.375781 0.032813 0.060937
2 0.691406 0.985156 0.107813 0.029687
6 0.798438 0.842187 0.062500 0.046875
2 0.006250 0.303125 0.012500 0.025000
1 0.385937 0.600000 0.087500 0.103125
2 0.827344 0.028125 0.073438 0.056250
