1 0.921094 0.998437 0.014063 0.003125
7 0.884375 0.896094 0.137500 0.129688
2 0.965625 0.850000 0.068750 0.181250
1 0.917188 0.790625 0.112500 0.150000
1 0.804688 0.806250 0.178125 0.168750
2 0.880469 0.603125 0.239063 0.256250
1 0.960938 0.159375 0.078125 0.128125
2 0.882031 0.063281 0.226562 0.126562
2 0.027344 0.286719 0.054688 0.089063
1 0.080469 0.092188 0.160938 0.184375
1 0.117188 0.989062 0.062500 0.021875
1 0.086719 0.865625 0.173437 0.268750
1 0.188281 0.802344 0.092188 0.089063
1 0.148438 0.752344 0.087500 0.076563
1 0.225781 0.983594 0.057813 0.032813
1 0.230469 0.899219 0.148438 0.148438
2 0.354687 0.781250 0.137500 0.115625
2 0.110937 0.632812 0.221875 0.187500
1 0.289844 0.970313 0.092188 0.059375
1 0.350781 0.927344 0.151562 0.145313
3 0.421875 0.808594 0.103125 0.104688
3 0.426563 0.710938 0.071875 0.081250
3 0.482031 0.740625 0.076563 0.109375
3 0.477344 0.621094 0.145313 0.148438
3 0.479687 0.528125 0.087500 0.109375
2 0.292187 0.299219 0.115625 0.060937
2 0.001563 0.523438 0.003125 0.050000
2 0.162500 0.470313 0.084375 0.090625
2 0.107813 0.430469 0.134375 0.107813
2 0.120313 0.193750 0.196875 0.181250
4 0.039062 0.578125 0.071875 0.062500
3 0.041406 0.385156 0.070312 0.082812
2 0.273438 0.238281 0.134375 0.104688
2 0.267188 0.128125 0.128125 0.121875
7 0.068750 0.495312 0.112500 0.128125
7 0.257031 0.448437 0.107813 0.125000
7 0.434375 0.300000 0.084375 0.093750
6 0.087500 0.324219 0.090625 0.101562
2 0.405469 0.057813 0.195312 0.115625
2 0.260937 0.037500 0.121875 0.075000
2 0.795312 0.079687 0.109375 0.115625
2 0.797656 0.193750 0.148438 0.171875
2 0.609375 0.200000 0.309375 0.256250
3 0.552344 0.437500 0.135937 0.175000
1 0.576562 0.473438 0.106250 0.115625
1 0.789844 0.442969 0.139063 0.129688
1 0.778125 0.339062 0.071875 0.106250
1 0.832031 0.353125 0.045312 0.053125
1 0.727344 0.323437 0.076563 0.115625
6 0.642188 0.471094 0.115625 0.142187
2 0.775781 0.599219 0.098437 0.098437
1 0.625000 0.732812 0.268750 0.246875
1 0.557813 0.900781 0.296875 0.198437
1 0.772656 0.994531 0.035937 0.010937
6 0.771875 0.935156 0.100000 0.092188
6 0.285938 0.677344 0.106250 0.114062
