2 0.010937 0.362500 0.021875 0.071875
3 0.003906 0.447656 0.007812 0.060937
1 0.035156 0.160938 0.070312 0.156250
2 0.007812 0.294531 0.015625 0.064062
1 0.089063 0.961719 0.115625 0.076563
1 0.029687 0.887500 0.059375 0.137500
1 0.012500 0.782031 0.025000 0.085938
1 0.041406 0.696094 0.082812 0.176563
2 0.997656 0.850781 0.004687 0.014063
3 0.996875 0.738281 0.006250 0.007812
6 0.869531 0.079687 0.057813 0.075000
6 0.991406 0.089844 0.017188 0.039062
6 0.996875 0.054688 0.006250 0.009375
6 0.995313 0.037500 0.009375 0.018750
7 0.933594 0.057813 0.092188 0.084375
7 0.932813 0.010937 0.059375 0.021875
7 0.861719 0.021875 0.085938 0.043750
2 0.828906 0.296094 0.170313 0.132812
2 0.927344 0.357031 0.104688 0.089063
2 0.970313 0.428906 0.059375 0.129688
1 0.970313 0.575781 0.059375 0.176563
1 0.907031 0.482031 0.142187 0.223438
3 0.977344 0.954688 0.045312 0.090625
2 0.960156 0.916406 0.079687 0.167187
1 0.969531 0.992969 0.029687 0.014063
1 0.850781 0.965625 0.173437 0.068750
2 0.792188 0.946094 0.156250 0.107813
2 0.719531 0.899219 0.139063 0.126562
2 0.485938 0.996094 0.015625 0.007812
2 0.428906 0.982812 0.089063 0.034375
2 0.422656 0.937500 0.145313 0.125000
1 0.287500 0.946094 0.153125 0.107813
1 0.670312 0.952344 0.078125 0.095312
3 0.562500 0.916406 0.128125 0.082812
2 0.482812 0.821094 0.165625 0.157812
1 0.633594 0.713281 0.120313 0.104688
1 0.715625 0.767969 0.059375 0.073438
1 0.617188 0.875000 0.103125 0.093750
1 0.585938 0.804688 0.078125 0.103125
2 0.650781 0.801562 0.076563 0.096875
2 0.532813 0.605469 0.175000 0.179688
1 0.478125 0.664844 0.221875 0.229687
2 0.549219 0.471875 0.135937 0.131250
2 0.610156 0.296094 0.092188 0.089063
2 0.483594 0.339062 0.114062 0.068750
3 0.417187 0.554688 0.084375 0.046875
3 0.364844 0.460938 0.085938 0.084375
3 0.313281 0.404687 0.054688 0.050000
3 0.107813 0.428906 0.078125 0.089063
2 0.109375 0.525000 0.081250 0.090625
2 0.123438 0.700781 0.093750 0.123438
2 0.180469 0.581250 0.123438 0.128125
2 0.207813 0.431250 0.146875 0.159375
1 0.269531 0.602344 0.139063 0.154688
2 0.178906 0.286719 0.198437 0.179688
2 0.107813 0.150781 0.112500 0.120313
2 0.330469 0.343750 0.135937 0.096875
2 0.336719 0.194531 0.132812 0.114062
1 0.225000 0.148438 0.153125 0.153125
1 0.396875 0.137500 0.181250 0.209375
1 0.320312 0.043750 0.112500 0.087500
1 0.515625 0.125000 0.156250 0.184375
1 0.529687 0.035937 0.103125 0.071875
1 0.430469 0.032031 0.114062 0.064062
1 0.100781 0.004687 0.026562 0.009375
1 0.060156 0.017969 0.076563 0.035937
1 0.064062 0.067969 0.103125 0.110937
1 0.193750 0.045312 0.068750 0.090625
3 0.064844 0.244531 0.129688 0.095312
3 0.414062 0.320312 0.071875 0.078125
2 0.550781 0.186719 0.214062 0.189062
2 0.385156 0.407813 0.076563 0.065625
1 0.712500 0.108594 0.134375 0.157812
3 0.169531 0.982812 0.067187 0.034375
3 0.215625 0.992188 0.028125 0.015625
3 0.550781 0.987500 0.060937 0.025000
2 0.086719 0.848437 0.089063 0.068750
1 0.063281 0.807031 0.085938 0.064062
7 0.972656 0.217969 0.054688 0.057813
6 0.889844 0.119531 0.039062 0.035937
2 0.089063 0.109375 0.071875 0.084375
1 0.062500 0.596875 0.103125 0.156250
4 0.754687 0.207031 0.096875 0.070312
2 0.694531 0.037500 0.167187 0.075000
1 0.612500 0.010937 0.028125 0.021875
2 0.142969 0.045312 0.070312 0.090625
