2 0.003906 0.375000 0.007812 0.015625
2 0.020313 0.028906 0.040625 0.042188
6 0.020313 0.925781 0.040625 0.148438
2 0.379688 0.932813 0.156250 0.134375
2 0.961719 0.943750 0.076563 0.112500
2 0.878125 0.975781 0.100000 0.048438
2 0.873437 0.891406 0.253125 0.189062
2 0.640625 0.588281 0.090625 0.060937
2 0.613281 0.543750 0.101562 0.087500
2 0.842187 0.489844 0.159375 0.107813
2 0.939844 0.560937 0.120313 0.087500
2 0.949219 0.469531 0.101562 0.148438
1 0.703906 0.526563 0.117188 0.128125
1 0.648438 0.430469 0.137500 0.160938
1 0.996094 0.021875 0.007812 0.043750
1 0.984375 0.138281 0.031250 0.110937
2 0.419531 0.614062 0.170313 0.115625
1 0.453906 0.580469 0.135937 0.129688
2 0.574219 0.273438 0.123438 0.118750
7 0.471094 0.494531 0.126562 0.114062
2 0.934375 0.058594 0.131250 0.117188
1 0.901563 0.170313 0.196875 0.171875
1 0.455469 0.133594 0.170313 0.167187
1 0.686719 0.085938 0.129688 0.140625
1 0.617969 0.093750 0.082812 0.090625
2 0.535937 0.001563 0.012500 0.003125
1 0.733594 0.042969 0.107813 0.085938
1 0.846094 0.049219 0.135937 0.098437
6 0.308594 0.139063 0.232813 0.231250
6 0.274219 0.017188 0.054688 0.034375
2 0.349219 0.019531 0.073438 0.039062
1 0.695312 0.196875 0.128125 0.109375
