1 0.738281 0.992188 0.060937 0.015625
1 0.817969 0.974219 0.114062 0.051562
1 0.922656 0.979688 0.110937 0.040625
1 0.014844 0.916406 0.029687 0.110937
1 0.061719 0.831250 0.123438 0.162500
1 0.144531 0.904687 0.145313 0.140625
1 0.437500 0.914844 0.190625 0.170313
1 0.958594 0.928906 0.082812 0.142187
1 0.835938 0.898438 0.215625 0.150000
1 0.681250 0.864062 0.121875 0.187500
1 0.694531 0.729688 0.217188 0.159375
1 0.866406 0.769531 0.182812 0.151562
2 0.949219 0.789062 0.101562 0.153125
4 0.557813 0.986719 0.071875 0.026562
1 0.996875 0.746094 0.006250 0.014063
1 0.931250 0.601562 0.137500 0.256250
1 0.987500 0.453125 0.025000 0.040625
1 0.900781 0.389844 0.198437 0.192188
1 0.688281 0.550000 0.104688 0.115625
1 0.597656 0.547656 0.104688 0.101562
1 0.626563 0.471094 0.153125 0.132812
1 0.732031 0.400000 0.120313 0.153125
1 0.705469 0.301563 0.139063 0.115625
4 0.982812 0.264844 0.034375 0.060937
4 0.927344 0.253906 0.057813 0.079687
1 0.973437 0.214062 0.053125 0.053125
1 0.988281 0.139844 0.023438 0.089063
1 0.792969 0.225781 0.176563 0.173437
1 0.665625 0.205469 0.121875 0.092188
1 0.571875 0.097656 0.181250 0.195312
1 0.858594 0.109375 0.192188 0.209375
1 0.886719 0.044531 0.157812 0.089063
1 0.724219 0.055469 0.170313 0.110937
1 0.414062 0.761719 0.234375 0.270313
1 0.500781 0.611719 0.126562 0.192188
4 0.139063 0.791406 0.125000 0.120313
6 0.072656 0.762500 0.082812 0.068750
1 0.082031 0.665625 0.110937 0.125000
2 0.071094 0.583594 0.142187 0.223438
1 0.171875 0.409375 0.162500 0.212500
2 0.295312 0.305469 0.137500 0.145313
1 0.014844 0.185938 0.029687 0.062500
1 0.063281 0.110937 0.126562 0.109375
1 0.228906 0.056250 0.145313 0.112500
1 0.116406 0.052344 0.182812 0.104688
1 0.032813 0.014063 0.065625 0.028125
