7 0.040625 0.966406 0.081250 0.067187
1 0.023438 0.860938 0.046875 0.112500
2 0.210938 0.825000 0.084375 0.131250
2 0.290625 0.840625 0.100000 0.137500
6 0.183594 0.907031 0.060937 0.054688
1 0.210938 0.691406 0.125000 0.139063
1 0.400000 0.640625 0.118750 0.112500
2 0.517188 0.766406 0.053125 0.039062
2 0.546094 0.775781 0.064062 0.023438
2 0.341406 0.806250 0.089063 0.075000
2 0.378125 0.713281 0.065625 0.060937
2 0.239063 0.600000 0.071875 0.068750
2 0.503906 0.675781 0.035937 0.042188
2 0.276562 0.757031 0.050000 0.060937
1 0.497656 0.594531 0.070312 0.092188
1 0.701562 0.438281 0.081250 0.079687
2 0.285156 0.683594 0.029687 0.035937
2 0.045312 0.725000 0.090625 0.096875
2 0.133594 0.607031 0.067187 0.039062
2 0.036719 0.669531 0.073438 0.110937
1 0.019531 0.330469 0.039062 0.045312
2 0.015625 0.468750 0.031250 0.059375
2 0.011719 0.421875 0.023438 0.040625
1 0.540625 0.321875 0.093750 0.103125
7 0.639844 0.386719 0.092188 0.073438
2 0.735938 0.397656 0.031250 0.045312
2 0.735938 0.431250 0.043750 0.075000
2 0.613281 0.335938 0.064062 0.065625
2 0.757031 0.319531 0.054688 0.076563
2 0.642188 0.210938 0.071875 0.059375
6 0.673438 0.308594 0.121875 0.104688
7 0.708594 0.796094 0.057813 0.067187
2 0.479687 0.695312 0.053125 0.071875
7 0.609375 0.058594 0.118750 0.117188
2 0.514062 0.054688 0.065625 0.062500
2 0.000000 0.439844 0.000000 0.001563
2 0.375781 0.429688 0.070312 0.043750
1 0.666406 0.015625 0.123438 0.031250
2 0.216406 0.392969 0.039062 0.054688
2 0.462500 0.011719 0.031250 0.023438
2 0.304688 0.073438 0.050000 0.062500
6 0.513281 0.010156 0.064062 0.020313
2 0.047656 0.011719 0.054688 0.023438
2 0.165625 0.000000 0.006250 0.000000
2 0.119531 0.021094 0.079687 0.042188
2 0.154688 0.050781 0.056250 0.064062
2 0.003906 0.004687 0.007812 0.009375
2 0.229687 0.031250 0.050000 0.062500
2 0.190625 0.025781 0.053125 0.045312
1 0.110156 0.098437 0.076563 0.084375
2 0.256250 0.075781 0.068750 0.057813
7 0.313281 0.013281 0.079687 0.026562
