2 0.034375 0.867188 0.068750 0.131250
2 0.400000 0.985156 0.128125 0.029687
1 0.675000 0.796094 0.209375 0.239063
1 0.556250 0.732031 0.190625 0.189062
2 0.895312 0.872656 0.209375 0.254688
1 0.971875 0.808594 0.056250 0.142187
1 0.949219 0.585156 0.101562 0.098437
1 0.907031 0.655469 0.079687 0.085938
1 0.752344 0.621094 0.189062 0.160938
2 0.971094 0.495312 0.057813 0.118750
2 0.824219 0.592969 0.192188 0.160938
6 0.919531 0.509375 0.095312 0.106250
1 0.008594 0.524219 0.017188 0.076563
2 0.236719 0.563281 0.151562 0.151562
2 0.039062 0.431250 0.078125 0.131250
1 0.189844 0.482812 0.157812 0.156250
1 0.388281 0.442969 0.279687 0.217188
1 0.332031 0.675000 0.117188 0.181250
2 0.425781 0.801562 0.189062 0.150000
2 0.448437 0.739062 0.103125 0.112500
2 0.432812 0.659375 0.115625 0.100000
1 0.187500 0.879687 0.137500 0.131250
1 0.226562 0.799219 0.075000 0.067187
1 0.106250 0.524219 0.096875 0.092188
6 0.819531 0.731250 0.098437 0.100000
2 0.556250 0.544531 0.196875 0.251563
1 0.818750 0.464062 0.153125 0.140625
1 0.714844 0.506250 0.095312 0.100000
6 0.841406 0.328125 0.107813 0.071875
1 0.003125 0.358594 0.006250 0.020313
1 0.061719 0.306250 0.123438 0.184375
2 0.152344 0.388281 0.192188 0.154688
2 0.264062 0.403906 0.087500 0.079687
6 0.150781 0.286719 0.067187 0.070312
1 0.210156 0.216406 0.145313 0.239063
1 0.275000 0.347656 0.078125 0.060937
1 0.339062 0.244531 0.156250 0.201563
1 0.278125 0.156250 0.078125 0.087500
1 0.463281 0.294531 0.189062 0.214062
1 0.993750 0.014844 0.012500 0.029687
6 0.937500 0.035156 0.121875 0.070312
1 0.797656 0.006250 0.051562 0.012500
2 0.462500 0.030469 0.165625 0.060937
2 0.573438 0.127344 0.200000 0.226562
2 0.142969 0.057813 0.114062 0.115625
2 0.210156 0.039844 0.176563 0.079687
6 0.109375 0.105469 0.131250 0.085938
1 0.000781 0.024219 0.001563 0.023438
