1 0.758594 0.889062 0.264062 0.153125
2 0.967187 0.603125 0.065625 0.143750
2 0.952344 0.752344 0.095312 0.148438
1 0.415625 0.995313 0.034375 0.009375
1 0.595313 0.954688 0.159375 0.090625
1 0.334375 0.792969 0.168750 0.154688
1 0.487500 0.743750 0.187500 0.159375
1 0.476562 0.601562 0.150000 0.168750
1 0.404687 0.553906 0.221875 0.201563
1 0.300000 0.646875 0.140625 0.171875
2 0.983594 0.826562 0.032813 0.034375
2 0.928125 0.875781 0.100000 0.082812
2 0.964063 0.889844 0.071875 0.123438
4 0.989844 0.963281 0.020313 0.042188
2 0.925781 0.971875 0.089063 0.056250
2 0.135937 0.728125 0.187500 0.240625
2 0.046094 0.780469 0.092188 0.235937
2 0.085156 0.412500 0.170313 0.193750
2 0.220312 0.499219 0.078125 0.085938
2 0.024219 0.883594 0.048438 0.051562
3 0.159375 0.480469 0.075000 0.073438
1 0.116406 0.325781 0.148438 0.142187
1 0.049219 0.214062 0.098437 0.150000
1 0.005469 0.141406 0.010937 0.023438
2 0.589063 0.293750 0.178125 0.125000
1 0.604688 0.046875 0.190625 0.093750
1 0.393750 0.089844 0.140625 0.179688
1 0.789062 0.150000 0.237500 0.300000
1 0.932813 0.036719 0.115625 0.073438
1 0.417969 0.425781 0.179688 0.123438
1 0.736719 0.419531 0.220312 0.201563
1 0.987500 0.267188 0.025000 0.050000
4 0.942969 0.106250 0.114062 0.081250
4 0.784375 0.007812 0.040625 0.015625
4 0.717187 0.010937 0.050000 0.021875
2 0.846094 0.501563 0.170313 0.153125
2 0.503906 0.471094 0.092188 0.107813
2 0.596094 0.387500 0.160938 0.096875
6 0.685156 0.535937 0.051562 0.062500
4 0.820312 0.340625 0.106250 0.131250
1 0.941406 0.421094 0.085938 0.079687
1 0.974219 0.441406 0.051562 0.095312
1 0.325781 0.042969 0.123438 0.085938
1 0.199219 0.062500 0.167187 0.125000
1 0.125781 0.043750 0.085938 0.087500
2 0.080469 0.117188 0.160938 0.150000
2 0.050000 0.049219 0.100000 0.098437
3 0.000000 0.337500 0.000000 0.000000
3 0.000781 0.295312 0.001563 0.009375
3 0.210938 0.557813 0.193750 0.115625
