1 0.030469 0.007031 0.060937 0.014063
1 0.352344 0.034375 0.123438 0.068750
1 0.260937 0.004687 0.040625 0.009375
2 0.345313 0.157812 0.112500 0.146875
2 0.748437 0.238281 0.106250 0.107813
2 0.767969 0.142187 0.117188 0.093750
1 0.506250 0.431250 0.156250 0.140625
6 0.272656 0.523438 0.054688 0.115625
2 0.129688 0.605469 0.125000 0.110937
2 0.651563 0.547656 0.103125 0.117188
1 0.671875 0.409375 0.178125 0.175000
1 0.523438 0.816406 0.215625 0.207813
1 0.577344 0.935937 0.157812 0.128125
1 0.439844 0.910156 0.139063 0.135937
1 0.490625 0.954688 0.153125 0.090625
5 0.730469 0.656250 0.239063 0.265625
1 0.923438 0.611719 0.150000 0.120313
1 0.825781 0.742188 0.139063 0.150000
2 0.816406 0.867969 0.110937 0.139063
6 0.707812 0.862500 0.106250 0.096875
2 0.695312 0.789062 0.175000 0.168750
1 0.909375 0.899219 0.118750 0.145313
1 0.939063 0.775000 0.112500 0.168750
1 0.975781 0.739844 0.048438 0.195312
2 0.993750 0.854688 0.012500 0.043750
3 0.979688 0.935156 0.040625 0.085938
3 0.959375 0.965625 0.062500 0.068750
2 0.855469 0.975000 0.148438 0.050000
2 0.794531 0.996875 0.045312 0.006250
1 0.979688 0.142187 0.040625 0.100000
1 0.982031 0.243750 0.035937 0.068750
1 0.805469 0.332031 0.120313 0.120313
2 0.028906 0.373437 0.057813 0.109375
2 0.068750 0.357031 0.053125 0.085938
2 0.122656 0.394531 0.076563 0.079687
2 0.128125 0.467187 0.103125 0.078125
2 0.315625 0.413281 0.109375 0.129688
2 0.258594 0.440625 0.057813 0.056250
3 0.250000 0.560937 0.056250 0.075000
4 0.983594 0.550000 0.032813 0.096875
