6 0.828906 0.191406 0.048438 0.045312
3 0.423438 0.392188 0.121875 0.131250
1 0.371094 0.598437 0.101562 0.125000
2 0.447656 0.552344 0.132812 0.207813
1 0.221094 0.245312 0.145313 0.187500
1 0.226562 0.995313 0.025000 0.009375
1 0.573438 0.289844 0.165625 0.170313
2 0.956250 0.137500 0.081250 0.109375
1 0.999219 0.389062 0.001563 0.003125
2 0.346094 0.242188 0.157812 0.171875
3 0.323437 0.124219 0.150000 0.117188
3 0.393750 0.214844 0.109375 0.135937
3 0.438281 0.206250 0.110937 0.190625
1 0.631250 0.010156 0.059375 0.020313
1 0.557813 0.018750 0.081250 0.037500
1 0.585938 0.053906 0.115625 0.107813
1 0.949219 0.337500 0.101562 0.156250
3 0.367969 0.053906 0.214062 0.107813
4 0.189844 0.098437 0.089063 0.118750
3 0.210938 0.035156 0.153125 0.070312
2 0.985156 0.139063 0.029687 0.093750
1 0.600781 0.425781 0.245312 0.207813
1 0.333594 0.794531 0.139063 0.129688
1 0.434375 0.785937 0.137500 0.162500
2 0.122656 0.868750 0.092188 0.109375
1 0.017969 0.768750 0.035937 0.096875
2 0.139844 0.967969 0.101562 0.064062
2 0.137500 0.757812 0.118750 0.118750
2 0.249219 0.870313 0.192188 0.153125
2 0.366406 0.958594 0.126562 0.082812
1 0.396094 0.885938 0.142187 0.112500
1 0.467969 0.983594 0.073438 0.032813
2 0.512500 0.871094 0.106250 0.123438
1 0.632031 0.700781 0.139063 0.154688
1 0.748437 0.675781 0.112500 0.107813
1 0.611719 0.555469 0.129688 0.129688
2 0.503125 0.629687 0.121875 0.168750
1 0.910156 0.719531 0.135937 0.154688
1 0.984375 0.687500 0.031250 0.093750
1 0.930469 0.578125 0.060937 0.084375
2 0.964063 0.531250 0.071875 0.121875
2 0.964844 0.889844 0.070312 0.070312
1 0.992188 0.993750 0.015625 0.012500
1 0.731250 0.955469 0.187500 0.089063
1 0.556250 0.790625 0.100000 0.112500
2 0.800781 0.760938 0.145313 0.137500
2 0.760938 0.892969 0.121875 0.079687
2 0.757031 0.807031 0.098437 0.110937
2 0.532813 0.960938 0.140625 0.078125
1 0.983594 0.816406 0.032813 0.110937
3 0.785156 0.295312 0.060937 0.059375
2 0.984375 0.609375 0.031250 0.050000
