1 0.949219 0.963281 0.101562 0.073438
2 0.957031 0.201563 0.085938 0.103125
2 0.977344 0.295312 0.045312 0.093750
2 0.988281 0.483594 0.023438 0.101562
2 0.976562 0.625000 0.046875 0.078125
2 0.943750 0.695312 0.112500 0.093750
2 0.967187 0.875000 0.065625 0.118750
1 0.803906 0.045312 0.151562 0.090625
1 0.922656 0.094531 0.154688 0.167187
1 0.913281 0.013281 0.092188 0.026562
2 0.991406 0.028906 0.017188 0.023438
1 0.671094 0.018750 0.120313 0.037500
1 0.679688 0.068750 0.115625 0.071875
1 0.923438 0.279687 0.121875 0.150000
1 0.820312 0.374219 0.203125 0.264062
1 0.950000 0.370312 0.100000 0.125000
1 0.715625 0.260937 0.190625 0.168750
1 0.669531 0.415625 0.151562 0.181250
1 0.769531 0.182031 0.167187 0.120313
1 0.936719 0.464844 0.114062 0.082812
1 0.907031 0.561719 0.157812 0.176563
1 0.757031 0.573438 0.182812 0.143750
2 0.733594 0.765625 0.151562 0.115625
2 0.857812 0.905469 0.103125 0.145313
2 0.521094 0.010156 0.079687 0.020313
2 0.454688 0.005469 0.050000 0.010937
1 0.540625 0.163281 0.203125 0.176563
1 0.578125 0.027344 0.059375 0.054688
1 0.396094 0.070312 0.301563 0.140625
3 0.217188 0.032813 0.090625 0.065625
1 0.327344 0.124219 0.192188 0.095312
1 0.225000 0.077344 0.087500 0.104688
1 0.384375 0.214844 0.093750 0.120313
1 0.235937 0.412500 0.190625 0.262500
1 0.452344 0.345313 0.367188 0.250000
2 0.081250 0.215625 0.156250 0.190625
4 0.067969 0.074219 0.135937 0.123438
2 0.014844 0.414844 0.029687 0.085938
2 0.009375 0.350781 0.018750 0.029687
1 0.079687 0.338281 0.137500 0.126562
1 0.072656 0.515625 0.145313 0.190625
2 0.145313 0.586719 0.084375 0.104688
2 0.198437 0.512500 0.159375 0.153125
2 0.242188 0.647656 0.190625 0.157812
2 0.664062 0.692969 0.150000 0.145313
1 0.554688 0.650781 0.190625 0.179688
1 0.490625 0.811719 0.140625 0.145313
1 0.655469 0.919531 0.198437 0.160938
1 0.458594 0.932031 0.223438 0.135937
2 0.132812 0.680469 0.068750 0.114062
2 0.170313 0.764844 0.156250 0.132812
1 0.164062 0.898438 0.246875 0.203125
6 0.036719 0.978125 0.073438 0.043750
2 0.757812 0.686719 0.125000 0.120313
