2 0.968750 0.992188 0.062500 0.015625
1 0.678125 0.954688 0.115625 0.090625
6 0.560156 0.964063 0.170313 0.071875
1 0.407031 0.906250 0.292187 0.187500
2 0.686719 0.721094 0.267188 0.201563
2 0.932031 0.696875 0.135937 0.171875
2 0.970313 0.836719 0.059375 0.126562
2 0.944531 0.913281 0.110937 0.154688
2 0.869531 0.796875 0.198437 0.168750
2 0.844531 0.911719 0.173437 0.176563
1 0.492188 0.764062 0.175000 0.134375
1 0.774219 0.549219 0.157812 0.242188
2 0.646875 0.567969 0.146875 0.167187
2 0.589063 0.464844 0.081250 0.082812
2 0.510938 0.599219 0.212500 0.260937
2 0.447656 0.543750 0.207813 0.243750
1 0.525781 0.375000 0.120313 0.134375
1 0.623437 0.346875 0.143750 0.146875
1 0.770312 0.284375 0.165625 0.118750
1 0.898438 0.285156 0.125000 0.145313
1 0.959375 0.228906 0.081250 0.142187
1 0.360156 0.167969 0.210938 0.207813
1 0.782813 0.382031 0.065625 0.095312
2 0.864844 0.391406 0.182812 0.157812
2 0.945312 0.478125 0.109375 0.109375
2 0.967187 0.360156 0.065625 0.132812
1 0.985938 0.116406 0.028125 0.051562
1 0.680469 0.040625 0.139063 0.081250
2 0.512500 0.047656 0.175000 0.095312
1 0.427344 0.022656 0.129688 0.045312
1 0.335938 0.018750 0.059375 0.037500
2 0.216406 0.182812 0.098437 0.121875
3 0.207031 0.259375 0.110937 0.100000
3 0.012500 0.147656 0.025000 0.057813
4 0.110937 0.023438 0.140625 0.046875
