7 0.971875 0.426563 0.056250 0.112500
7 0.869531 0.357031 0.082812 0.067187
7 0.734375 0.500781 0.090625 0.110937
7 0.682813 0.767188 0.056250 0.053125
7 0.804688 0.836719 0.068750 0.073438
7 0.752344 0.912500 0.101562 0.106250
7 0.642188 0.846875 0.068750 0.078125
7 0.725781 0.823438 0.060937 0.062500
7 0.305469 0.999219 0.007812 0.001563
7 0.253125 0.998437 0.006250 0.003125
7 0.375000 0.950000 0.059375 0.059375
7 0.385937 0.881250 0.093750 0.090625
7 0.293750 0.820312 0.087500 0.084375
7 0.598437 0.360938 0.028125 0.028125
7 0.498437 0.277344 0.059375 0.054688
7 0.478125 0.350000 0.065625 0.084375
7 0.185938 0.929688 0.118750 0.093750
7 0.146094 0.972656 0.073438 0.054688
1 0.886719 0.904687 0.054688 0.065625
7 0.512500 0.817187 0.106250 0.112500
7 0.455469 0.693750 0.076563 0.100000
7 0.385937 0.713281 0.040625 0.057813
