1 0.684375 0.978906 0.109375 0.042188
1 0.770312 0.932031 0.159375 0.098437
1 0.737500 0.837500 0.200000 0.168750
2 0.518750 0.938281 0.200000 0.123438
1 0.845313 0.987500 0.115625 0.025000
1 0.804688 0.619531 0.153125 0.117188
1 0.802344 0.695312 0.095312 0.081250
1 0.969531 0.697656 0.060937 0.089063
1 0.941406 0.644531 0.117188 0.114062
1 0.915625 0.839063 0.146875 0.096875
2 0.664844 0.697656 0.123438 0.142187
2 0.934375 0.995313 0.031250 0.009375
3 0.609375 0.785156 0.081250 0.067187
3 0.966406 0.953125 0.067187 0.090625
