2 0.802344 0.004687 0.064062 0.009375
2 0.529687 0.026562 0.087500 0.053125
2 0.682031 0.083594 0.292187 0.167187
2 0.322656 0.026562 0.092188 0.053125
1 0.176563 0.053906 0.215625 0.107813
1 0.160156 0.160156 0.189062 0.160938
6 0.380469 0.105469 0.076563 0.076563
6 0.284375 0.012500 0.034375 0.025000
2 0.291406 0.114844 0.107813 0.120313
1 0.909375 0.050781 0.162500 0.101562
1 0.839063 0.112500 0.090625 0.118750
6 0.987500 0.002344 0.025000 0.004687
3 0.442969 0.221875 0.110937 0.103125
1 0.585156 0.261719 0.120313 0.120313
1 0.508594 0.344531 0.173437 0.204687
1 0.635938 0.358594 0.140625 0.110937
1 0.866406 0.210938 0.098437 0.090625
2 0.667969 0.191406 0.120313 0.082812
2 0.748437 0.300781 0.268750 0.229687
1 0.967969 0.249219 0.064062 0.220312
2 0.061719 0.271094 0.123438 0.114062
1 0.625000 0.452344 0.156250 0.092188
1 0.398438 0.395313 0.153125 0.275000
2 0.860938 0.347656 0.131250 0.101562
3 0.941406 0.203125 0.082812 0.106250
2 0.956250 0.365625 0.087500 0.140625
3 0.996094 0.476562 0.007812 0.015625
2 0.496094 0.522656 0.310937 0.167187
2 0.960156 0.457813 0.079687 0.131250
2 0.900000 0.439844 0.100000 0.117188
1 0.992969 0.563281 0.014063 0.120313
2 0.974219 0.667969 0.051562 0.157812
2 0.923438 0.668750 0.068750 0.087500
4 0.952344 0.781250 0.095312 0.103125
4 0.910156 0.740625 0.051562 0.050000
2 0.956250 0.976562 0.087500 0.046875
1 0.870313 0.810156 0.109375 0.126562
1 0.901563 0.896094 0.118750 0.139063
1 0.842187 0.946875 0.156250 0.106250
1 0.775781 0.825781 0.129688 0.145313
1 0.703906 0.907813 0.167187 0.184375
1 0.663281 0.986719 0.073438 0.026562
1 0.576562 0.886719 0.190625 0.223438
1 0.480469 0.717969 0.232813 0.264062
1 0.297656 0.735938 0.192188 0.212500
1 0.373437 0.868750 0.171875 0.184375
4 0.650000 0.585938 0.090625 0.128125
3 0.315625 0.578906 0.134375 0.132812
1 0.250000 0.951562 0.200000 0.096875
2 0.853906 0.702344 0.126562 0.145313
1 0.796875 0.417187 0.171875 0.175000
1 0.644531 0.678125 0.123438 0.106250
2 0.574219 0.618750 0.092188 0.125000
1 0.300000 0.501563 0.100000 0.100000
1 0.308594 0.411719 0.073438 0.110937
1 0.224219 0.412500 0.114062 0.137500
1 0.182031 0.481250 0.160938 0.196875
1 0.164062 0.600000 0.081250 0.087500
2 0.146875 0.647656 0.100000 0.101562
4 0.553125 0.948438 0.087500 0.100000
2 0.482812 0.971875 0.171875 0.056250
4 0.561719 0.997656 0.029687 0.004687
4 0.535156 0.995313 0.023438 0.009375
1 0.060937 0.900781 0.121875 0.129688
1 0.031250 0.808594 0.062500 0.135937
1 0.076563 0.770312 0.109375 0.146875
1 0.002344 0.735938 0.004687 0.012500
1 0.000000 0.700000 0.000000 0.009375
2 0.067187 0.617188 0.128125 0.131250
3 0.385156 0.193750 0.114062 0.096875
2 0.289062 0.236719 0.121875 0.073438
2 0.282031 0.190625 0.082812 0.062500
2 0.000000 0.244531 0.000000 0.001563
6 0.014063 0.222656 0.028125 0.042188
6 0.018750 0.339844 0.037500 0.054688
2 0.052344 0.057031 0.104688 0.114062
