1 0.934375 0.930469 0.131250 0.139063
2 0.809375 0.934375 0.225000 0.131250
1 0.961719 0.205469 0.076563 0.148438
2 0.939063 0.075000 0.121875 0.146875
2 0.940625 0.152344 0.075000 0.095312
2 0.475000 0.072656 0.165625 0.145313
1 0.346094 0.085938 0.232813 0.171875
2 0.285156 0.137500 0.123438 0.181250
2 0.135937 0.125781 0.175000 0.251563
2 0.821875 0.704688 0.171875 0.187500
1 0.967187 0.553125 0.065625 0.109375
1 0.938281 0.645312 0.123438 0.131250
1 0.607031 0.852344 0.123438 0.267188
2 0.660156 0.999219 0.001563 0.001563
2 0.567187 0.999219 0.009375 0.001563
2 0.040625 0.971875 0.081250 0.056250
3 0.224219 0.964063 0.092188 0.065625
2 0.296094 0.945312 0.117188 0.106250
3 0.528906 0.929688 0.092188 0.096875
1 0.681250 0.952344 0.090625 0.064062
4 0.760938 0.865625 0.090625 0.103125
4 0.713281 0.934375 0.089063 0.106250
1 0.360156 0.825781 0.160938 0.185938
2 0.347656 0.695312 0.135937 0.125000
2 0.485938 0.784375 0.159375 0.275000
4 0.571094 0.792188 0.051562 0.053125
4 0.587500 0.731250 0.100000 0.084375
2 0.589844 0.520312 0.148438 0.115625
2 0.629687 0.628125 0.200000 0.156250
2 0.683594 0.462500 0.110937 0.087500
2 0.800000 0.366406 0.121875 0.135937
4 0.652344 0.408594 0.182812 0.132812
2 0.588281 0.336719 0.192188 0.151562
2 0.392188 0.457031 0.181250 0.214062
6 0.371094 0.229687 0.114062 0.143750
1 0.050000 0.147656 0.100000 0.195312
1 0.006250 0.310937 0.012500 0.068750
1 0.104688 0.375781 0.209375 0.289062
2 0.294531 0.553906 0.207813 0.245312
2 0.109375 0.535156 0.218750 0.195312
2 0.015625 0.399219 0.031250 0.110937
2 0.147656 0.421875 0.095312 0.071875
2 0.173437 0.809375 0.146875 0.162500
2 0.057813 0.696094 0.115625 0.107813
1 0.004687 0.539844 0.009375 0.051562
2 0.053125 0.630469 0.106250 0.057813
1 0.023438 0.789062 0.046875 0.115625
2 0.004687 0.973437 0.009375 0.015625
2 0.067969 0.895312 0.135937 0.156250
1 0.039844 0.029687 0.079687 0.059375
1 0.228906 0.003125 0.010937 0.006250
2 0.503125 0.276562 0.065625 0.062500
6 0.604688 0.309375 0.056250 0.084375
2 0.614062 0.281250 0.203125 0.100000
2 0.221875 0.421875 0.062500 0.053125
2 0.914062 0.689063 0.100000 0.103125
