1 0.978125 0.016406 0.043750 0.032813
7 0.842187 0.048438 0.087500 0.096875
2 0.899219 0.073438 0.042188 0.043750
7 0.850000 0.165625 0.146875 0.162500
7 0.957812 0.140625 0.084375 0.156250
7 0.921875 0.236719 0.156250 0.117188
7 0.987500 0.341406 0.025000 0.060937
7 0.966406 0.319531 0.067187 0.070312
2 0.920312 0.315625 0.068750 0.062500
1 0.998437 0.299219 0.003125 0.007812
1 0.996875 0.223438 0.006250 0.028125
7 0.598437 0.217188 0.071875 0.059375
7 0.670312 0.324219 0.056250 0.070312
7 0.679688 0.367188 0.062500 0.034375
7 0.811719 0.311719 0.092188 0.051562
7 0.946094 0.498437 0.076563 0.096875
7 0.910156 0.436719 0.070312 0.076563
7 0.948438 0.572656 0.050000 0.067187
7 0.879687 0.579688 0.090625 0.075000
6 0.916406 0.942969 0.054688 0.073438
1 0.915625 0.770312 0.053125 0.103125
1 0.814063 0.900000 0.112500 0.112500
2 0.850781 0.999219 0.004687 0.001563
2 0.784375 0.973437 0.128125 0.053125
7 0.331250 0.987500 0.059375 0.025000
7 0.675781 0.584375 0.029687 0.037500
7 0.713281 0.585156 0.060937 0.076563
1 0.987500 0.558594 0.025000 0.054688
7 0.982812 0.489844 0.034375 0.089063
7 0.876563 0.681250 0.121875 0.153125
