1 0.121875 0.979688 0.115625 0.040625
1 0.189844 0.935937 0.082812 0.106250
1 0.095312 0.912500 0.121875 0.118750
1 0.227344 0.823438 0.095312 0.150000
1 0.289062 0.850000 0.087500 0.081250
1 0.317969 0.790625 0.114062 0.103125
1 0.094531 0.686719 0.092188 0.067187
1 0.372656 0.873437 0.095312 0.078125
1 0.405469 0.767188 0.129688 0.162500
1 0.309375 0.697656 0.109375 0.117188
1 0.226562 0.636719 0.171875 0.192188
1 0.100000 0.577344 0.200000 0.192188
2 0.008594 0.624219 0.017188 0.029687
2 0.011719 0.553906 0.023438 0.073438
1 0.204687 0.483594 0.140625 0.142187
1 0.375000 0.564844 0.143750 0.170313
1 0.487500 0.557031 0.146875 0.201563
2 0.341406 0.449219 0.170313 0.157812
2 0.485938 0.848437 0.165625 0.100000
2 0.488281 0.935937 0.182812 0.128125
1 0.571875 0.692969 0.175000 0.170313
1 0.478906 0.721875 0.057813 0.075000
1 0.635156 0.813281 0.139063 0.173437
1 0.664062 0.938281 0.193750 0.123438
1 0.719531 0.779687 0.145313 0.184375
1 0.767969 0.908594 0.157812 0.160938
1 0.610156 0.996094 0.010937 0.007812
6 0.521094 0.993750 0.014063 0.012500
1 0.989062 0.624219 0.021875 0.095312
1 0.828906 0.695312 0.204687 0.218750
2 0.632031 0.606250 0.176563 0.231250
3 0.753125 0.628906 0.121875 0.164062
3 0.815625 0.547656 0.165625 0.135937
2 0.944531 0.559375 0.110937 0.121875
2 0.645312 0.389844 0.281250 0.254688
2 0.495312 0.306250 0.256250 0.321875
2 0.637500 0.185938 0.184375 0.165625
2 0.387500 0.150781 0.143750 0.142187
1 0.506250 0.167187 0.106250 0.134375
1 0.745313 0.194531 0.112500 0.135937
1 0.666406 0.078125 0.185938 0.156250
2 0.856250 0.396875 0.215625 0.203125
1 0.996094 0.480469 0.007812 0.010937
1 0.974219 0.407813 0.051562 0.096875
1 0.938281 0.217188 0.123438 0.171875
2 0.997656 0.087500 0.004687 0.018750
2 0.943750 0.058594 0.096875 0.117188
5 0.810156 0.252344 0.107813 0.157812
1 0.744531 0.025781 0.129688 0.051562
1 0.637500 0.011719 0.068750 0.023438
2 0.035156 0.160938 0.070312 0.112500
4 0.180469 0.374219 0.104688 0.098437
1 0.175000 0.185938 0.128125 0.150000
1 0.093750 0.264844 0.187500 0.201563
1 0.084375 0.092188 0.093750 0.100000
2 0.152344 0.086719 0.089063 0.079687
1 0.253125 0.092969 0.143750 0.135937
1 0.350781 0.353906 0.051562 0.064062
1 0.306250 0.307031 0.153125 0.160938
1 0.314063 0.196094 0.103125 0.095312
1 0.319531 0.045312 0.151562 0.090625
1 0.425000 0.046094 0.121875 0.092188
1 0.510156 0.039844 0.110937 0.079687
1 0.219531 0.016406 0.085938 0.032813
1 0.144531 0.026562 0.092188 0.053125
3 0.000781 0.071875 0.001563 0.006250
1 0.053125 0.032813 0.106250 0.065625
1 0.995313 0.307812 0.009375 0.012500
