2 0.984375 0.998437 0.012500 0.003125
2 0.954688 0.939063 0.090625 0.121875
1 0.101562 0.997656 0.028125 0.004687
1 0.171094 0.982812 0.079687 0.034375
1 0.072656 0.935156 0.145313 0.129688
1 0.192969 0.812500 0.145313 0.193750
1 0.053906 0.671875 0.107813 0.162500
5 0.194531 0.640625 0.189062 0.184375
5 0.337500 0.863281 0.181250 0.189062
1 0.529687 0.991406 0.028125 0.017188
1 0.355469 0.981250 0.054688 0.037500
1 0.866406 0.946094 0.170313 0.107813
1 0.455469 0.924219 0.170313 0.151562
1 0.530469 0.866406 0.198437 0.198437
1 0.626563 0.932031 0.084375 0.054688
1 0.602344 0.993750 0.014063 0.012500
1 0.568750 0.987500 0.050000 0.025000
1 0.621094 0.972656 0.101562 0.054688
1 0.719531 0.957031 0.142187 0.085938
1 0.170313 0.510938 0.178125 0.115625
1 0.064844 0.483594 0.114062 0.135937
1 0.016406 0.481250 0.032813 0.103125
1 0.046094 0.373437 0.092188 0.150000
1 0.132031 0.382812 0.148438 0.162500
4 0.237500 0.404687 0.156250 0.146875
2 0.394531 0.314844 0.226562 0.210938
1 0.385937 0.168750 0.156250 0.109375
1 0.532031 0.240625 0.217188 0.196875
1 0.242969 0.285938 0.110937 0.143750
1 0.690625 0.139063 0.146875 0.156250
2 0.959375 0.000000 0.000000 0.000000
2 0.927344 0.001563 0.010937 0.003125
2 0.738281 0.014844 0.079687 0.029687
2 0.951562 0.047656 0.096875 0.095312
2 0.633594 0.095312 0.110937 0.146875
1 0.528906 0.071094 0.148438 0.142187
1 0.608594 0.021094 0.114062 0.042188
1 0.510938 0.006250 0.050000 0.012500
1 0.103906 0.189844 0.207813 0.248438
1 0.184375 0.114844 0.168750 0.192188
1 0.323437 0.060156 0.287500 0.120313
1 0.008594 0.083594 0.017188 0.060937
1 0.003125 0.045312 0.006250 0.015625
1 0.044531 0.028906 0.089063 0.057813
2 0.177344 0.004687 0.042188 0.009375
1 0.353125 0.735156 0.106250 0.104688
