7 0.389844 0.231250 0.070312 0.075000
2 0.368750 0.150781 0.103125 0.057813
2 0.445312 0.156250 0.043750 0.053125
7 0.595313 0.154688 0.075000 0.059375
7 0.650000 0.105469 0.034375 0.039062
6 0.682813 0.003906 0.015625 0.007812
6 0.654687 0.003906 0.018750 0.007812
6 0.638281 0.003906 0.010937 0.007812
6 0.624219 0.000781 0.007812 0.001563
6 0.608594 0.000781 0.007812 0.001563
7 0.148438 0.330469 0.046875 0.057813
7 0.125000 0.304688 0.031250 0.037500
7 0.113281 0.324219 0.039062 0.048438
2 0.172656 0.242969 0.023438 0.020313
2 0.215625 0.254688 0.062500 0.050000
1 0.090625 0.017969 0.050000 0.035937
7 0.750000 0.070312 0.040625 0.034375
7 0.779687 0.035937 0.065625 0.053125
2 0.515625 0.025781 0.053125 0.051562
1 0.005469 0.040625 0.010937 0.059375
2 0.442188 0.025781 0.043750 0.051562
2 0.457813 0.010156 0.040625 0.020313
2 0.376563 0.021094 0.106250 0.042188
1 0.300781 0.023438 0.067187 0.046875
1 0.203906 0.049219 0.148438 0.098437
1 0.139844 0.149219 0.148438 0.170313
